    X-Koord.     Y-Koord. Z-Koord.      Int.   Pulsb. W
4595559.4105 5437434.8774   0.0846 0.2676313 1.124182 3
4595559.4970 5437433.3979   0.0488 0.6704880 1.071713 0
4595559.5593 5437432.4386   0.1053 0.7611911 1.047937 0
4595559.6175 5437431.4517   0.0837 0.8796738 1.048270 0
4595559.7048 5437429.9684   0.1103 0.7663662 1.054301 0
4595559.7551 5437428.9270  -0.0070 0.6189662 1.092824 3
4595559.7837 5437428.4278   0.0042 0.1921524 1.027599 3
4595559.5573 5437434.3866  27.0437 0.0700416 1.053865 1
4595559.3520 5437433.0720  22.7540 0.0996188 1.251710 2
4595559.5857 5437433.9260  27.0605 0.0455091 1.069476 1
4595559.6147 5437432.8248  26.4902 0.0672027 1.010470 2
4595559.8808 5437433.9146  31.5200 0.1448969 1.165765 1
4595559.9702 5437431.2858  30.4415 0.0210830 0.706296 3
4595559.9697 5437429.3285  28.7622 0.0422973 1.327174 2
4595559.8365 5437427.7628  25.4158 0.0875037 1.107702 2
4595559.2079 5437431.1892  32.8571 0.0498731 1.597800 3
4595559.2926 5437431.1060  34.0330 0.0579969 1.430044 1
4595559.7365 5437427.4633   0.0136 0.0391111 1.137309 3
4595559.4000 5437429.6032   0.0588 0.0686400 1.218249 3
4595559.3314 5437430.0358   0.1166 0.1666283 1.033837 0
4595559.2648 5437430.4612   0.0963 0.0420069 1.012695 3
4595559.1973 5437430.8899   0.1239 0.0368018 0.995672 3
4595559.7667 5437427.1506  31.5824 0.0263538 0.924871 1
4595559.9071 5437426.8446  24.1866 0.0527693 1.066761 1
4595559.4715 5437431.1668  31.0656 0.0227077 1.026129 3
4595559.3511 5437431.7520  33.3402 0.0742148 1.087173 1
4595559.4671 5437431.3739  28.8419 0.0400676 1.436306 3
4595559.3499 5437431.9487  30.9972 0.0929329 1.123691 1
4595559.3854 5437431.8337  29.6111 0.0302491 1.566696 3
4595559.2538 5437432.4536  32.3517 0.0994623 1.375387 1
4595559.3154 5437432.2551  29.9314 0.0351385 1.116059 2
4595559.3512 5437432.1400  28.5281 0.0516922 1.214941 2
4595559.2782 5437432.7700  26.5104 0.0414366 1.023226 3
4595559.2420 5437433.0860  25.4659 0.0330488 1.311988 2
4595559.8756 5437431.0847   0.0903 0.0613890 1.044447 3
4595559.2438 5437433.2837  22.8820 0.0883886 1.349727 1
4595559.8094 5437431.5087   0.0701 0.2531577 1.039003 3
4595559.2175 5437433.5710  21.4043 0.0578341 1.092566 2
4595559.6089 5437432.7872   0.1211 0.1823689 1.059770 3
4595559.5437 5437433.2082   0.0790 0.3896412 1.042094 3
4595559.9444 5437430.7957  32.3207 0.1248362 1.078808 1
4595559.9660 5437430.7254  31.5076 0.0667385 1.190576 3
4595559.9138 5437431.0891  31.1594 0.1652508 1.271623 1
4595559.9413 5437431.0000  30.1156 0.0278509 1.346349 3
4595559.5276 5437433.5052  31.8761 0.1231234 1.052715 0
4595559.5237 5437433.9260  27.1448 0.0662365 1.113866 1
4595559.6404 5437433.5677  22.5106 0.0695629 1.029047 2
4595559.6613 5437433.5036  21.6819 0.0704008 1.272919 2
4595559.5950 5437433.9169  21.8074 0.0566617 1.370134 1
4595559.4788 5437434.4814  23.9428 0.0559353 0.982610 1
4595559.5079 5437434.3935  22.7751 0.0759031 1.773837 2
4595559.4179 5437434.8772  23.8796 0.0463942 2.291655 1
4595559.8729 5437433.9607   0.0580 0.7014804 1.066540 0
4595559.5251 5437432.8573   0.1636 0.0675931 0.942568 3
4595559.5668 5437431.4485   0.1406 0.1040770 1.029257 3
4595559.5802 5437430.9816   0.1403 0.0838976 0.950521 3
4595559.5920 5437430.5180   0.1105 0.1989640 1.073247 3
4595559.6168 5437429.5894   0.1060 0.7196284 1.042376 0
4595559.6268 5437429.1327   0.0654 0.6283837 1.080864 0
4595559.6369 5437428.6746   0.0252 0.5847039 1.058880 0
4595559.6509 5437428.2070   0.0418 0.5058738 1.047437 0
4595559.6669 5437427.7323   0.0856 0.4923057 1.069384 0
4595559.9366 5437434.5782  28.6719 0.1034894 1.408014 1
4595559.9467 5437434.1467  28.6154 0.0798471 1.391987 1
4595559.9774 5437433.6495  28.9209 0.0567427 1.080034 1
4595559.9442 5437432.1550  27.3704 0.0458524 0.921982 3
4595559.8998 5437429.4767  25.0323 0.0754023 2.296407 3
4595559.8657 5437428.3658  23.8037 0.0522547 1.164924 2
4595559.9745 5437427.2409  25.2789 0.0355719 1.447932 2
4595559.8697 5437427.5446  23.4211 0.0402944 1.233538 2
4595559.8963 5437427.0628  23.6678 0.0806781 1.972231 2
4595559.6143 5437434.9315  29.6871 0.0598758 1.329429 1
4595559.5692 5437434.6778  28.6619 0.1025283 1.607748 1
4595559.6101 5437434.1460  29.1487 0.0801064 1.073594 1
4595559.2784 5437434.8037  23.1085 0.0619431 1.256576 1
4595559.8849 5437432.4762  33.4844 0.1301691 1.118434 0
4595559.8706 5437432.1266  33.0006 0.0915990 1.172153 1
4595559.5922 5437433.0036  28.1381 0.0347896 1.151673 2
4595559.9139 5437431.5945  33.5202 0.0394149 1.265156 1
4595559.8498 5437431.7952  32.4025 0.0473978 1.056069 2
4595559.7645 5437432.0625  30.9123 0.0284343 1.124988 2
4595559.6422 5437432.4456  28.7729 0.0401562 1.330484 3
4595559.9004 5437431.2418  33.0587 0.0878175 0.971889 1
4595559.8519 5437431.3927  32.2085 0.0556779 1.766335 2
4595559.7726 5437431.6398  30.8208 0.0461115 1.636031 3
4595559.9254 5437430.3722  33.0602 0.1391074 1.063442 0
4595559.9409 5437429.9290  33.1371 0.1258707 1.078518 0
4595559.9692 5437429.4468  33.4442 0.0492487 1.182330 1
4595559.7950 5437429.9772  30.3495 0.0080028 0.601680 2
4595559.7589 5437430.0873  29.7081 0.0546145 1.404953 3
4595559.9852 5437429.0035  33.5328 0.1084008 1.488111 1
4595559.8266 5437429.4835  30.7109 0.0489493 1.369589 3
4595559.7582 5437428.8905  29.0931 0.0790617 1.162159 0
4595559.8219 5437428.3013  30.0187 0.0540778 1.192863 1
4595559.6120 5437428.5222  26.0836 0.0503804 1.099480 1
4595559.5302 5437428.7640  24.6255 0.0455910 1.098680 2
4595559.2280 5437429.2469  19.0471 0.0565314 1.147826 1
4595559.6095 5437427.7231  25.5927 0.0755324 1.088932 1
4595559.4953 5437428.0566  23.5729 0.0256155 1.022290 2
4595559.4604 5437427.7514  22.7299 0.0360236 1.181911 2
4595559.2068 5437433.4037  31.7000 0.0569070 1.531104 1
4595559.1972 5437433.0362  31.3011 0.0798113 1.120794 1
4595559.3205 5437431.8553  32.9862 0.1224493 1.093157 1
4595559.3314 5437431.4242  32.9564 0.0512625 1.388979 1
4595559.2073 5437431.8087  30.7992 0.1023196 1.077902 3
4595559.3449 5437430.9859  32.9828 0.1016923 1.214406 1
4595559.2479 5437431.2848  31.2905 0.0503864 1.228380 2
4595559.3730 5437430.5033  33.2620 0.1441659 1.238657 1
4595559.2614 5437430.8448  31.3187 0.0643927 1.753024 3
4595559.3993 5437430.0272  33.5218 0.1226673 1.385294 0
4595559.3812 5437429.6852  33.0024 0.0250337 1.100446 1
4595559.3128 5437429.8922  31.8047 0.1666786 1.769950 3
4595559.3261 5437429.4540  31.8358 0.0897649 1.304254 1
4595559.4192 5437428.7774  33.2770 0.0941388 1.029816 0
4595559.3072 5437428.7139  31.1091 0.0247037 1.074906 2
4595564.3583 5437431.4366   0.2763 0.0473858 1.184343 3
4595564.3975 5437431.0197   0.4089 0.1732341 1.056627 0
4595564.4224 5437430.5030   0.1655 0.1729034 1.049227 3
4595564.4704 5437429.4532   0.0682 0.1746575 1.083896 3
4595564.4951 5437428.9327   0.0497 0.0993480 1.169131 3
4595563.4055 5437433.1751   0.1202 0.3114300 1.043946 3
4595563.4417 5437432.7355   0.2840 0.1330497 1.043661 3
4595563.4728 5437432.2615   0.2695 0.4237356 1.054908 3
4595563.5100 5437431.8295   0.3507 0.1148225 1.027624 3
4595563.6321 5437429.2231  -0.0583 0.3719077 1.059603 3
4595563.6871 5437428.2211  -0.0234 0.1123700 0.997616 3
4595563.7141 5437427.7140  -0.0360 0.2411407 1.108732 3
4595562.5055 5437434.1349   0.0204 0.2735369 1.021369 0
4595562.5365 5437433.6595   0.0556 0.0837899 1.101907 3
4595562.5718 5437433.2121   0.1522 0.4760058 1.124816 3
4595562.6075 5437432.7677   0.2420 0.3338020 1.062814 3
4595562.6436 5437432.3261   0.3229 0.1546835 1.070269 3
4595562.6778 5437431.8716   0.3210 0.1699106 1.061487 3
4595562.7105 5437431.4075   0.3239 0.1991939 1.037893 3
4595562.7568 5437430.3489   0.2236 0.0736184 1.063609 3
4595562.7719 5437429.7646   0.0417 0.0689928 1.125519 3
4595562.7954 5437429.2343   0.0052 0.0544787 0.988938 3
4595562.8230 5437428.7330   0.0284 0.2504320 1.043137 3
4595562.8506 5437428.2313   0.0400 0.1742742 1.054071 3
4595562.8774 5437427.7231   0.0225 0.2300511 1.076709 3
4595562.9035 5437427.2094  -0.0268 0.0897628 1.104381 3
4595564.2128 5437431.7900  25.5925 0.0359887 1.068934 2
4595564.1893 5437430.9510  24.1949 0.0732279 1.019457 1
4595564.0360 5437429.8311  20.6116 0.0652549 1.413555 2
4595564.2936 5437431.0457  26.0361 0.0580699 0.935127 2
4595564.2206 5437429.8388  23.6292 0.0836705 1.504208 1
4595564.1260 5437428.4629  20.9589 0.0674815 1.087016 1
4595564.4551 5437430.2382  27.7898 0.0634475 1.132056 1
4595564.4009 5437429.8338  26.5649 0.0794812 1.245337 2
4595564.4936 5437429.8570  28.0969 0.0629269 1.321565 1
4595564.5163 5437428.6838  27.5029 0.1578218 1.413841 1
4595561.7387 5437434.9519   0.0861 0.0474433 1.038600 3
4595561.7694 5437434.4717   0.1018 0.2439743 1.051260 3
4595561.8004 5437433.9944   0.1058 0.3706200 1.054109 3
4595561.8285 5437433.4999   0.0491 0.2901789 1.070127 3
4595561.8645 5437433.0551   0.1684 0.2372819 1.081318 3
4595561.8998 5437432.6054   0.2665 0.5161053 1.064489 0
4595561.9312 5437432.1295   0.2046 0.2457656 1.090149 3
4595561.9653 5437431.6720   0.1878 0.4268376 1.079034 3
4595562.0366 5437430.0919   0.0184 0.3777870 1.065138 3
4595562.0607 5437429.5671   0.0067 0.3818137 1.058807 3
4595562.0885 5437429.0657   0.0355 0.3371307 1.039243 3
4595562.1180 5437428.5753   0.0956 0.2846479 1.092414 3
4595562.1423 5437428.0481   0.0186 0.2398920 1.091297 3
4595562.7635 5437431.6339  12.9101 0.0498515 1.422284 1
4595562.1706 5437427.5491   0.0265 0.3511422 1.052480 3
4595562.1959 5437427.0275  -0.0549 0.0580096 1.016651 3
4595562.2245 5437426.5288  -0.0670 0.0609136 1.089116 3
4595562.2550 5437426.0451  -0.0212 0.1011058 1.046620 3
4595563.2983 5437432.6819  22.8762 0.0232597 0.801893 2
4595563.5728 5437432.6394  27.3008 0.0545711 1.043774 1
4595563.3989 5437431.3976  22.9809 0.0403400 1.004770 2
4595563.5273 5437431.6501  25.3676 0.0640025 1.176440 1
4595563.4616 5437431.1790  23.7670 0.0841414 1.168938 2
4595563.4139 5437430.8361  22.6359 0.0347619 1.041529 2
4595563.7171 5437432.3536  29.3407 0.0862817 1.090881 1
4595563.4478 5437430.4104  22.7643 0.0731172 1.202366 2
4595563.7902 5437432.2223  30.3765 0.0509067 1.171478 1
4595563.7345 5437431.8184  28.9760 0.0294548 0.971558 2
4595563.5945 5437430.8029  25.5229 0.0664439 1.128867 2
4595563.4198 5437429.5363  21.7310 0.0424229 1.031478 3
4595563.7541 5437431.2983  28.6848 0.0681508 1.111589 1
4595563.7784 5437430.8109  28.5297 0.1415377 1.619786 0
4595563.8697 5437430.8184  30.0283 0.0741092 1.205559 1
4595563.9178 5437430.5082  30.4521 0.0467812 1.248719 1
4595563.7917 5437428.9048  27.1747 0.0593574 1.139349 1
4595563.8134 5437428.3929  27.0888 0.1679289 1.349118 1
4595560.9902 5437435.3489   0.0706 0.0470558 1.096899 3
4595561.0206 5437434.8673   0.0966 0.0896430 1.037427 3
4595561.0485 5437434.3696   0.0598 0.1964865 1.110387 3
4595561.0798 5437433.8937   0.0800 0.4534900 1.114744 3
4595561.1077 5437433.3964   0.0248 0.4163748 1.043729 3
4595561.1388 5437432.9169   0.0507 0.6072634 1.247577 0
4595561.1700 5437432.4395   0.0723 0.5870577 1.047532 0
4595561.2039 5437431.9788   0.0855 0.4781654 1.069338 3
4595561.2608 5437431.6686   0.6273 0.3254552 1.230597 0
4595561.3533 5437431.5932   1.9941 0.2357051 1.180354 0
4595561.4320 5437431.4306   3.0613 0.1849093 1.200517 1
4595561.2948 5437430.5267   0.1359 0.0920814 1.100705 3
4595561.3154 5437429.9786   0.0347 0.5625812 1.065060 0
4595561.3417 5437429.4668   0.0547 0.5151327 1.074955 0
4595561.3663 5437428.9431   0.0067 0.6363917 1.059457 0
4595561.3942 5437428.4396   0.0234 0.5690747 1.069450 0
4595561.9636 5437431.5985  11.5798 0.0574663 1.068893 1
4595561.4502 5437427.4352   0.0029 0.2627574 1.036981 3
4595562.1578 5437431.5757  14.6009 0.1209954 1.172048 1
4595562.5160 5437433.3645  22.3289 0.0864152 1.078556 1
4595561.5095 5437426.4514   0.0435 0.0567854 1.073494 3
4595562.5664 5437433.0517  22.7883 0.1006926 1.611416 3
4595562.7216 5437433.4654  25.7259 0.0991892 1.097537 1
4595562.5295 5437432.1320  21.1294 0.0421761 1.345838 3
4595562.7326 5437432.8833  25.2717 0.1283291 1.110068 1
4595562.6963 5437432.6302  24.4131 0.0467960 1.164043 2
4595562.6262 5437432.1412  22.7004 0.0452782 1.387722 2
4595562.4292 5437430.7673  18.2297 0.0512568 1.109437 3
4595562.9050 5437433.4314  28.6213 0.0859752 1.322241 1
4595562.7342 5437432.2340  24.5557 0.0737465 1.890744 3
4595562.8945 5437432.7016  27.6806 0.1570500 1.349458 0
4595563.0601 5437433.2136  30.8747 0.0452567 1.210680 1
4595562.9187 5437432.2123  27.5032 0.0725620 1.244812 2
4595563.0799 5437432.6986  30.6613 0.1426228 0.983424 0
4595563.0302 5437431.6870  28.6543 0.1076134 2.460069 1
4595563.1009 5437431.5339  29.6052 0.1497859 1.436416 0
4595563.2070 5437431.6374  31.4415 0.0303367 0.986111 1
4595563.1785 5437431.4319  30.7485 0.1206946 1.832316 3
4595563.1991 5437430.9213  30.5861 0.1194882 1.252514 0
4595563.2486 5437430.6190  31.0772 0.0905379 1.170803 0
4595563.2688 5437430.1047  31.0132 0.1116321 1.266891 1
4595563.1967 5437428.9081  28.9630 0.1157306 1.689060 1
4595563.2547 5437428.6682  29.6801 0.1724109 1.724135 1
4595560.1762 5437435.1778   0.1185 0.2533751 1.065522 0
4595560.3485 5437432.2193  -0.0044 0.6405612 1.022198 0
4595560.3803 5437431.7443   0.0284 0.6332788 1.062554 0
4595560.4118 5437431.2675   0.0631 0.5854886 1.050610 0
4595560.4414 5437430.7786   0.0656 0.6710307 1.039852 0
4595560.4678 5437430.2680   0.0198 0.6862782 1.030524 0
4595561.6372 5437433.9484  21.8752 0.0476894 1.129723 1
4595561.3687 5437432.1554  15.8597 0.0586903 1.083686 2
4595561.2664 5437431.4718  13.4926 0.1466664 1.132287 3
4595561.6709 5437433.5181  21.9642 0.1193877 1.336106 1
4595561.3636 5437431.4547  14.9807 0.1018206 2.247123 2
4595561.3514 5437431.3731  14.7245 0.0345754 0.780258 3
4595561.8874 5437434.3216  26.1580 0.0529149 0.960511 1
4595561.8470 5437434.0491  25.2540 0.0579167 1.021801 2
4595561.4989 5437431.7000  17.3494 0.1510429 1.145111 3
4595562.0422 5437434.7193  28.9675 0.0422998 1.356148 1
4595561.9091 5437433.8163  25.9902 0.0413019 1.103874 2
4595561.8657 5437433.5219  25.0162 0.0952236 1.799923 3
4595562.0711 5437434.2672  28.9703 0.1469571 1.153015 0
4595562.1004 5437433.8172  28.9812 0.0949596 1.063051 1
4595561.9359 5437432.6896  25.2642 0.0245033 1.055766 3
4595562.1395 5437433.4342  29.2086 0.0537122 1.098291 1
4595561.9529 5437432.1493  24.9131 0.0649409 2.211135 3
4595562.2008 5437433.2057  29.9244 0.0555817 1.289218 1
4595562.1481 5437432.8413  28.7189 0.0557565 1.259941 2
4595562.2719 5437433.0473  30.8637 0.1163321 1.218278 0
4595562.3684 5437433.0699  32.3925 0.0909304 1.023163 1
4595562.1768 5437431.7297  27.8731 0.0313790 1.260539 3
4595562.3717 5437432.4417  31.7539 0.1187533 1.155838 1
4595562.2706 5437431.7312  29.3276 0.0259760 0.805113 2
4595562.2274 5437431.4272  28.3247 0.0461571 1.444787 3
4595562.3856 5437431.8857  31.2939 0.0461391 1.089779 1
4595562.3301 5437431.4939  29.9634 0.1620454 2.392760 2
4595562.2814 5437431.1498  28.9557 0.0225403 1.038288 3
4595562.4632 5437431.7815  32.3691 0.1278820 1.196460 1
4595562.3921 5437431.2761  30.7629 0.0599679 2.023920 3
4595562.4841 5437431.2766  32.1898 0.0542118 0.973777 1
4595562.4427 5437430.9807  31.3334 0.0447534 1.182868 2
4595562.3369 5437430.2260  29.1395 0.0461477 1.118285 2
4595562.3847 5437429.9054  29.6497 0.0839863 1.138611 1
4595562.3385 5437429.5740  28.6877 0.0505438 1.179153 2
4595562.0586 5437426.8927  22.0178 0.0655543 1.121323 1
4595562.5511 5437429.7831  32.1544 0.0361087 1.308372 3
4595561.3307 5437433.3311  28.3838 0.0692334 1.764654 3
4595561.4042 5437433.1782  29.3724 0.0853745 1.358774 2
4595561.3383 5437432.7301  27.9265 0.0545114 1.353134 2
4595561.2641 5437432.2262  26.2504 0.0792779 1.434066 3
4595561.5035 5437433.2054  30.9310 0.1045449 1.209630 1
4595561.1635 5437430.8838  23.3664 0.0830471 0.997632 3
4595561.5664 5437432.9854  31.6873 0.0403934 1.046760 1
4595561.4594 5437432.2509  29.2864 0.0127640 1.110145 2
4595561.2443 5437430.7749  24.5131 0.0739067 1.242442 3
4595561.6429 5437432.8639  32.7450 0.1563365 1.395496 0
4595561.6363 5437432.1668  31.8956 0.0475229 1.323244 1
4595561.5105 5437431.2946  29.0201 0.0399555 1.003448 2
4595561.4202 5437430.6683  27.1256 0.1324603 2.328586 3
4595561.5493 5437430.9078  29.3010 0.0727584 1.098094 0
4595561.7439 5437431.6121  32.8796 0.1697552 1.225481 1
4595561.5577 5437430.3083  28.9592 0.0620057 2.019739 3
4595561.7743 5437431.1728  32.9543 0.0677206 1.028378 1
4595561.6807 5437430.5144  31.0023 0.0828220 1.034946 2
4595561.6571 5437430.3481  30.5161 0.0185534 1.002000 2
4595561.6325 5437430.1746  30.0093 0.0467355 1.736114 3
4595561.7393 5437430.2716  31.7218 0.1032658 2.001103 1
4595561.7840 5437429.9297  32.1569 0.0498211 1.070770 1
4595561.7088 5437429.3955  30.6000 0.0770742 1.749205 2
4595561.7910 5437429.3205  31.8016 0.0795271 1.360943 1
4595561.7516 5437429.0391  30.9656 0.0740533 1.015156 2
4595561.8432 5437429.0342  32.3710 0.0511271 1.072992 1
4595561.7757 5437428.5493  30.9354 0.0828121 1.707595 2
4595561.7844 5437427.9481  30.5438 0.1006367 1.123156 1
4595560.1174 5437434.6649  22.1104 0.0649581 1.128597 1
4595560.3845 5437435.0950  26.6219 0.0621168 1.274561 1
4595560.1754 5437433.7373  22.1402 0.0684040 0.926685 2
4595560.2096 5437433.3089  22.2636 0.1204804 1.097227 1
4595560.5101 5437434.6256  28.1235 0.0902683 1.355832 1
4595560.4572 5437434.2791  26.9869 0.0736535 1.098555 2
4595560.5892 5437434.4997  29.2225 0.0371538 1.060062 1
4595560.5530 5437434.2610  28.4412 0.0666875 1.132036 2
4595560.4853 5437433.8147  26.9826 0.0450461 1.278401 2
4595560.5868 5437433.8387  28.5594 0.0973351 1.159039 1
4595560.5516 5437433.6056  27.8009 0.0498997 1.437258 2
4595560.2632 5437431.6940  21.5405 0.0509901 1.556410 3
4595560.7254 5437434.1134  30.9453 0.1001608 1.197100 1
4595560.5654 5437433.0472  27.4777 0.0369113 1.090421 2
4595560.3468 5437431.5916  22.7243 0.1047468 1.265448 3
4595560.6917 5437433.2417  29.5959 0.0316301 0.990329 1
4595560.6033 5437432.6498  27.6768 0.1095793 1.101120 2
4595560.4713 5437431.7664  24.8007 0.0572763 1.740088 3
4595560.8292 5437433.5174  31.9610 0.0261472 0.894591 1
4595560.7792 5437433.1809  30.8752 0.0362033 1.531672 2
4595560.5023 5437431.3181  24.8474 0.0459714 0.979157 3
4595560.8802 5437433.2156  32.4528 0.0366353 1.327249 1
4595560.8418 5437432.9558  31.6174 0.1523445 2.319941 2
4595560.7701 5437432.4714  30.0572 0.0388528 1.822076 3
4595560.9214 5437432.8488  32.7342 0.0518413 0.991807 1
4595560.8554 5437432.3997  31.2863 0.0385319 1.128473 3
4595560.8013 5437431.3799  29.4245 0.0294431 0.805727 1
4595560.7747 5437431.1983  28.8600 0.0565275 1.076624 2
4595560.6164 5437430.1175  25.5146 0.0225433 0.910702 3
4595560.9570 5437431.7947  32.1971 0.0490035 1.000410 1
4595560.7730 5437430.5313  28.2371 0.0676700 2.073490 2
4595560.6932 5437429.9839  26.5795 0.0747350 1.091183 3
4595561.0328 5437431.6668  33.2094 0.1765613 1.077553 0
4595561.0846 5437431.3751  33.7054 0.0610471 1.057438 1
4595561.0116 5437430.8684  32.1626 0.1257519 1.701923 3
4595561.0625 5437430.5693  32.6799 0.0805625 1.166100 0
4595561.1003 5437430.1792  32.9495 0.1397724 1.415687 1
4595560.9937 5437429.4329  30.7404 0.0743322 1.224846 2
4595561.1519 5437429.8872  33.5148 0.0432544 0.924155 1
4595561.1850 5437428.8088  33.1630 0.2130360 1.129544 1
4595561.1329 5437428.4381  32.0553 0.0474741 1.699758 3
4595560.9217 5437426.2690  26.8766 0.0498591 1.160963 1
4595560.0062 5437432.8176  32.4042 0.0448742 1.189046 1
4595560.0242 5437432.2938  32.1863 0.0913798 1.115656 0
4595560.0054 5437431.5219  31.1845 0.1461877 1.631732 1
4595560.0861 5437431.4174  32.3060 0.0759322 0.890864 0
4595560.0091 5437430.2502  30.1177 0.0503180 0.921670 1
4595560.0738 5437430.0361  30.9130 0.1093088 1.208130 1
4595560.1272 5437429.7488  31.4808 0.0481389 0.984702 1
4595560.2730 5437430.0976  33.9606 0.1285287 1.119621 0
4595560.3060 5437429.6766  34.1151 0.2294173 1.603464 0
4595560.3085 5437429.0428  33.6345 0.0832424 1.117868 1
4595560.2594 5437426.4521  27.2805 0.1030009 1.095571 1
4595560.3340 5437426.1929  24.5986 0.0323398 1.156291 2
4595560.2052 5437426.8221  26.9770 0.0727063 1.141230 1
4595560.2426 5437426.6928  25.6252 0.0262820 1.023664 2
4595560.2782 5437426.5698  24.3380 0.0352310 1.157925 2
4595560.1759 5437427.1069  25.7646 0.1101919 1.125452 1
4595560.1959 5437427.0382  25.0386 0.0319778 1.079629 2
4595560.2262 5437426.9339  23.9355 0.0298187 1.065433 2
4595560.7490 5437425.5269   0.0342 0.0357728 1.019584 3
4595560.6820 5437425.9542   0.0342 0.0818174 0.999358 3
4595560.0751 5437429.8093   0.1522 0.0453100 1.028744 3
4595560.0089 5437430.2334   0.1064 0.0766790 1.060283 3
4595560.7755 5437425.9364  27.0117 0.1022799 1.090104 1
4595560.7288 5437426.2815  26.4545 0.0527701 1.619062 1
4595560.7895 5437426.0732  24.3051 0.0291819 1.100561 2
4595560.6477 5437426.7451  27.1109 0.1134592 1.450988 1
4595560.4940 5437427.4537  30.3733 0.0356458 1.416716 1
4595560.6077 5437427.0676  26.3079 0.1050740 1.669702 2
4595560.4412 5437427.8191  30.0444 0.0885987 1.276479 1
4595560.6060 5437427.2623  24.1122 0.0604430 0.981840 2
4595560.3236 5437428.4018  32.0599 0.0392115 1.395677 1
4595560.3976 5437428.1530  29.3779 0.0363462 1.284671 2
4595560.2169 5437428.9464  33.6780 0.0455170 1.083387 1
4595560.2529 5437428.8261  32.3735 0.0898213 1.297440 2
4595560.3405 5437428.5334  29.2003 0.0371434 1.619188 3
4595560.1508 5437429.3541  33.8338 0.1842518 1.282513 0
4595560.0995 5437429.7133  33.4425 0.1377397 1.197349 1
4595560.1770 5437429.4571  30.5984 0.0509135 1.121238 3
4595560.0999 5437429.9024  31.1392 0.0472961 0.985673 1
4595560.1306 5437429.8013  30.0046 0.0934061 1.258313 2
4595560.1566 5437429.7159  29.0455 0.0473603 2.008328 3
4595560.0351 5437430.3069  31.2329 0.0600429 1.054904 0
4595560.2692 5437431.4153   0.0881 0.0898834 1.139376 3
4595560.2047 5437431.8351   0.0282 0.1290209 0.996660 3
4595560.1376 5437432.2623   0.0658 0.4564727 1.041138 3
4595560.0712 5437432.6878   0.0778 0.1895258 1.085507 3
4595560.0040 5437433.1155   0.1191 0.1335270 1.071467 3
4595561.1856 5437426.1959  26.8175 0.1433158 1.850212 1
4595561.1366 5437426.5504  26.3487 0.1340316 1.958342 1
4595561.0539 5437427.0176  27.0533 0.0594120 0.969847 1
4595561.0800 5437426.9304  26.1390 0.0828538 1.191914 2
4595560.8216 5437427.9826  33.0513 0.0668335 1.092161 1
4595560.8749 5437427.8049  31.1672 0.0540315 1.159519 2
4595560.7542 5437428.3952  33.2646 0.1617934 1.421804 1
4595560.8232 5437428.1665  30.8116 0.0439050 1.072377 3
4595560.6844 5437428.8151  33.5473 0.1691311 1.213889 0
4595560.6374 5437429.1606  33.0060 0.0987489 1.566094 1
4595560.7014 5437428.9509  30.7183 0.1107254 1.146620 3
4595560.5735 5437429.5610  33.0743 0.0815480 1.134776 1
4595560.5928 5437429.4982  32.3822 0.0486040 1.109386 3
4595560.5073 5437429.9694  33.2167 0.1276404 1.502318 0
4595560.4594 5437430.3184  32.7022 0.0405655 1.020878 1
4595560.5274 5437430.0991  30.2234 0.0668433 1.191857 2
4595560.5994 5437429.8673  27.6044 0.0286816 1.215967 3
4595560.3933 5437430.7256  32.8751 0.0861434 1.011293 1
4595560.4815 5437430.4430  29.6186 0.0777652 1.586198 3
4595560.3643 5437431.0155  31.6839 0.0624632 1.210119 1
4595560.4092 5437430.8726  30.0152 0.0815210 1.370052 3
4595560.2883 5437431.4547  32.2432 0.1785979 1.347212 0
4595560.2095 5437431.9026  32.9174 0.0608112 1.242930 1
4595560.2684 5437431.7171  30.6945 0.0545131 1.058339 2
4595560.3176 5437431.5623  28.8388 0.0365780 1.075442 3
4595560.1694 5437432.2282  32.1387 0.0377831 1.022424 1
4595560.1879 5437432.1701  31.4344 0.0401716 1.103145 2
4595560.2473 5437431.9845  29.1833 0.0504010 1.935198 3
4595560.1108 5437432.6124  32.0494 0.0895129 1.053164 1
4595560.1915 5437432.3617  28.9731 0.0561036 1.369609 2
4595560.2276 5437432.2494  27.5955 0.0334750 1.609955 3
4595560.1563 5437432.6756  27.9633 0.0325986 1.069772 1
4595560.1862 5437432.5835  26.8192 0.0557442 1.323166 2
4595560.3192 5437432.1729  21.7151 0.0549424 1.210528 2
4595560.8838 5437430.4305   0.0369 0.1428982 1.030995 3
4595560.0358 5437433.2521  30.2371 0.0781251 1.015448 1
4595560.0594 5437433.1798  29.3273 0.0505493 1.310474 3
4595560.0538 5437433.4042  27.1592 0.0916719 1.105785 1
4595560.7518 5437431.2789  -0.0025 0.3268304 1.062471 3
4595560.1104 5437433.4426  22.5435 0.0910486 1.125231 1
4595560.6865 5437431.7004  -0.0125 0.5036639 1.048384 3
4595560.6201 5437432.1256   0.0322 0.7185107 1.063752 0
4595560.5534 5437432.5522   0.0739 0.4588066 1.061762 3
4595560.4879 5437432.9752   0.0611 0.4924200 1.047281 0
4595560.4203 5437433.4039   0.1235 0.4530116 1.052524 0
4595560.3550 5437433.8260   0.0864 0.5475253 1.077765 0
4595560.2895 5437434.2485   0.0607 0.5727633 1.119698 0
4595560.2233 5437434.6735   0.0466 0.6907766 1.082407 0
4595560.1556 5437435.1023   0.1060 0.6223538 1.087008 0
4595561.5281 5437426.2666  26.4991 0.1229797 1.156602 1
4595561.4623 5437426.6771  26.6236 0.0527843 1.581992 1
4595561.1508 5437428.0926  33.1580 0.1354568 1.181852 1
4595561.1896 5437427.9644  31.7963 0.0533588 1.431437 2
4595561.0790 5437428.5196  33.5217 0.1237517 1.338558 0
4595561.0318 5437428.8656  32.9938 0.0888860 2.008067 1
4595561.0519 5437428.7998  32.2839 0.0188011 0.895973 2
4595561.0985 5437428.6475  30.6389 0.0432426 1.229560 2
4595560.9397 5437429.3575  34.0569 0.0269683 1.183891 1
4595560.9795 5437429.2282  32.6445 0.0491899 1.162987 2
4595561.0010 5437429.1585  31.8823 0.0466244 1.082255 2
4595561.8941 5437426.2550  -0.0057 0.0460407 1.050731 3
4595560.9010 5437429.6765  33.2152 0.0659571 1.010867 1
4595560.9191 5437429.6181  32.5715 0.1168331 1.906497 3
4595560.8415 5437430.0626  33.1139 0.1852579 1.170430 1
4595560.9465 5437429.7252  29.3495 0.0146311 0.762840 3
4595560.7873 5437430.4323  32.8220 0.0572270 1.064901 1
4595560.8146 5437430.3449  31.8337 0.0673890 1.559148 3
4595560.7492 5437430.7507  31.9673 0.0730099 1.072921 1
4595560.8108 5437430.5548  29.7037 0.0226295 1.086611 2
4595560.8324 5437430.4862  28.9130 0.0622974 1.556890 3
4595560.6642 5437431.2184  32.8454 0.1027825 1.054865 1
4595560.7555 5437430.9302  29.4662 0.0360667 1.406185 2
4595560.8849 5437430.5217  24.6899 0.0459780 1.402000 3
4595560.5841 5437431.6699  33.5790 0.2090166 1.123235 0
4595560.5460 5437431.9888  32.7533 0.1191319 1.094575 1
4595560.6389 5437431.6992  29.2510 0.0566419 1.588146 3
4595560.4899 5437432.3651  32.5911 0.0475305 1.069480 1
4595560.5694 5437432.1186  29.5839 0.0482463 1.243762 2
4595560.6234 5437431.9513  27.5379 0.0451673 1.210116 3
4595560.5529 5437432.3748  27.8920 0.0494988 2.094603 1
4595560.5664 5437432.3335  27.3818 0.0187395 0.813375 2
4595560.6733 5437432.0043  23.3058 0.0665977 1.030544 3
4595560.4967 5437432.7539  27.7009 0.0873784 1.518701 0
4595560.5738 5437432.7288  22.3759 0.2152731 1.300631 0
4595560.3670 5437433.5657  27.9468 0.0509364 1.062198 1
4595560.5167 5437433.1139  22.1734 0.0547409 1.289269 2
4595561.0876 5437431.3909  -0.0045 0.1649911 1.084639 3
4595560.2724 5437434.0606  29.2167 0.1105945 1.078386 1
4595560.3341 5437433.8756  26.8277 0.0367380 1.039873 2
4595561.0206 5437431.8182   0.0798 0.0451974 1.027939 3
4595560.9558 5437432.2384   0.0872 0.5911585 1.059384 0
4595560.1321 5437434.9011  29.8766 0.0821831 1.315119 1
4595560.8914 5437432.6579   0.0559 0.2460371 1.067156 3
4595560.8257 5437433.0811   0.0460 0.6792263 1.125324 0
4595560.7604 5437433.5030   0.0273 0.9270626 1.023373 0
4595560.6934 5437433.9300   0.0689 0.6600749 1.082695 0
4595560.6274 5437434.3547   0.0653 0.7295491 1.061084 0
4595560.5613 5437434.7789   0.0637 0.4987404 1.076583 0
4595560.4948 5437435.2049   0.0635 0.6304076 1.049764 0
4595561.6915 5437427.3079  30.1817 0.0535423 1.134595 1
4595561.8070 5437426.9271  26.1834 0.0352493 1.073550 2
4595561.5818 5437427.8609  31.8479 0.0707533 1.164108 1
4595561.6221 5437427.7289  30.4487 0.0481978 1.319967 2
4595561.4864 5437428.3656  33.0404 0.0620435 1.359071 1
4595561.5237 5437428.2438  31.7354 0.0682693 1.061473 2
4595561.5465 5437428.1694  30.9381 0.0404513 1.090591 2
4595561.4324 5437428.7349  32.7643 0.1616344 1.301281 1
4595561.4858 5437428.5615  30.9018 0.0439954 1.370304 2
4595561.3477 5437429.2035  33.5477 0.1497291 1.283788 1
4595561.4000 5437429.0349  31.7147 0.0369655 1.090011 3
4595561.3057 5437429.5344  32.8413 0.0503741 1.392433 1
4595561.3588 5437429.3641  30.9703 0.0897295 1.188750 2
4595562.2316 5437426.5647  -0.0095 0.1115002 1.075097 3
4595561.2542 5437429.8957  32.4453 0.0384102 1.148350 1
4595561.3099 5437429.7181  30.4785 0.0931177 2.142176 3
4595561.2081 5437430.2406  31.8544 0.1739595 2.059937 0
4595561.1996 5437430.4679  29.9161 0.1009803 1.140577 0
4595561.1715 5437430.7584  28.6743 0.0590211 1.059704 1
4595561.2833 5437430.4082  24.6249 0.0890060 1.104810 3
4595561.0012 5437431.4929  32.6448 0.0412449 1.020651 1
4595561.2718 5437430.6504  22.7377 0.0597321 2.037337 2
4595561.3139 5437430.5193  21.2015 0.0770067 1.023646 3
4595560.9590 5437431.8263  32.0143 0.0228737 0.917304 1
4595561.0166 5437431.6481  29.8526 0.0687234 0.932766 2
4595561.0343 5437431.5935  29.1898 0.0471284 1.268600 3
4595560.8919 5437432.2374  32.3007 0.0673255 1.018973 1
4595560.9140 5437432.1695  31.4709 0.0734486 1.500832 3
4595560.8335 5437432.6219  32.2462 0.0932768 0.977527 0
4595560.8370 5437432.8187  29.8259 0.1188688 1.058278 1
4595560.9732 5437432.4055  24.6842 0.0544334 1.649277 3
4595560.7498 5437433.2911  30.8183 0.1099701 0.983580 1
4595560.8242 5437433.0670  27.9995 0.0595508 1.588580 3
4595560.7518 5437433.4954  28.4297 0.1157863 1.601331 1
4595560.7760 5437433.4228  27.5037 0.0562012 0.914420 3
4595560.6694 5437433.9532  29.2412 0.0948197 0.953429 1
4595560.6780 5437433.9275  28.9102 0.0174904 0.906334 3
4595560.6039 5437434.3608  29.4045 0.1257467 1.060353 1
4595560.6338 5437434.2725  28.2507 0.0423163 1.449756 3
4595560.6107 5437434.5559  26.7706 0.1071004 1.114273 1
4595560.7440 5437434.1652  21.5994 0.0279856 1.290495 2
4595561.2942 5437432.5536   0.2300 0.0701157 1.590116 3
4595560.6760 5437434.5843  21.8152 0.0420258 1.166286 1
4595561.2338 5437432.9622   0.0134 0.6037084 1.059768 3
4595560.6114 5437434.9926  21.8876 0.0824398 1.134275 1
4595561.1678 5437433.3871   0.0217 0.2824997 1.064743 3
4595561.1016 5437433.8128   0.0513 0.6025990 1.094411 0
4595561.0352 5437434.2386   0.0852 0.5205015 1.155472 0
4595560.9700 5437434.6609   0.0685 0.6561240 1.088707 0
4595560.9036 5437435.0872   0.0714 0.5426889 1.100902 0
4595560.8374 5437435.5125   0.0726 0.5700658 1.101814 0
4595562.4172 5437426.4577  21.9792 0.0842598 0.980687 1
4595562.1300 5437427.5849  29.6458 0.1026621 1.088900 1
4595562.0647 5437427.9925  29.7579 0.0950595 1.375493 1
4595561.9415 5437428.5841  31.8652 0.1368329 1.585355 1
4595561.8688 5437429.0141  32.2244 0.1604053 1.407841 0
4595561.8398 5437429.3056  31.0778 0.0589955 1.236578 1
4595561.9459 5437428.9710  27.4003 0.0255298 0.866669 2
4595561.9636 5437428.9151  26.7856 0.0324247 1.334986 3
4595561.7509 5437429.7860  31.9837 0.0553336 0.935036 1
4595561.7835 5437429.6836  30.8536 0.0549652 1.253227 3
4595561.7183 5437430.0895  30.9289 0.0546463 1.388531 1
4595561.7439 5437430.0096  30.0358 0.0425186 0.988853 2
4595561.7691 5437429.9312  29.1603 0.0115879 0.684362 2
4595561.7797 5437429.8980  28.7895 0.0512410 2.421463 3
4595561.5837 5437430.7107  33.4426 0.1193451 1.069413 1
4595561.7550 5437430.1801  27.4278 0.0479548 1.364097 2
4595562.5332 5437427.7696   0.0231 0.0443371 1.143457 3
4595561.5460 5437431.0302  32.5892 0.0892652 1.041498 1
4595561.9126 5437429.9017  19.6378 0.0221242 0.828905 3
4595561.4376 5437431.7730  32.1335 0.0758139 0.971995 0
4595561.3440 5437432.2637  33.4443 0.1198116 1.110085 0
4595561.3280 5437432.5203  31.8619 0.0311960 1.131398 1
4595561.3630 5437432.4153  30.5638 0.0573180 1.046475 3
4595561.2665 5437432.9138  31.8951 0.1212101 1.206386 0
4595561.2192 5437433.2660  31.3943 0.0936509 1.147318 1
4595561.2591 5437433.1480  29.9162 0.0586549 1.187793 2
4595561.2909 5437433.0537  28.7350 0.0464540 1.382821 3
4595561.1567 5437433.6632  31.4686 0.1054473 1.062525 1
4595561.9865 5437431.2242   0.2430 0.0397425 0.968517 3
4595561.1218 5437433.9792  30.5132 0.1390292 1.433339 1
4595561.2555 5437433.5891  25.4803 0.0367774 1.013925 2
4595561.9230 5437431.6409   0.1571 0.0828483 1.033391 3
4595561.3056 5437433.6633  21.2646 0.0502594 1.079326 1
4595561.8579 5437432.0629   0.2472 0.3419328 1.038484 3
4595561.2338 5437434.0929  21.6350 0.0536371 1.284248 2
4595561.7947 5437432.4797   0.2543 0.1407972 1.086383 3
4595561.0153 5437434.9411  27.6044 0.0563149 0.999250 1
4595561.7315 5437432.8965   0.1882 0.2883121 1.072460 3
4595561.6692 5437433.3102   0.0731 0.3695004 1.046747 3
4595561.0358 5437435.3302  22.0535 0.1586868 1.099519 1
4595561.5377 5437434.1588   0.1168 0.7364022 1.050327 0
4595561.4711 5437434.5849   0.1759 0.5944877 1.110414 0
4595561.4070 5437435.0045   0.1007 0.5717497 1.067094 0
4595561.3412 5437435.4292   0.0859 0.6738966 1.056918 0
4595562.5796 5437426.9706  29.7531 0.0646085 1.036537 1
4595562.2706 5437428.7507  31.8393 0.0566836 1.047881 1
4595562.3746 5437428.4223  28.2958 0.0654837 1.148330 2
4595562.2053 5437429.1565  31.9512 0.0696992 1.252780 1
4595562.2039 5437429.3626  29.8557 0.0317199 0.948319 2
4595562.2342 5437429.2680  28.8127 0.0244675 1.017164 2
4595562.1416 5437429.7600  29.8267 0.0209534 0.855256 1
4595562.1561 5437429.7150  29.3285 0.0344155 1.299924 2
4595562.2090 5437429.5507  27.5085 0.0300034 1.301977 2
4595563.0008 5437427.0925   0.0064 0.1755484 1.079785 3
4595562.0411 5437430.2757  31.1057 0.0804742 1.026025 1
4595562.9344 5437427.5191   0.0087 0.0403246 0.965213 3
4595561.9296 5437430.8235  32.8025 0.1578410 1.465329 0
4595561.9721 5437430.8995  29.1130 0.0934072 1.492450 1
4595562.0710 5437430.5981  25.6390 0.0542313 1.086157 3
4595561.9164 5437431.2772  28.8562 0.0785959 1.085454 2
4595561.9439 5437431.1940  27.8846 0.0346339 1.441878 3
4595561.7692 5437431.9304  32.0450 0.1565577 1.654847 0
4595561.7230 5437432.2785  31.6136 0.0748456 1.078814 1
4595561.7581 5437432.1735  30.3108 0.0383667 1.184035 3
4595561.6569 5437432.6855  31.8769 0.0259603 0.937989 1
4595561.6855 5437432.6006  30.8300 0.0313263 1.215587 2
4595561.7261 5437432.4801  29.3376 0.0621380 1.082106 3
4595561.7994 5437432.4781  24.3977 0.0478267 1.116839 1
4595561.8174 5437432.4248  23.7209 0.0290549 0.952654 2
4595561.8527 5437432.3208  22.3975 0.0428287 1.066900 2
4595562.4531 5437430.5498   0.3159 0.0370891 1.070043 3
4595561.5502 5437433.4258  31.3508 0.0918619 1.360086 1
4595561.5768 5437433.3477  30.3677 0.0851530 1.388978 2
4595561.6167 5437433.2309  28.8950 0.0489189 1.272410 3
4595561.4906 5437433.8143  31.3282 0.1389475 1.323667 0
4595561.6816 5437433.4788  21.9190 0.0717106 0.974542 1
4595561.7045 5437433.4127  21.0632 0.0921828 1.097745 2
4595562.2562 5437431.8193   0.2039 0.2212961 1.050831 3
4595561.4452 5437434.3801  28.5068 0.0720782 1.024394 1
4595561.4649 5437434.3236  27.7646 0.0322708 1.161693 2
4595562.1920 5437432.2390   0.2592 0.1777105 1.056951 3
4595561.4056 5437434.7134  27.6908 0.0774254 1.238426 1
4595561.5630 5437434.2656  21.7411 0.0510751 0.925436 2
4595562.1288 5437432.6554   0.2531 0.1666955 1.059719 3
4595562.0688 5437433.0627   0.0840 0.5862841 1.046417 0
4595561.4313 5437435.0887  22.0200 0.1285738 1.071309 1
4595562.0040 5437433.4840   0.0829 0.3661269 1.080160 3
4595561.9395 5437433.9048   0.0469 0.5651366 1.062512 0
4595561.8739 5437434.3284   0.0619 0.6363028 1.099893 0
4595561.8075 5437434.7544   0.1041 0.6121334 1.114800 0
4595561.7421 5437435.1775   0.0953 0.4718362 1.088722 0
4595562.8234 5437427.4403  29.5536 0.0890485 1.072806 1
4595562.7720 5437427.8047  29.2010 0.0307705 1.019438 1
4595562.6427 5437428.4150  31.4863 0.0368354 1.068674 1
4595562.6923 5437428.2579  29.8029 0.1140805 1.765698 2
4595562.5803 5437428.8130  31.4954 0.0493739 1.097383 1
4595562.4794 5437429.3307  32.8215 0.0600959 1.087331 1
4595562.4982 5437429.2721  32.1819 0.0652822 1.229921 3
4595562.4361 5437429.6685  32.1707 0.0664452 1.057714 1
4595562.5118 5437429.4333  29.5879 0.0720239 1.084651 3
4595562.4857 5437429.7201  28.3122 0.0968952 1.010434 1
4595562.5129 5437429.6360  27.3798 0.0449825 1.009715 2
4595562.5386 5437429.5568  26.5025 0.0381017 1.127654 2
4595563.3045 5437427.1906  -0.0093 0.1114420 1.007386 3
4595562.2973 5437430.5060  32.6205 0.0507818 1.145129 1
4595562.4355 5437430.0816  27.8552 0.0536434 1.494189 2
4595562.4808 5437429.9425  26.2944 0.0458609 1.112959 2
4595562.5293 5437429.7935  24.6234 0.0330862 1.319366 3
4595562.3123 5437430.6669  29.9200 0.0499595 1.814376 1
4595562.3374 5437430.5903  29.0482 0.0306297 0.999891 2
4595562.5965 5437429.7998  20.0696 0.0261051 0.978696 3
4595562.1614 5437431.3338  32.9989 0.0839940 1.141778 1
4595562.2285 5437431.1301  30.6472 0.0128852 0.787037 3
4595562.1241 5437431.6546  32.1893 0.1094503 1.305492 0
4595562.0568 5437432.0661  32.5505 0.0516277 0.892389 0
4595562.0698 5437432.2384  29.9485 0.0245930 0.912422 1
4595562.1185 5437432.0935  28.1462 0.0919865 1.092521 3
4595561.9560 5437432.7883  31.9730 0.0155039 0.889038 1
4595561.9772 5437432.7257  31.1964 0.0455201 1.509122 2
4595562.0275 5437432.5772  29.3535 0.0712046 1.070169 3
4595562.0047 5437432.8593  27.9853 0.0463584 0.975786 1
4595562.1543 5437432.4205  22.4546 0.0428833 1.328541 2
4595562.7563 5437430.6544   0.3694 0.1038059 1.012998 3
4595561.8638 5437433.4873  30.9645 0.0939919 1.040764 1
4595561.9219 5437433.3182  28.8224 0.0214073 0.967054 3
4595561.7962 5437433.9005  31.2421 0.0674271 1.015600 1
4595561.8706 5437433.6852  28.4801 0.0255910 0.979457 3
4595561.7930 5437434.1279  29.1213 0.1572148 1.579640 1
4595562.5619 5437431.9197   0.2261 0.1315246 1.080576 3
4595562.4979 5437432.3391   0.2652 0.5267677 1.066005 0
4595561.8655 5437434.3670  21.8203 0.0688497 0.989393 1
4595562.4367 5437432.7508   0.1910 0.4666905 1.092558 3
4595562.3759 5437433.1613   0.0803 0.6406072 1.088443 0
4595562.3114 5437433.5823   0.0850 0.6926360 1.058901 0
4595562.2462 5437434.0060   0.0798 0.5091714 1.169844 0
4595562.1814 5437434.4283   0.0673 0.8205000 1.050879 0
4595562.1141 5437434.8569   0.1591 0.9223528 1.024983 0
4595563.2369 5437428.1087  29.1874 0.1927652 1.224288 1
4595563.1628 5437428.5440  29.5924 0.1208937 1.140709 1
4595562.9923 5437429.4803  31.1376 0.0251619 0.903959 1
4595563.0932 5437429.1728  27.7534 0.0643695 1.526601 2
4595563.1326 5437429.0527  26.4304 0.0731443 1.367569 2
4595563.0333 5437429.5648  27.6536 0.0211539 0.943508 1
4595563.0685 5437429.4580  26.4741 0.0495007 0.987139 2
4595563.0937 5437429.3817  25.6240 0.0896361 2.096313 3
4595562.8238 5437430.4075  32.5259 0.1143020 1.418988 0
4595562.7795 5437430.7502  31.9200 0.0562996 2.088727 1
4595562.8230 5437430.6202  30.4378 0.0233000 0.892365 2
4595562.8917 5437430.4146  28.1010 0.1084043 1.463260 3
4595562.6920 5437431.2216  32.7843 0.0506030 1.233027 1
4595562.7208 5437431.1358  31.8018 0.0535170 1.046939 2
4595562.7519 5437431.0435  30.7435 0.0388556 1.429800 3
4595562.7619 5437431.2276  28.2527 0.0612108 1.056454 1
4595562.8164 5437431.0666  26.3821 0.0233016 1.091137 2
4595563.5864 5437428.7921  -0.0495 0.1712333 1.110380 3
4595562.6074 5437431.8968  31.5565 0.1376690 1.177922 0
4595562.5638 5437432.2392  31.0400 0.0904080 0.960492 0
4595562.5235 5437432.5726  30.3915 0.1511125 1.457807 0
4595562.4526 5437432.9948  30.8173 0.0502980 1.265933 1
4595562.5209 5437432.7985  28.3557 0.0519921 1.072176 2
4595562.6029 5437432.5628  25.4186 0.0274126 0.941440 3
4595562.5344 5437432.9803  25.7183 0.0923514 0.982199 1
4595562.6199 5437432.7361  22.6353 0.0507541 1.192289 3
4595562.4593 5437433.4173  26.2692 0.0700078 1.054097 1
4595562.5698 5437433.1040  22.2491 0.0611069 1.111281 2
4595563.1700 5437431.4029   0.4125 0.1451156 1.159873 3
4595562.3312 5437434.0021  28.7105 0.1233633 1.060822 1
4595562.3999 5437433.8087  26.2133 0.0733007 1.170521 2
4595563.1092 5437431.8133   0.3148 0.0633417 1.097928 3
4595562.2585 5437434.4296  29.1512 0.0809569 1.034612 1
4595563.0481 5437432.2248   0.2530 0.2872095 1.038232 3
4595562.9844 5437432.6432   0.2593 0.8887734 1.004365 0
4595562.9222 5437433.0581   0.1627 0.6297912 1.072295 0
4595562.8599 5437433.4738   0.0706 0.5712092 1.079948 0
4595562.7948 5437433.8968   0.0525 0.3407779 1.086761 3
4595563.7141 5437427.9271  29.3504 0.0498511 0.920623 1
4595563.7818 5437427.7196  27.1531 0.1122120 1.594938 2
4595563.6465 5437428.3417  29.5273 0.0485313 1.200000 1
4595563.7199 5437428.1182  27.1344 0.0335168 1.055800 2
4595563.6637 5437428.4985  26.9333 0.1571446 1.398397 1
4595563.5295 5437429.1146  29.2781 0.0482370 1.128219 1
4595563.4143 5437429.6710  30.9916 0.0892647 0.980036 1
4595563.4688 5437429.5082  29.2184 0.0265494 0.932517 3
4595563.3471 5437430.0824  31.0969 0.2007945 1.497719 0
4595563.3001 5437430.4344  30.5338 0.0926049 1.327465 1
4595563.3433 5437430.3067  29.1064 0.0665026 2.166833 2
4595563.6122 5437429.5119  20.2471 0.0308267 1.073114 3
4595563.2029 5437430.9339  31.7653 0.0549104 1.023275 1
4595563.2283 5437430.8595  30.9042 0.1048435 1.101696 2
4595563.2515 5437430.7911  30.1127 0.0176817 0.958940 3
4595563.1513 5437431.2987  31.4562 0.0218565 0.914768 1
4595563.2052 5437431.1414  29.6224 0.0767137 1.300570 2
4595563.3793 5437430.6333  23.6601 0.0276029 0.906977 3
4595563.1651 5437431.4749  28.8972 0.1454042 1.806706 0
4595563.0549 5437432.0104  30.7130 0.1355854 1.111946 1
4595563.0830 5437431.9295  29.7280 0.0319966 1.541400 3
4595563.0732 5437432.1773  28.0155 0.0104540 0.859085 1
4595563.0921 5437432.1231  27.3478 0.0616035 1.247514 2
4595563.1705 5437431.8989  24.5816 0.0667393 1.159240 2
4595563.8786 5437429.8741   0.0725 0.0937630 1.102027 3
4595562.9285 5437432.8096  31.0120 0.1064724 1.322898 1
4595563.1129 5437432.2861  24.5313 0.0317002 1.177331 3
4595562.8831 5437433.1583  30.5027 0.1271019 1.128975 1
4595562.9479 5437432.9758  28.2224 0.0474941 1.587918 3
4595562.9620 5437433.1600  25.5807 0.0805474 1.105706 1
4595563.0358 5437432.9535  22.9700 0.0408281 1.251414 2
4595563.6581 5437431.2113   0.8192 0.0776549 1.025285 3
4595562.9971 5437433.2893  22.1636 0.0624333 1.112981 1
4595563.6075 5437431.5932   0.3373 0.2265748 1.456800 3
4595563.5475 5437432.0016   0.2186 0.4621096 1.064341 0
4595563.4847 5437432.4178   0.2149 0.4730134 1.111887 0
4595563.4223 5437432.8330   0.1124 0.5266036 1.059571 0
4595563.3581 5437433.2532   0.0602 0.2818696 1.063699 3
4595564.0576 5437427.7816  26.9155 0.0741431 1.724314 1
4595564.0007 5437428.1649  26.7352 0.1022120 1.748541 1
4595563.9461 5437428.5418  26.4788 0.0560385 1.152597 1
4595564.0785 5437428.1416  22.1422 0.0297908 1.000682 2
4595564.0367 5437428.4822  21.4367 0.1159269 1.599635 1
4595563.7329 5437429.6064  29.3475 0.0461680 1.040770 1
4595563.8169 5437429.3552  26.5842 0.0331043 1.485628 2
4595563.9175 5437429.0548  23.2653 0.0405756 1.309101 2
4595563.9698 5437428.8985  21.5385 0.0566273 1.175201 3
4595563.6191 5437430.1580  30.9638 0.1412681 1.101974 1
4595563.6447 5437430.0820  30.1281 0.0237226 1.284098 3
4595563.5734 5437430.5065  30.3566 0.0622739 1.150226 1
4595563.6041 5437430.4158  29.3464 0.0631514 1.126582 3
4595563.4946 5437430.9523  31.0027 0.1472497 1.741050 0
4595563.4615 5437431.2646  30.0939 0.0751500 1.442421 1
4595563.6460 5437430.7271  23.7736 0.0360976 0.979216 2
4595564.3518 5437428.6715   0.0507 0.0592445 1.047523 3
4595563.4269 5437431.5817  29.2344 0.1343619 1.463256 1
4595564.2825 5437429.1064   0.1141 0.1245807 1.168119 3
4595563.3356 5437432.0636  30.3929 0.2211603 1.246763 0
4595564.1452 5437429.9728   0.1758 0.4402860 1.049712 0
4595563.2765 5437432.6732  28.3319 0.2037104 1.675442 0
4595563.3182 5437432.7789  24.7401 0.0405475 1.048768 1
4595563.3677 5437432.6397  23.0090 0.0512417 1.655990 2
4595563.9947 5437430.8752   0.8158 0.0432260 1.063592 3
4595563.2266 5437433.2620  25.7982 0.1113201 1.075773 1
4595563.9323 5437431.2906   0.7713 0.0863163 1.238532 3
4595563.8840 5437431.6664   0.2227 0.6169063 1.065460 0
4595563.8217 5437432.0817   0.1820 0.4957190 1.124822 0
4595563.7604 5437432.4940   0.1156 0.4430012 1.040263 3
4595564.3957 5437428.1413  27.4478 0.1733351 1.246411 1
4595564.2370 5437429.2582  26.4881 0.0652299 1.008194 1
4595564.4331 5437428.6776  20.1113 0.0233995 0.883160 2
4595564.0424 5437430.0477  30.7618 0.0733471 1.017377 1
4595564.0639 5437429.9843  30.0621 0.0488625 1.043173 2
4595564.1578 5437429.7084  27.0091 0.0141764 0.920787 2
4595564.1775 5437429.6502  26.3651 0.0492731 1.192876 2
4595564.2621 5437429.4014  23.6010 0.0334629 1.409009 3
4595564.0017 5437430.3825  30.0248 0.1034940 1.148858 1
4595564.0384 5437430.2753  28.8298 0.0283062 1.097893 2
4595564.0797 5437430.1547  27.4839 0.0583181 1.234956 3
4595564.0632 5437430.4211  25.9387 0.0847583 0.929532 1
4595564.1112 5437430.2816  24.3629 0.0259259 0.892906 2
4595564.1545 5437430.1558  22.9411 0.0277873 1.025549 3
4595563.8714 5437431.1950  30.4128 0.0638386 1.133919 1
4595563.9256 5437431.0389  28.5754 0.0656871 1.268971 2
4595563.8178 5437431.5686  30.2250 0.0566022 1.152054 1
4595563.9597 5437431.1620  25.3879 0.0397718 1.017043 2
4595564.0012 5437431.0431  23.9707 0.0296827 1.003145 2
4595563.7891 5437431.8707  29.2003 0.0389164 1.308893 1
4595563.8976 5437431.5619  25.4739 0.0211230 0.940374 2
4595564.6403 5437429.4482   0.2277 0.2513499 1.106371 3
4595563.7876 5437432.0976  27.2239 0.1848827 1.048792 1
4595564.5749 5437429.8723   0.1727 0.1980633 1.066590 3
4595563.8036 5437432.2778  24.6174 0.0579403 1.091456 1
4595564.5056 5437430.3076   0.2454 0.4310208 1.053670 3
4595563.7430 5437432.6750  24.6159 0.0213818 1.004570 2
4595564.4388 5437430.7360   0.3256 0.1635086 1.060694 3
4595564.3777 5437431.1483   0.2848 0.2242978 1.047198 3
4595564.3179 5437431.5571   0.1790 0.2283472 1.046018 3
4595564.6603 5437430.0475  24.9186 0.0788602 1.333976 1
4595564.5720 5437430.5226  25.7433 0.0724766 0.997528 1
4595564.6319 5437430.5786  21.7718 0.0370461 1.090049 1
4595564.5701 5437430.9798  21.8795 0.0622904 1.149837 1
4595564.4642 5437431.5041  23.4752 0.0530155 1.004493 1
4595564.5099 5437431.3772  21.9297 0.0277866 1.081032 2
4595564.5624 5437431.3135   0.3029 0.3012589 1.050397 3
4595564.5886 5437430.8152   0.3317 0.1903427 1.040346 3
4595564.6025 5437430.3504   0.2268 0.2262173 1.092739 3
4595564.6106 5437429.9008   0.1552 0.2414727 1.135082 3
4595564.6237 5437429.4389   0.1688 0.4158627 1.135281 0
4595564.6338 5437428.9834   0.1535 0.2415649 1.276516 3
4595564.5972 5437431.2196   0.4758 0.1794860 1.105003 3
4595564.6147 5437430.7445   0.3683 0.2569638 1.053531 3
4595564.6283 5437430.2802   0.2882 0.1331625 1.115029 3
4595564.6355 5437429.8337   0.1981 0.3664848 1.062273 3
4595564.6493 5437429.3691   0.2249 0.1978107 1.028482 3
4595564.6573 5437428.9199   0.1714 0.2603670 1.058093 3
4595564.4969 5437431.2073   0.3462 0.4225036 1.085752 3
4595564.5260 5437430.6985   0.4296 0.1978803 1.101601 3
4595564.5341 5437430.2486   0.2798 0.1543403 1.042286 3
4595564.5383 5437429.8095   0.1489 0.1189274 1.034516 3
4595564.5478 5437429.3556   0.1133 0.3831672 1.086918 3
4595564.0758 5437431.9446   0.3018 0.2758203 1.111961 3
4595564.1374 5437431.3468   0.9808 0.0719347 1.188901 2
4595564.1045 5437431.4378   0.4364 0.0134535 0.848628 3
4595564.1388 5437430.9163   0.6428 0.2086193 1.740431 3
4595564.1396 5437430.4870   0.3016 0.1998449 1.266398 3
4595564.1398 5437430.0592   0.1265 0.3165945 1.051255 3
4595564.1450 5437429.6177   0.0388 0.3974589 1.060937 3
4595564.1527 5437429.1697  -0.0179 0.1240844 1.065975 3
4595564.1624 5437428.7154  -0.0479 0.1557057 1.047225 0
4595564.1829 5437428.2329   0.0947 0.0525420 1.248407 3
4595564.1952 5437427.7731   0.0818 0.1259991 1.127015 3
4595563.9710 5437432.0679   0.2346 0.3450809 1.079091 3
4595564.0295 5437431.4773   0.8657 0.1825241 1.465449 0
4595564.0504 5437430.9931   0.8595 0.2231590 1.818662 0
4595564.0410 5437430.5927   0.3476 0.2714773 1.209857 3
4595564.0438 5437430.1582   0.1852 0.3990060 1.067986 3
4595564.1003 5437429.5778   1.0060 0.0240812 0.737528 2
4595564.0494 5437429.7168   0.1091 0.4003533 1.096104 3
4595564.0591 5437429.2631   0.0916 0.0856436 1.059506 3
4595564.0666 5437428.8148   0.0207 0.1223853 1.078397 3
4595564.0807 5437428.3504   0.0556 0.1208939 1.063782 3
4595563.9436 5437432.1504   0.2719 0.5591844 1.087929 0
4595564.0003 5437431.5613   0.8821 0.0799260 1.726817 3
4595564.0195 5437431.0806   0.8560 0.1896846 1.764528 0
4595564.0161 5437430.6635   0.4457 0.2375337 1.350842 3
4595564.0142 5437430.2416   0.1710 0.3422313 1.043366 3
4595564.0208 5437429.7960   0.1180 0.3785119 1.105955 0
4595564.0267 5437429.3522   0.0405 0.1121675 1.015708 3
4595564.0357 5437428.9006  -0.0023 0.1475741 1.062220 0
4595564.0526 5437428.4258   0.0914 0.0915881 1.142711 3
4595563.5589 5437432.5184   0.3007 0.4409310 1.064985 3
4595563.5796 5437432.0333   0.2762 0.3386263 1.045794 3
4595563.6101 5437431.5192   0.4140 0.2915962 1.123958 3
4595563.6480 5437430.9856   0.7454 0.1312054 1.143002 3
4595563.6393 5437430.5840   0.2743 0.2524377 1.063883 3
4595563.6437 5437430.1449   0.1765 0.2851414 1.042748 3
4595563.6452 5437429.7136   0.0595 0.1204100 1.058329 3
4595563.6531 5437429.2645   0.0220 0.1938971 1.072277 3
4595563.6611 5437428.8160  -0.0480 0.3227581 1.135100 3
4595563.6765 5437428.3466   0.0062 0.2529793 1.067687 3
4595563.6911 5437427.8796   0.0314 0.2985309 1.068730 3
4595563.7009 5437427.4248  -0.0292 0.1039059 1.083810 0
4595564.5466 5437431.4647  24.1426 0.0401141 1.117034 1
4595564.4271 5437431.4175  21.7849 0.0464828 0.990810 1
4595564.4371 5437430.9836  21.5778 0.0578504 1.258734 1
4595564.6631 5437429.9143  25.1847 0.0596691 1.047673 1
4595564.4624 5437430.5048  21.6207 0.0323134 0.990554 2
4595564.6727 5437429.4854  25.1416 0.0343532 1.095555 1
4595564.4372 5437429.7698  20.7762 0.0366752 1.077331 1
4595564.5467 5437428.6433  22.3416 0.0551474 1.166019 1
4595564.4917 5437428.8013  21.3643 0.0478844 1.244135 2
4595563.2818 5437432.2772   0.3296 0.3351989 1.071569 3
4595564.4480 5437428.5212  20.4000 0.0437001 1.182438 2
4595563.3085 5437431.7749   0.3940 0.2192786 1.106646 3
4595563.3430 5437431.2512   0.6440 0.1236575 1.253185 3
4595563.3469 5437430.8153   0.4244 0.1526604 1.060646 3
4595563.3490 5437430.3828   0.2123 0.3311187 1.065133 0
4595563.3506 5437429.9527   0.1019 0.1710788 1.042879 3
4595563.3575 5437429.5066   0.0848 0.1812265 1.083610 3
4595563.3656 5437429.0576   0.0130 0.0987476 1.034590 3
4595563.3762 5437428.6020  -0.0170 0.3098973 1.041906 3
4595563.3937 5437428.1274   0.0609 0.1444294 1.077071 3
4595563.4029 5437427.6763  -0.0114 0.2761699 1.033979 3
4595563.4127 5437427.2219  -0.0791 0.0479944 1.021103 3
4595564.4243 5437431.2234  21.8767 0.0523954 1.247755 1
4595564.6378 5437430.1795  25.2224 0.0795061 1.059312 1
4595564.6474 5437429.7507  25.1804 0.0520870 1.129543 1
4595563.2524 5437433.0599   0.3081 0.5675842 1.041019 0
4595563.3007 5437432.0673   0.4860 0.2043049 1.079361 3
4595564.4312 5437428.3720  20.3055 0.1173947 1.158404 2
4595563.3386 5437431.5330   0.7455 0.1295931 1.565871 3
4595563.3981 5437427.9599   0.0304 0.0307566 0.922856 3
4595563.4129 5437427.4932   0.0555 0.0830189 1.105053 3
4595563.4341 5437427.0088   0.1844 0.0390122 1.073814 3
4595564.1913 5437432.0129  23.3647 0.0674749 1.069459 1
4595564.3531 5437429.9143  24.9698 0.0664608 1.476654 1
4595564.1435 5437430.1377  20.9818 0.0469772 1.009217 2
4595562.9456 5437433.7090   0.1064 0.1639078 1.166780 3
4595564.2954 5437429.2823  23.5518 0.0442040 1.136286 1
4595564.1378 5437429.7493  20.7018 0.0672418 1.455897 2
4595562.9687 5437433.2140   0.2237 0.1702690 1.141826 3
4595562.9914 5437432.7209   0.3177 0.5828260 1.075083 0
4595564.2427 5437428.6311  22.2193 0.0670168 1.028319 1
4595564.1998 5437428.7568  21.4433 0.0307753 1.271668 2
