    X-Koord.     Y-Koord. Z-Koord.      Int.   Pulsb. W
4595577.2361 5437436.9621   0.0006 0.5503142 1.070493 0
4595577.2650 5437436.4912   0.0375 0.6717627 1.055992 0
4595577.2935 5437436.0161   0.0704 0.5983889 1.059266 0
4595577.3193 5437435.5172   0.0205 0.5276324 1.056673 0
4595577.3427 5437434.9963  -0.0305 0.5305425 1.097370 0
4595576.7521 5437437.5503  -0.0546 0.3944623 1.076885 0
4595576.7807 5437437.0741  -0.0277 0.4097701 1.053635 0
4595576.8100 5437436.6059   0.0254 0.3545687 1.126382 3
4595576.8385 5437436.1293   0.0526 0.8714431 1.051737 0
4595576.8640 5437435.6281  -0.0081 0.7077156 1.066145 0
4595576.9145 5437435.3496   0.7307 0.0144025 0.597268 1
4595576.8884 5437435.1138  -0.0570 0.6028817 1.079533 3
4595576.4398 5437436.1475   0.0100 0.4193237 1.116239 0
4595576.4661 5437435.6522  -0.0237 0.5231725 1.083461 0
4595576.4930 5437435.1618   0.0049 0.5195999 1.103157 0
4595576.5168 5437434.6436  -0.0401 0.6694382 1.102886 0
4595575.7829 5437436.3156  -0.1770 0.4425601 1.065447 0
4595575.8528 5437436.2064   1.1447 0.0270493 1.080143 1
4595575.8133 5437435.8574  -0.0833 0.5389921 1.074926 3
4595575.8378 5437435.3469  -0.1613 0.5697040 1.069789 0
4595575.8647 5437434.8587  -0.1356 0.6205769 1.064945 0
4595576.7845 5437437.5140  21.9658 0.1899447 1.110056 0
4595576.8522 5437436.7341  22.4476 0.1829394 1.161515 0
4595576.8407 5437435.9122  21.2504 0.1121541 1.178913 1
4595576.8643 5437435.4236  21.1785 0.0520687 1.082312 1
4595577.1018 5437436.2824  27.0698 0.1683200 1.050789 0
4595577.1253 5437435.8006  26.9941 0.0513141 1.308722 1
4595577.0658 5437435.2213  25.1301 0.0438408 1.052510 2
4595577.2952 5437435.3336  29.9795 0.0564131 1.020585 1
4595575.1123 5437435.8104  -0.1652 0.5316868 1.033530 0
4595575.1416 5437435.3404  -0.1004 0.4493237 1.060120 0
4595575.1690 5437434.8536  -0.0788 0.6196771 1.073008 0
4595575.1930 5437434.3362  -0.1000 0.5729582 1.114990 0
4595575.2167 5437433.8161   0.0052 0.7321543 1.034762 0
4595576.1898 5437435.4881  21.4924 0.1858103 1.129160 0
4595576.3910 5437436.6761  26.9825 0.1637746 1.145341 0
4595576.4204 5437436.2492  27.0917 0.0410151 1.066921 1
4595576.3751 5437435.8181  25.6643 0.1155900 1.107878 2
4595576.4413 5437435.7407  26.9299 0.0848281 1.063414 1
4595576.3831 5437435.1844  25.1328 0.0645956 1.140937 3
4595576.5135 5437435.7246  28.3867 0.1794411 1.155592 0
4595576.5423 5437435.2940  28.5023 0.0415451 1.141351 1
4595576.6059 5437434.4914  28.9765 0.0838819 1.067327 1
4595574.5011 5437437.8570  -0.0218 0.3750340 1.092919 0
4595574.5267 5437437.3587  -0.2618 0.2336130 1.031794 3
4595574.6124 5437435.9325  -0.1109 0.6296920 1.072778 0
4595574.6392 5437435.4424  -0.1147 0.5379554 1.096403 0
4595574.6668 5437434.9583  -0.0735 0.6701068 1.070081 0
4595574.6928 5437434.4593  -0.0653 0.5138844 1.140974 0
4595574.7156 5437433.9315   0.0239 0.5928618 1.072082 0
4595575.5067 5437438.8418  21.4922 0.0393907 1.128312 1
4595575.6068 5437439.0463  23.7675 0.1736383 1.233169 0
4595575.6185 5437438.4558  23.3414 0.1572033 1.097639 1
4595575.6350 5437437.9060  23.0005 0.1125313 1.148300 1
4595575.7852 5437438.5864  26.9022 0.1405445 1.090484 0
4595575.6929 5437435.6206  21.5919 0.1489311 1.087655 1
4595575.7175 5437435.1405  21.5628 0.1160808 1.105150 0
4595575.8742 5437435.9095  25.6315 0.0386501 1.474602 3
4595575.9426 5437435.8509  26.9624 0.1350207 1.097713 1
4595576.0147 5437435.8339  28.4166 0.1505999 1.084158 0
4595575.9815 5437434.8068  26.6119 0.1568072 1.021000 0
4595576.0008 5437434.2821  26.5024 0.1398380 1.045329 0
4595576.1074 5437434.6057  28.9820 0.0480840 1.292524 1
4595576.2055 5437434.8535  31.2551 0.1775090 1.097793 1
4595576.2188 5437434.2751  30.9644 0.1670524 1.136238 0
4595573.8008 5437437.9182   0.1718 0.0361881 0.962341 3
4595573.8567 5437436.9583   0.1552 0.5137750 1.071992 0
4595573.9855 5437436.6159   2.3008 0.2758555 1.586097 2
4595573.9146 5437436.0141   0.1765 0.0467530 1.207764 3
4595574.0753 5437436.6658   4.1136 0.4690410 1.252152 0
4595574.1582 5437436.6642   5.7371 0.4575807 1.132445 0
4595574.2327 5437436.5924   7.1162 0.5705804 1.229113 0
4595574.3060 5437436.5151   8.4654 0.1946238 1.599126 1
4595574.0178 5437434.0141   0.1222 0.1910700 1.294592 3
4595574.0760 5437433.7967   1.1193 0.0382338 0.885970 1
4595574.0385 5437433.4694   0.1091 0.5411409 1.060308 3
4595574.7573 5437437.6543  18.7825 0.0428205 0.939718 1
4595574.9708 5437438.8588  24.7184 0.1835794 1.147860 0
4595574.9787 5437438.2372  24.0832 0.2659211 1.382847 0
4595575.0701 5437438.3649  26.0761 0.1547024 1.031309 0
4595575.0861 5437437.8141  25.6110 0.1996063 1.141248 0
4595575.0427 5437436.7217  23.4560 0.2178228 1.403568 0
4595575.2471 5437437.8954  28.9427 0.1662873 1.059389 0
4595575.2650 5437437.3659  28.6298 0.1089640 1.443098 1
4595575.1439 5437436.2482  24.9766 0.0694186 1.146903 3
4595575.2458 5437436.4923  27.3130 0.0454230 1.172854 3
4595575.2875 5437436.1802  27.7993 0.0847866 1.068754 1
4595575.1904 5437435.2736  24.8184 0.1531754 1.122839 2
4595575.4219 5437436.7392  31.1328 0.1832676 1.188730 0
4595575.4430 5437435.5407  30.2074 0.0472721 1.033777 1
4595575.4740 5437435.1339  30.3843 0.1378648 1.172508 0
4595575.5036 5437434.7152  30.5214 0.0648622 1.334381 1
4595572.9082 5437439.3667   0.2000 0.6592427 1.087578 0
4595572.9315 5437438.8485   0.0665 0.0421375 1.070821 3
4595573.0225 5437438.1708   1.1372 0.1027371 1.447546 3
4595573.0191 5437437.4361   0.3277 0.0175947 0.826671 3
4595573.0425 5437436.9164   0.2540 0.6473809 1.052505 0
4595573.0729 5437436.4536   0.3628 0.4411488 1.020123 3
4595573.1263 5437435.4679   0.1834 0.6197345 1.068740 0
4595573.1520 5437434.9662   0.1362 0.5555904 1.079453 0
4595573.1768 5437434.4558   0.0652 0.6564855 1.066940 0
4595573.6435 5437437.6883  12.8628 0.0726126 1.051175 1
4595573.4905 5437436.3923   8.4764 0.0838526 1.017128 2
4595573.2021 5437433.9493   0.0759 0.3168774 1.064077 3
4595573.6914 5437437.3950  13.4591 0.0631880 1.025992 1
4595573.2277 5437433.4453   0.0914 0.4625214 1.138724 3
4595573.6710 5437436.5183  12.1129 0.1177036 1.073004 1
4595573.2558 5437432.9619   0.0640 0.5104892 1.024192 3
4595573.8537 5437437.3857  16.5692 0.1044469 1.008429 1
4595573.7656 5437436.6269  14.0489 0.0503273 1.024215 2
4595574.0050 5437437.9966  20.2739 0.1972311 1.435717 0
4595574.0397 5437437.6031  20.4120 0.0439356 1.272482 1
4595573.9565 5437436.8780  17.9912 0.0735432 1.034845 2
4595573.9046 5437436.4260  16.4899 0.0316895 1.140771 2
4595574.1190 5437437.6008  21.9385 0.1198721 1.090897 1
4595574.0491 5437436.9882  19.8914 0.0275884 1.068689 2
4595574.0014 5437436.5703  18.5179 0.0810916 1.349096 2
4595573.9370 5437436.0068  16.5975 0.0439105 1.914011 3
4595574.3493 5437438.9334  28.2921 0.1131329 1.433604 1
4595574.2700 5437438.2353  25.8164 0.0623807 1.782087 3
4595574.3817 5437438.5336  28.4754 0.1319724 1.109693 0
4595574.4398 5437438.3615  29.3661 0.1047129 1.058575 1
4595574.4025 5437438.0297  28.0969 0.0440521 1.392712 3
4595574.4590 5437437.8442  28.8971 0.1680302 1.174246 0
4595574.4783 5437437.3273  28.5142 0.2001782 1.116582 0
4595574.4576 5437436.4480  27.1534 0.1507037 1.093946 0
4595574.5832 5437436.8956  30.1075 0.1807990 1.094889 0
4595574.6775 5437437.0649  32.1611 0.1325897 1.297711 0
4595574.6957 5437436.5410  31.9533 0.1435498 1.295595 0
4595574.7755 5437436.5861  33.5850 0.0385872 0.987967 1
4595574.7247 5437436.1159  32.0595 0.1188167 1.175401 3
4595574.7476 5437435.6335  31.9786 0.0681275 1.297011 1
4595574.7163 5437435.3423  31.0450 0.0506874 1.475477 2
4595574.6395 5437434.6280  28.7745 0.0542712 1.353710 3
4595574.7588 5437435.0421  31.5706 0.1954537 1.093617 0
4595574.7896 5437434.6326  31.7466 0.2163264 1.068199 0
4595572.2685 5437439.6022   0.0068 0.2662524 1.075287 3
4595572.3237 5437438.6337   0.0059 0.1633463 0.991780 3
4595572.4349 5437438.8161   2.3839 0.0327548 0.844062 2
4595572.3516 5437438.1522   0.0612 0.4855403 1.054060 3
4595572.3782 5437437.6591   0.0957 0.2985585 1.092337 3
4595572.4075 5437437.1879   0.2126 0.4946976 1.057299 0
4595572.4391 5437436.7350   0.3960 0.0844770 1.034620 3
4595572.4912 5437435.7386   0.3580 0.0413481 1.033043 3
4595572.5166 5437435.2341   0.3083 0.7133363 1.050427 0
4595572.5420 5437434.7291   0.2658 0.6116595 1.086496 0
4595572.5669 5437434.2198   0.1697 0.7178680 1.071695 0
4595573.1083 5437438.0441  14.7961 0.0337022 0.933869 1
4595572.9351 5437436.5903   9.9344 0.1138631 1.123732 2
4595572.5924 5437433.7141   0.0636 0.3990979 1.083990 3
4595573.0167 5437436.5745  11.5096 0.0798643 1.126402 1
4595572.6202 5437433.2282   0.0231 0.5899717 1.091992 3
4595573.3645 5437438.8229  20.6627 0.1583106 1.195906 1
4595572.6488 5437432.7485  -0.0024 0.0495594 1.128844 3
4595573.5093 5437439.3685  24.1476 0.1276933 1.059612 0
4595573.4056 5437437.7920  20.3757 0.2091903 1.080818 1
4595573.4730 5437437.6800  21.5844 0.0706244 1.082822 1
4595573.3763 5437436.8458  18.8099 0.0725798 1.000583 2
4595573.6862 5437438.8369  27.0131 0.0492042 1.014463 1
4595573.6007 5437438.0950  24.4970 0.1134635 1.060951 3
4595573.7286 5437438.5203  27.4799 0.1951539 1.203364 0
4595573.7529 5437438.0472  27.4025 0.1612197 1.064866 0
4595573.8914 5437437.8954  29.8998 0.2127336 1.077261 0
4595573.9225 5437437.4856  29.9763 0.1582927 1.088455 1
4595573.8954 5437437.2434  29.1962 0.0542806 1.727798 3
4595573.9524 5437437.0646  30.0903 0.0908218 1.242522 1
4595573.8908 5437436.5118  28.3162 0.0532424 1.603013 3
4595574.0985 5437437.6918  33.6177 0.0435896 1.065900 1
4595574.0425 5437437.1864  31.9399 0.1006584 1.110192 3
4595574.1306 5437437.2969  33.7411 0.1823399 1.123330 0
4595574.1473 5437436.7623  33.4802 0.3445438 1.498573 0
4595574.2032 5437436.5861  34.3542 0.3592948 1.489368 0
4595574.0072 5437434.0883  27.9414 0.0677896 1.116939 1
4595571.8600 5437434.9529   0.1646 0.0951447 1.035692 3
4595571.8862 5437434.4530   0.1177 0.6725475 1.059859 0
4595572.2310 5437436.5813   9.0950 0.0912722 1.329597 1
4595571.9130 5437433.9580   0.0591 0.3730169 1.086508 3
4595572.4853 5437437.9871  15.3851 0.1933532 1.029856 1
4595571.9382 5437433.4488  -0.0514 0.0390563 1.110456 3
4595572.7186 5437439.2382  21.2439 0.1208773 1.041977 0
4595572.8359 5437439.5363  23.8637 0.0832786 1.194541 1
4595572.7338 5437438.6795  20.9122 0.0866370 1.035641 3
4595572.8693 5437439.1338  24.0593 0.1634623 1.490974 0
4595573.0011 5437439.5671  27.1149 0.0951583 1.310905 1
4595572.9138 5437438.8260  24.5759 0.0368060 1.236481 3
4595573.0426 5437438.5567  26.7743 0.2232894 1.095873 0
4595573.0928 5437438.3044  27.4903 0.0910583 1.052255 1
4595573.0581 5437438.0049  26.5177 0.0586399 1.186297 3
4595573.0823 5437437.5275  26.5120 0.1747551 1.164572 0
4595573.0960 5437436.9584  26.1968 0.1859993 1.002105 1
4595573.0580 5437436.6266  25.1231 0.0579894 1.440950 3
4595573.2914 5437437.9804  31.0226 0.1566168 1.417825 0
4595573.2365 5437436.1213  27.9563 0.0446972 1.324361 3
4595573.3998 5437436.8839  31.9886 0.0569425 1.107247 3
4595573.4480 5437436.6281  32.6472 0.1622773 1.213561 0
4595573.5180 5437436.5696  33.9250 0.1174828 1.178296 0
4595573.2992 5437433.8992  26.7457 0.0975309 1.229535 0
4595573.6192 5437436.1129  35.2578 0.0364846 0.983429 1
4595571.0085 5437434.9096   0.1215 0.3676845 1.086902 3
4595571.0340 5437434.4026   0.0459 0.7638956 1.079157 0
4595571.6488 5437438.6349  16.1034 0.2050593 1.130129 0
4595571.6689 5437438.1109  15.9563 0.1909537 1.109382 1
4595571.9471 5437439.6840  22.9083 0.0544628 0.963946 1
4595571.9763 5437439.2441  22.9860 0.0381435 1.137643 1
4595571.7221 5437437.1654  16.0359 0.1361613 1.302904 3
4595572.0774 5437438.7159  24.3324 0.0437071 1.060716 1
4595571.9960 5437438.0435  22.1079 0.0634719 1.217046 2
4595571.9477 5437437.6438  20.7980 0.0492670 1.206852 3
4595572.0194 5437437.5535  22.0739 0.1732535 1.160141 0
4595572.1466 5437437.9306  24.8615 0.1820675 1.118831 0
4595572.1762 5437437.4944  25.0019 0.1495128 1.058532 1
4595572.0945 5437436.8081  22.7889 0.0506244 1.186934 3
4595572.2517 5437437.4477  26.3950 0.1904176 1.044479 0
4595572.2283 5437436.5642  25.1080 0.1592895 1.132200 0
4595572.3071 5437436.5511  26.6012 0.0860316 1.092558 1
4595572.2436 5437436.0089  24.8242 0.0386081 1.051418 2
4595572.2269 5437435.8659  24.3552 0.0132672 0.707000 2
4595572.1590 5437435.2863  22.4550 0.0475892 1.335222 3
4595572.3806 5437436.4947  27.9501 0.0391676 1.096342 1
4595572.3452 5437436.1906  26.9515 0.0606426 1.069523 3
4595572.5595 5437437.3526  32.1655 0.0865150 1.106776 1
4595572.4259 5437436.1987  28.4995 0.0465988 1.316807 3
4595572.5302 5437436.4183  30.7197 0.1501677 1.489206 0
4595572.6227 5437436.5392  32.5952 0.1692609 1.123305 0
4595572.6245 5437435.8720  31.9000 0.1026533 1.238736 1
4595572.5559 5437435.2692  29.9686 0.0603282 1.162946 3
4595572.4846 5437433.9515  27.1862 0.1119987 1.110982 1
4595572.4905 5437433.3069  26.5269 0.0876045 1.133103 1
4595571.2209 5437439.6940  23.7653 0.0763114 0.963355 1
4595570.8682 5437436.8794  14.2716 0.0398147 1.043561 3
4595571.2385 5437439.1604  23.5264 0.0320188 1.005247 1
4595571.1367 5437438.3434  20.7759 0.1796787 1.070348 3
4595571.2623 5437438.6762  23.4608 0.0546430 1.764354 1
4595571.1634 5437437.8779  20.8050 0.1412266 1.128301 3
4595571.3504 5437438.7127  25.1408 0.1043624 1.218157 0
4595571.3769 5437438.2518  25.1629 0.0673972 1.114291 1
4595571.4530 5437438.1980  26.5298 0.1258563 1.392414 0
4595571.4918 5437437.8411  26.9019 0.1562459 1.116136 0
4595571.4058 5437436.4481  23.9179 0.0281782 1.008351 3
4595571.4850 5437436.4232  25.3797 0.0653647 1.185524 1
4595571.5671 5437436.4281  26.9260 0.1168874 1.096609 1
4595571.6495 5437436.4377  28.4830 0.0824802 1.216899 1
4595571.6646 5437435.8835  28.2194 0.1505552 1.773222 0
4595571.7781 5437436.1655  30.6266 0.1786754 1.094448 0
4595571.7799 5437435.4990  29.9946 0.0341567 1.035279 1
4595571.8190 5437435.1507  30.3489 0.1501782 1.077307 0
4595570.7395 5437438.2299  24.3745 0.0388796 1.047186 1
4595570.6878 5437437.8132  22.9849 0.0364218 0.938806 2
4595570.7743 5437437.8324  24.6051 0.0550634 1.128840 1
4595570.9274 5437436.3623  25.9417 0.0690414 1.162845 1
4595571.0145 5437436.4031  27.6013 0.0456239 1.221929 1
4595571.0649 5437436.1413  28.2781 0.0422249 1.110496 1
4595570.4778 5437435.5897   0.0814 0.0741911 1.062464 3
4595570.4151 5437436.0107   0.0220 0.5266122 1.066960 3
4595570.3511 5437436.4352   0.0046 0.7479625 1.069645 0
4595570.2844 5437436.8654   0.0775 0.6868198 1.058195 0
4595571.2049 5437433.8697   0.0186 0.4975564 1.054264 3
4595571.1410 5437434.2938   0.0341 0.4512884 1.059828 3
4595570.5005 5437435.9683  17.2821 0.0980645 1.023690 1
4595571.0754 5437434.7214   0.0944 0.1538214 1.077976 3
4595570.2433 5437436.7956  23.1569 0.0390051 1.185590 2
4595571.0096 5437435.1494   0.1569 0.0431550 1.043383 3
4595570.9453 5437435.5743   0.1658 0.1252067 1.120593 3
4595570.8811 5437435.9987   0.1387 0.4934282 1.047217 3
4595570.8181 5437436.4208   0.0797 0.7390651 1.059771 0
4595570.7529 5437436.8470   0.1016 0.3801365 1.026289 3
4595570.6899 5437437.2696   0.0553 0.5288295 1.070037 3
4595570.6249 5437437.6958   0.0773 0.3345229 1.052294 3
4595570.5614 5437438.1187   0.0563 0.6296736 1.065055 0
4595570.7804 5437434.6249  28.6876 0.0933082 1.337471 1
4595570.7087 5437435.0465  29.0461 0.0504138 1.307502 1
4595571.6997 5437432.8158  -0.0093 0.3059832 1.053602 3
4595570.6379 5437435.4663  29.3726 0.0432183 1.160238 1
4595570.8509 5437434.9912  23.1307 0.0582225 1.635580 2
4595571.6365 5437433.2384   0.0075 0.1579089 1.019547 3
4595570.7845 5437435.4041  23.3090 0.0872612 1.188952 1
4595571.5727 5437433.6616   0.0400 0.1659183 1.036015 3
4595570.7242 5437435.8047  23.2833 0.0245571 0.920907 1
4595570.8280 5437435.5772  20.2278 0.1094671 1.141476 3
4595570.7677 5437435.9788  20.1844 0.1704275 1.109159 0
4595570.5112 5437436.8032  25.9825 0.0332277 1.041479 1
4595571.3789 5437434.9379   0.1433 0.0912625 1.116431 3
4595570.3972 5437437.3150  27.6013 0.0694980 1.152745 1
4595570.4198 5437437.2669  26.9221 0.0300397 0.901264 2
4595570.5394 5437437.0123  23.3323 0.0853005 1.061722 3
4595570.6894 5437436.9693  16.9824 0.0283301 0.880052 1
4595571.2494 5437435.7889   0.1766 0.4839408 1.047466 3
4595570.4229 5437437.8038  23.1876 0.0477590 1.283914 1
4595571.1845 5437436.2146   0.1648 0.4760830 1.048658 3
4595571.1209 5437436.6372   0.1237 0.5881100 1.061464 0
4595571.0576 5437437.0596   0.0770 0.5513777 1.073766 3
4595570.9934 5437437.4845   0.0599 0.5618287 1.046939 0
4595570.9296 5437437.9080   0.0373 0.7077935 1.077219 0
4595570.8648 5437438.3335   0.0497 0.7838873 1.056393 0
4595570.7998 5437438.7593   0.0728 0.7897728 1.052548 0
4595571.1421 5437434.0014  28.6334 0.0355620 0.912041 1
4595571.3225 5437433.5858  23.4081 0.0427878 0.998361 2
4595571.1491 5437434.7703  23.2389 0.0924796 1.248585 1
4595571.9412 5437432.9922  -0.0500 0.0371231 0.965897 3
4595571.3705 5437434.5437  14.9593 0.1391692 1.113840 1
4595571.8782 5437433.4141  -0.0258 0.0584548 1.083166 3
4595570.9333 5437435.7810  26.0441 0.0355464 1.112512 1
4595571.3137 5437434.9422  14.8315 0.1122684 1.229934 3
4595570.9836 5437435.9379  22.7662 0.0499443 1.150152 1
4595571.0691 5437435.7512  20.2488 0.0984600 1.047620 3
4595570.8131 5437436.5772  26.0025 0.0359811 1.077311 1
4595570.9091 5437436.3695  23.1555 0.0206958 0.963609 2
4595570.9306 5437436.3229  22.5182 0.0437462 1.197227 3
4595570.7176 5437437.0516  27.0477 0.0671964 1.046888 1
4595570.8457 5437436.7773  23.2247 0.0674508 1.039820 3
4595570.6521 5437437.4602  27.2155 0.0896255 1.044482 1
4595570.9888 5437436.7457  17.1128 0.0816809 1.156893 3
4595570.7314 5437437.5648  23.0054 0.0644712 0.983189 1
4595571.4899 5437435.9715   0.1886 0.3243942 1.071573 3
4595571.4240 5437436.3999   0.2075 0.5517098 1.038302 0
4595571.3615 5437436.8208   0.1371 0.6438273 1.042316 0
4595571.2977 5437437.2447   0.1036 0.6934273 1.055351 0
4595571.2344 5437437.6683   0.0589 0.6838065 1.071957 0
4595571.1695 5437438.0940   0.0716 0.6920325 1.081571 0
4595571.1062 5437438.5170   0.0361 0.7102357 1.043050 0
4595571.0399 5437438.9460   0.1130 0.5562091 1.054194 3
4595570.9752 5437439.3721   0.1313 0.6086196 1.054536 3
4595571.8267 5437432.9306  23.6354 0.0454317 1.048867 1
4595571.7171 5437433.7063  23.4042 0.0675405 1.121609 1
4595571.4786 5437434.5090  28.5628 0.0686998 1.090922 1
4595571.4725 5437434.7849  27.0383 0.0281050 0.960946 1
4595571.4042 5437435.2010  27.3089 0.0434479 1.083833 1
4595571.5328 5437434.9158  23.5721 0.0501841 1.167485 2
4595571.8257 5437434.2666  15.0669 0.0763234 1.252452 3
4595571.2106 5437435.8913  31.1811 0.0521042 0.987021 1
4595571.3091 5437435.6749  28.3362 0.0934731 1.566535 3
4595571.2335 5437436.1059  28.7667 0.0913174 1.464719 1
4595571.4390 5437435.6587  22.8064 0.0296075 1.237310 2
4595571.6959 5437435.0995  15.2922 0.0387889 1.116949 3
4595571.3364 5437436.1509  24.0021 0.0374826 0.916843 1
4595571.3635 5437436.0924  23.2106 0.0774036 1.094189 2
4595571.4623 5437435.8794  20.3317 0.0274967 0.914246 3
4595571.2748 5437436.5539  24.0128 0.1637367 1.150012 0
4595571.1898 5437437.0062  24.7203 0.1248283 1.019719 1
4595571.2180 5437436.9466  23.8885 0.0164130 0.783970 3
4595571.1351 5437437.3938  24.5456 0.1194734 1.059078 0
4595571.1592 5437437.6189  22.0137 0.1270664 1.108641 0
4595571.1423 5437437.9312  20.6880 0.1258684 1.061206 0
4595570.9774 5437438.5456  23.8263 0.0560619 1.130002 1
4595571.0829 5437438.3314  20.6398 0.0622308 1.150769 2
4595571.2322 5437438.0283  16.1354 0.0389243 1.169478 3
4595571.6993 5437437.3750   0.1327 0.6096269 1.049841 0
4595571.6354 5437437.7993   0.0987 0.6412154 1.088881 0
4595571.5723 5437438.2222   0.0453 0.6374554 1.065865 0
4595571.5071 5437438.6484   0.0710 0.7146228 1.072221 0
4595571.4425 5437439.0743   0.1014 0.7678630 1.037627 0
4595571.3786 5437439.4992   0.1085 0.6147146 1.071103 0
4595572.0799 5437433.8047  23.6028 0.0557185 1.107358 1
4595572.2055 5437433.5217  20.0146 0.0775193 1.168924 2
4595571.7838 5437434.7320  30.3836 0.0624868 1.111903 1
4595571.8563 5437434.5698  28.3164 0.0311417 1.371611 2
4595571.8490 5437434.8496  26.8283 0.2385385 1.077531 0
4595571.7515 5437435.3299  27.9238 0.1347101 1.063841 1
4595571.7969 5437435.2302  26.6154 0.0401426 1.120013 3
4595571.5922 5437435.9424  30.7863 0.1371944 1.143699 1
4595571.6615 5437435.7916  28.7963 0.0244932 0.991716 3
4595571.6120 5437436.1655  28.4786 0.0218053 0.877868 1
4595571.6581 5437436.0661  27.1494 0.1105658 1.135643 3
4595571.6537 5437436.3446  25.5200 0.1375284 1.049482 1
4595571.7030 5437436.2392  24.0912 0.0329900 1.078292 3
4595571.6245 5437436.6774  24.5971 0.1252151 1.071652 1
4595571.7846 5437436.3386  19.9435 0.0607680 1.064115 2
4595572.4543 5437434.9218   0.3889 0.0469066 1.306302 3
4595571.4961 5437437.2196  26.5615 0.1043264 1.029069 1
4595571.5507 5437437.1052  24.9652 0.0583331 1.156619 3
4595571.4236 5437437.6430  26.9103 0.1694069 1.071064 0
4595571.4215 5437437.9219  25.1813 0.0815626 0.980841 0
4595571.3644 5437438.3144  25.0744 0.0917756 1.201951 1
4595571.4269 5437438.1874  23.2142 0.0427359 1.196550 3
4595571.2943 5437438.7328  25.3772 0.0848149 1.143848 1
4595571.6087 5437438.1007  15.9674 0.0611319 1.189804 3
4595571.2982 5437439.0044  23.4535 0.0604245 1.283231 1
4595571.5422 5437438.5192  16.0909 0.0622538 1.368431 3
4595571.2288 5437439.4227  23.7375 0.0739647 1.061361 1
4595572.0111 5437437.8837   0.0980 0.3309016 1.052634 3
4595571.9470 5437438.3082   0.0681 0.6876603 1.068674 0
4595571.8837 5437438.7309   0.0455 0.6037113 1.063161 0
4595571.8181 5437439.1588   0.1050 0.5714997 1.088828 0
4595571.7558 5437439.5800   0.0673 0.6720221 1.073931 0
4595572.4184 5437432.7657  26.8095 0.0644339 1.079049 1
4595572.1259 5437434.4751  28.5502 0.1371269 1.056856 0
4595572.0096 5437434.9974  30.1783 0.1489427 1.120608 0
4595572.0362 5437435.2025  27.7162 0.0226563 0.938131 1
4595572.0718 5437435.1241  26.6946 0.1444078 1.116794 3
4595571.8739 5437435.8229  30.6769 0.1715956 1.150654 0
4595571.8874 5437436.0596  28.5627 0.1172543 1.143428 0
4595571.9367 5437436.2217  25.3937 0.1686939 1.032086 0
4595571.8724 5437436.6294  25.5017 0.0768912 1.030712 1
4595571.9021 5437436.5663  24.6418 0.0607623 1.279026 2
4595572.7338 5437434.7991   0.2922 0.0515714 1.004041 3
4595571.7805 5437437.0952  26.3984 0.0171310 0.862556 1
4595571.8285 5437436.9943  25.0001 0.1467320 1.222567 3
4595571.7086 5437437.5187  26.7221 0.1773434 1.124824 0
4595571.8029 5437437.5977  22.1556 0.1409749 1.089931 0
4595571.6469 5437438.1948  24.9620 0.0554279 1.108051 1
4595571.7068 5437438.0725  23.1859 0.0691388 1.085829 2
4595571.7581 5437437.9677  21.6641 0.0240956 1.124027 2
4595571.7892 5437437.9043  20.7429 0.0377813 1.220510 3
4595571.5755 5437438.6168  25.2890 0.1029666 1.080624 1
4595571.5694 5437438.9084  23.6761 0.0556283 1.205400 1
4595571.8395 5437438.3685  15.5501 0.0926444 2.152753 3
4595571.5177 5437439.2914  23.4320 0.0965999 1.199660 1
4595572.2900 5437437.7648   0.1430 0.3796586 1.094534 3
4595571.4557 5437439.6958  23.4992 0.0441048 0.991265 1
4595572.2282 5437438.1858   0.0421 0.6050025 1.046404 3
4595572.1639 5437438.6112   0.0328 0.6794871 1.067055 0
4595572.0998 5437439.0357   0.0596 0.5610608 1.066190 0
4595572.0023 5437439.5244   1.1117 0.1370390 1.247610 1
4595572.0361 5437439.4605   0.0686 0.3819066 1.135944 3
4595572.7118 5437433.1450  26.6231 0.1550197 1.097219 1
4595572.6441 5437433.5606  26.9071 0.1740831 1.482468 0
4595572.5775 5437433.9742  27.1464 0.0525707 1.119779 1
4595572.7633 5437433.8233  20.1689 0.1527081 1.190141 0
4595572.3569 5437434.9928  30.1033 0.1357675 1.096158 1
4595572.4172 5437434.8592  28.3932 0.0215464 0.901414 3
4595572.4212 5437435.1160  26.5799 0.2862509 1.010884 0
4595572.1639 5437435.9441  32.2371 0.2206824 1.071103 0
4595572.1878 5437436.1578  29.8560 0.1620686 1.170004 0
4595572.2387 5437436.3168  26.6784 0.1010640 1.050512 1
4595572.2439 5437436.5773  24.7877 0.0373186 1.036692 1
4595572.3070 5437436.4439  22.9669 0.1485676 1.060125 3
4595572.1234 5437437.1041  26.4954 0.2264499 1.035804 0
4595572.0654 5437437.4978  26.4106 0.1624008 1.175617 0
4595572.0526 5437437.7998  25.0059 0.2181141 1.082957 0
4595571.9904 5437438.2036  25.0426 0.0874310 1.048457 1
4595572.0899 5437438.0016  22.1144 0.0285185 1.117006 3
4595572.2447 5437437.9708  15.7256 0.1085827 1.049162 1
4595572.7676 5437436.9197   0.2801 0.1791089 1.101572 3
4595572.6631 5437437.4260   1.4531 0.0220730 0.929216 1
4595572.7065 5437437.3397   0.1655 0.4795342 1.070568 3
4595572.6170 5437437.8144   0.8946 0.1455986 1.751529 1
4595572.6459 5437437.7575   0.0331 0.0565520 0.926119 3
4595572.5800 5437438.1866   0.0585 0.5539040 1.070742 0
4595572.5162 5437438.6114   0.0330 0.7282685 1.069562 0
4595572.4520 5437439.0370   0.0661 0.7055735 1.063791 0
4595572.3882 5437439.4617   0.0881 0.6203190 1.040739 0
4595573.0669 5437433.6530  26.4042 0.1447059 1.287074 1
4595572.9855 5437434.0991  26.9921 0.1397581 1.075550 0
4595572.9316 5437434.4832  26.8379 0.0593981 1.070852 1
4595572.8301 5437434.9720  28.0496 0.1256498 1.080153 0
4595572.7144 5437435.4901  29.6759 0.1000294 1.074209 1
4595572.7766 5437435.3553  27.8989 0.0461572 1.201893 3
4595572.4971 5437436.4894  32.5873 0.2061307 1.116976 0
4595572.4996 5437436.7514  30.8112 0.0852960 1.024201 1
4595572.6583 5437436.4173  26.2786 0.0237819 1.098359 2
4595572.7199 5437436.2877  24.4994 0.0683106 1.520800 3
4595572.3851 5437437.2607  32.3430 0.1277750 1.083463 1
4595572.5942 5437436.8248  26.3803 0.0338912 1.050845 3
4595572.5320 5437437.2277  26.4144 0.1886098 1.066370 0
4595572.6217 5437437.3195  22.0739 0.0616123 1.088093 1
4595572.6962 5437437.1673  19.9286 0.1137717 1.065424 2
4595573.3678 5437435.7944   0.2834 0.0629037 0.977897 3
4595572.6412 5437437.5605  19.7252 0.0555135 1.046826 1
4595573.3074 5437436.2124   0.2889 0.5350752 1.059234 3
4595572.5017 5437438.1227  21.9778 0.0418844 1.124750 1
4595572.7188 5437437.6879  15.6685 0.0850319 1.126400 3
4595572.3579 5437438.6901  24.4067 0.1867225 1.088639 0
4595572.2988 5437439.0879  24.4027 0.0430993 1.055328 1
4595573.1067 5437437.5046   0.6159 0.1298675 1.431702 3
4595573.0295 5437437.9543   0.9869 0.2232117 1.287800 0
4595572.9798 5437438.3519   0.5408 0.2554012 1.505157 0
4595572.9310 5437438.7477   0.0996 0.7577979 1.062725 0
4595572.8652 5437439.1757   0.1890 0.5909911 1.063379 0
4595572.7959 5437439.6104   0.3777 0.5192397 1.065414 0
4595573.3634 5437433.5290  26.9285 0.0957805 1.201302 0
4595573.3066 5437433.9204  26.7847 0.2279640 1.491620 0
4595573.2467 5437434.3185  26.7430 0.1477021 1.121614 0
4595573.2696 5437434.5353  24.3989 0.0373336 1.107190 1
4595573.3503 5437434.3584  22.1337 0.1427541 1.474747 2
4595573.0274 5437435.3310  29.6227 0.2487600 1.109382 0
4595572.8816 5437435.9116  32.1734 0.2588399 1.693176 0
4595572.8167 5437436.3171  32.4026 0.0846597 1.082445 1
4595572.8759 5437436.1908  30.6990 0.0295354 1.254367 2
4595572.8991 5437436.1414  30.0311 0.0294760 0.990417 2
4595572.9629 5437436.0054  28.1905 0.0250213 1.037809 3
4595572.7675 5437436.6884  32.1449 0.1593901 1.063051 0
4595572.7125 5437437.0730  32.0079 0.1067026 1.099018 0
4595572.8509 5437437.0565  26.3356 0.1022028 1.008256 1
4595573.7516 5437435.1902   0.0676 0.0298335 0.976079 3
4595572.7976 5437437.4414  26.1270 0.1017608 1.080676 1
4595572.8602 5437437.3129  24.3257 0.0299896 1.066503 2
4595572.9345 5437437.1605  22.1882 0.1189945 1.115589 3
4595572.8845 5437437.5418  21.8684 0.0391904 1.081100 1
4595572.9494 5437437.4100  19.9938 0.1266942 1.064944 2
4595573.6198 5437436.0485   0.3675 0.0779527 1.125007 3
4595572.7369 5437438.1191  24.3669 0.0463639 1.252173 1
4595572.8697 5437437.8522  20.5222 0.0444593 1.186710 2
4595572.8962 5437437.7989  19.7532 0.0323589 1.103661 3
4595572.7950 5437438.2846  20.8982 0.1358191 1.101879 0
4595572.6356 5437438.8825  23.8052 0.0314504 1.101468 1
4595573.4296 5437437.3204   0.5272 0.1685842 1.346102 3
4595572.5689 5437439.2958  24.0205 0.0590988 1.058535 1
4595573.3435 5437437.7885   1.1758 0.1124635 1.057569 2
4595573.3695 5437437.7379   0.4105 0.0576728 1.217442 3
4595573.3041 5437438.1656   0.4356 0.1586743 1.961584 3
4595573.2506 5437438.5707   0.1196 0.6321273 1.047789 0
4595573.1853 5437438.9985   0.2021 0.4509420 1.085491 0
4595573.1161 5437439.4333   0.3996 0.4312578 1.102057 0
4595573.6401 5437433.4167  26.3787 0.1653025 1.438887 0
4595573.5728 5437433.8327  26.5206 0.0861324 1.260327 1
4595573.6553 5437433.6480  24.2686 0.0617383 1.145742 3
4595573.5872 5437434.0669  24.3983 0.1054760 1.070381 1
4595573.7244 5437433.7624  20.6349 0.0346083 1.030493 3
4595573.4439 5437434.6502  26.6729 0.0958760 1.045126 1
4595573.5206 5437434.4816  24.4998 0.0355186 1.214780 3
4595573.0731 5437436.2556  32.4105 0.1855274 1.088355 0
4595573.0316 5437436.6110  31.9697 0.1344864 1.155186 1
4595573.0681 5437436.5335  30.9283 0.0538114 1.929607 3
4595572.9733 5437437.0025  31.9456 0.0893327 1.130418 1
4595573.1728 5437436.5833  26.2335 0.0299764 1.039175 2
4595573.2105 5437436.5041  25.1516 0.0508322 1.252716 3
4595573.1122 5437436.9841  26.2538 0.0344754 1.054423 1
4595573.1615 5437436.8816  24.8372 0.0549809 1.064585 2
4595573.2587 5437436.6794  22.0393 0.0370773 1.132721 2
4595573.5083 5437436.1600  14.7429 0.0356271 1.052811 3
4595573.1953 5437437.0881  22.1313 0.1295071 1.110172 1
4595573.9457 5437435.5422   0.0479 0.0574519 1.055570 3
4595572.8140 5437438.1460  31.3880 0.0565749 1.070249 1
4595572.9821 5437437.8032  26.5391 0.1053160 1.218318 3
4595572.9962 5437438.0524  24.3785 0.1194621 1.083646 1
4595573.1271 5437437.7882  20.5832 0.0427777 1.272159 3
4595572.9296 5437438.4659  24.5469 0.1807670 1.162123 0
4595572.8667 5437438.8713  24.6634 0.1447646 1.161571 0
4595573.3809 5437439.3521   0.2792 0.4132038 1.081520 0
4595574.1690 5437433.7953  20.4215 0.1018086 1.116475 1
4595573.7361 5437435.0084  30.5970 0.1308203 1.052568 0
4595573.6349 5437435.4932  31.8149 0.0417582 1.132549 1
4595573.6745 5437435.4080  30.7018 0.1064625 1.071366 2
4595573.8240 5437435.0861  26.5001 0.0364369 1.476127 3
4595573.5098 5437436.0277  33.8419 0.0546415 1.139206 1
4595573.5648 5437435.9106  32.2573 0.0856368 1.270066 3
4595573.4929 5437436.3306  32.7683 0.1489829 1.099914 0
4595573.4577 5437436.6729  32.1671 0.1993667 1.221548 1
4595573.5168 5437436.5491  30.4884 0.0310230 1.611765 3
4595573.4523 5437436.9553  30.6654 0.1467319 1.058871 1
4595573.4970 5437436.8626  29.3975 0.0255597 1.181366 3
4595573.3756 5437437.3857  31.1783 0.1983553 1.050577 0
4595573.3177 5437437.7769  31.1384 0.1484546 1.103591 0
4595573.4872 5437437.7107  24.6078 0.1295081 1.080885 1
4595573.5910 5437437.5018  21.5979 0.0200000 0.941609 2
4595573.9825 5437436.7139  10.1622 0.0275639 1.095857 3
4595573.3314 5437438.8645  23.9257 0.0607860 1.068186 2
4595574.1465 5437437.2752  -0.0661 0.0351486 1.162976 3
4595573.1589 5437439.4816  27.2565 0.0500283 1.152116 1
4595574.0822 5437437.7011   0.0662 0.2946700 1.161363 3
4595574.0202 5437438.1232   0.1715 0.5258663 1.078899 0
4595573.9569 5437438.5480   0.2677 0.5122465 1.111090 0
4595573.8950 5437438.9694   0.2573 0.7086173 1.064911 0
4595573.7945 5437439.4625   1.3972 0.0226516 0.859137 1
4595573.8313 5437439.3947   0.3002 0.6210970 1.056021 3
4595574.3456 5437433.4768  28.2726 0.0671357 1.033782 1
4595574.2492 5437433.9552  29.1345 0.1054323 0.964304 1
4595574.2975 5437433.8483  27.8481 0.0875347 1.320180 3
4595574.2003 5437434.3277  28.7396 0.0539092 1.064339 1
4595574.2549 5437434.2079  27.2745 0.0573858 1.534950 3
4595574.0672 5437435.4200  27.4874 0.0475183 1.155377 3
4595573.7859 5437436.2861  33.9139 0.1253576 1.119303 1
4595573.8267 5437436.1999  32.7425 0.0273623 1.266704 3
4595573.7742 5437436.5786  32.6622 0.1380691 1.134517 0
4595573.7193 5437436.9624  32.5978 0.0371988 1.267240 1
4595573.7851 5437436.8259  30.7117 0.2179019 1.091907 3
4595573.7430 5437437.1849  30.2701 0.1558487 1.883335 0
4595573.7724 5437437.3987  27.7603 0.1581169 1.163150 0
4595573.7289 5437437.7638  27.3638 0.1964978 1.051972 0
4595573.6707 5437438.1584  27.3815 0.2013432 1.293454 0
4595573.6215 5437438.5354  27.1126 0.1573502 1.140661 1
4595574.5529 5437436.6973  -0.1711 0.0529226 1.137457 3
4595574.4910 5437437.1190  -0.2018 0.6209850 1.041668 0
4595573.6111 5437439.1197  24.0373 0.1474841 1.111809 0
4595574.3661 5437437.9642   0.0517 0.7824367 1.055833 0
4595574.2406 5437438.8105   0.3022 0.5527036 1.088783 0
4595574.1776 5437439.2346   0.3165 0.7333931 1.040542 0
4595574.4571 5437433.4631  29.6034 0.0385579 1.004705 1
4595574.4061 5437433.8398  29.2589 0.0856832 1.147930 1
4595574.4520 5437433.7371  28.0316 0.0540612 1.368473 2
4595574.3541 5437434.2196  28.9273 0.1288957 1.146269 0
4595574.2822 5437434.6425  29.1968 0.1969006 1.191748 0
4595574.2264 5437435.0302  29.1185 0.0954264 1.715004 1
4595574.2804 5437434.9124  27.6017 0.0598504 1.351662 3
4595573.9378 5437436.1856  34.0964 0.1836141 1.966800 0
4595573.8961 5437436.5401  33.7035 0.0545907 1.078760 1
4595573.9341 5437436.4594  32.6033 0.0543528 1.158624 2
4595573.9952 5437436.3297  30.8290 0.0336025 1.501027 2
4595574.0383 5437436.2381  29.5790 0.0369453 1.338357 3
4595573.8353 5437436.9349  33.8143 0.0277377 0.934264 1
4595573.8976 5437436.8038  32.0138 0.0893851 1.090260 2
4595573.9467 5437436.7005  30.5938 0.0761577 1.094842 3
4595573.8367 5437437.2005  32.1198 0.0308367 0.963230 1
4595573.9082 5437437.0516  30.0452 0.1242411 1.003006 2
4595573.9401 5437436.9852  29.1198 0.0330658 1.189086 3
4595573.9292 5437437.2811  27.7523 0.1515541 1.241184 0
4595573.8792 5437437.6584  27.5489 0.1211291 1.270834 0
4595573.8285 5437438.0374  27.3843 0.1416353 1.123501 0
4595573.7731 5437438.4258  27.3358 0.0984136 1.277368 1
4595574.7054 5437436.5601  -0.1840 0.2415315 1.019761 3
4595574.1499 5437437.9594  14.4924 0.0780875 1.016309 1
4595574.6426 5437436.9838  -0.2065 0.4157199 1.078223 3
4595574.5787 5437437.4092  -0.1890 0.6256043 1.076399 0
4595574.5175 5437437.8292  -0.0643 0.7195267 1.066212 0
4595574.4549 5437438.2520   0.1648 0.4653545 1.077809 0
4595574.3912 5437438.6770   0.3188 0.7005352 1.091549 0
4595574.3287 5437439.0998   0.3179 0.6066286 1.054183 0
4595574.2655 5437439.5232   0.3394 0.5368802 1.053209 0
4595574.7957 5437433.5890  29.3541 0.0706893 1.062651 1
4595574.6516 5437434.1738  31.4575 0.1228627 1.072599 1
4595574.5480 5437434.6659  32.5659 0.0272730 0.971003 1
4595574.6010 5437434.5492  31.1134 0.0928174 1.180332 3
4595574.4986 5437435.0375  32.3149 0.1707773 1.072256 0
4595574.4504 5437435.4071  32.0396 0.1971744 1.329114 0
4595574.2982 5437436.0005  34.7281 0.0709080 1.002289 1
4595574.3396 5437435.9119  33.5545 0.0849515 1.236178 2
4595574.3865 5437435.8113  32.2260 0.0274986 1.108529 3
4595574.2337 5437436.4037  34.9759 0.1897031 1.503695 0
4595574.2271 5437436.6841  33.5546 0.2295398 1.499089 1
4595574.2641 5437436.6062  32.4937 0.0299180 0.987068 3
4595574.1636 5437437.0855  33.7485 0.2104857 1.084273 0
4595574.1903 5437437.3008  31.3337 0.0948796 1.056326 1
4595574.3589 5437436.9528  26.4637 0.0190908 0.949562 3
4595574.1890 5437437.5766  29.7446 0.1869814 1.165352 0
4595574.5328 5437437.1556  18.0464 0.0576993 2.161656 2
4595575.1715 5437435.8630  -0.1951 0.2344449 1.078862 3
4595574.0990 5437438.3095  29.2510 0.0341204 1.187509 1
4595574.2069 5437438.0933  26.0657 0.0969929 1.153642 3
4595574.0976 5437438.5905  27.6685 0.1534048 1.081766 1
4595575.0450 5437436.7124  -0.1769 0.1202787 1.031679 3
4595574.9350 5437437.2289   1.1679 0.0898696 1.379437 1
4595574.9835 5437437.1337  -0.2347 0.3059117 1.095983 3
4595574.9135 5437437.5722  -0.0153 0.3655099 1.491379 0
4595574.7942 5437438.4077   0.1617 0.6343312 1.078257 0
4595574.6683 5437439.2554   0.2924 0.7363799 1.061467 0
4595574.9970 5437434.5362  30.7803 0.0921024 1.058518 1
4595574.9201 5437434.9693  31.2818 0.0167488 0.828718 1
4595574.9819 5437434.8354  29.5929 0.1752235 1.068725 3
4595574.8512 5437435.3846  31.5676 0.0451440 1.394983 1
4595574.9080 5437435.2625  30.0085 0.0831364 1.173153 3
4595574.7293 5437435.9120  33.3286 0.0835538 1.065745 1
4595574.7800 5437435.8042  31.9286 0.1326846 1.358067 3
4595574.6579 5437436.3307  33.7102 0.0400945 1.581870 1
4595574.7111 5437436.2186  32.2359 0.0989008 1.121799 3
4595574.6777 5437436.5582  31.5537 0.1247209 1.182575 0
4595574.6173 5437436.9543  31.6191 0.1784772 1.122167 1
4595574.6710 5437436.8433  30.1205 0.0447365 1.542020 3
4595574.6690 5437437.1212  28.5399 0.1432568 1.667444 0
4595574.6075 5437437.5223  28.6290 0.1169363 0.990614 1
4595574.6404 5437437.4556  27.6896 0.1353300 1.132936 3
4595574.5777 5437437.8593  27.9992 0.1662201 1.073366 0
4595574.4857 5437438.3207  29.2320 0.0320583 1.019201 1
4595574.5194 5437438.2538  28.2278 0.0958800 0.989464 3
4595574.4545 5437438.6617  28.5628 0.1651995 1.503879 0
4595575.3372 5437437.2263   0.9693 0.2002661 1.300744 1
4595575.3787 5437437.1455  -0.2186 0.0881102 1.159633 3
4595575.2929 5437437.6134   0.4543 0.2088830 1.278044 0
4595575.2245 5437438.0483   0.7265 0.0476634 1.118471 1
4595575.2532 5437437.9936  -0.1256 0.4175219 1.109717 3
4595575.1897 5437438.4190   0.0190 0.4940361 1.086442 0
4595575.1262 5437438.8438   0.0981 0.5720672 1.075966 0
4595575.0648 5437439.2653   0.0969 0.5088292 1.061596 0
4595575.2612 5437434.3443  29.9899 0.0637814 1.010818 1
4595575.2093 5437434.7233  29.7526 0.1729215 1.463664 0
4595575.0939 5437435.2401  31.3155 0.0505634 1.305462 1
4595575.1354 5437435.1503  30.1727 0.0800044 1.132958 3
4595575.2803 5437435.1075  24.5494 0.0559973 1.181048 1
4595575.3603 5437434.9360  22.3376 0.1406401 1.067100 3
4595574.9596 5437436.0625  31.8193 0.0814984 1.036836 1
4595575.0535 5437435.8631  29.2084 0.0808402 1.014171 3
4595574.8968 5437436.4634  31.9627 0.1006463 1.014994 1
4595574.9262 5437436.4014  31.1409 0.1032829 1.165591 3
4595574.8562 5437436.8186  31.4647 0.0600904 1.301169 1
4595574.9114 5437436.7036  29.9227 0.0520991 1.158122 2
4595574.9641 5437436.5937  28.4495 0.0390318 1.300568 3
4595574.8058 5437437.1944  31.2441 0.0262924 0.840711 1
4595574.8389 5437437.1261  30.3133 0.1119160 1.009151 2
4595574.9030 5437436.9935  28.5097 0.0233357 0.999330 3
4595574.8386 5437437.3998  28.6719 0.2296411 1.104062 0
4595574.7776 5437437.7996  28.8739 0.0293319 1.068908 1
4595574.8841 5437437.5840  25.7479 0.0739800 1.336196 2
4595574.9612 5437437.4280  23.5264 0.0522164 1.256688 3
4595574.7504 5437438.1313  28.1406 0.0551538 0.997231 1
4595574.8273 5437437.9772  25.8585 0.0721132 1.117839 3
4595574.7662 5437438.3784  26.1183 0.1473258 1.072798 0
4595575.5767 5437437.0697   0.7242 0.1116506 1.074870 1
4595575.6044 5437437.0154  -0.0671 0.1014887 1.253957 3
4595575.5122 5437437.4968   0.7419 0.2277778 1.037566 1
4595575.5397 5437437.4435  -0.0449 0.0867413 1.253876 3
4595575.4214 5437438.2764  -0.1445 0.5905599 1.057603 0
4595575.3579 5437438.7021  -0.0624 0.7406395 1.069707 0
4595575.4952 5437434.3369  30.0699 0.0754050 1.255723 1
4595575.4330 5437434.7389  30.1158 0.0747436 1.464472 1
4595575.6306 5437434.3060  24.7696 0.0946124 1.154595 2
4595575.3694 5437435.1434  30.2644 0.1442975 1.083345 0
4595575.3298 5437435.4969  29.7419 0.0251550 1.044988 1
4595575.5075 5437435.1143  24.8162 0.0843875 1.001197 3
4595575.2949 5437435.8406  29.1026 0.1467533 1.231615 0
4595575.1348 5437436.4497  31.9626 0.1564858 1.340471 0
4595575.1498 5437436.6884  29.9109 0.1890408 1.076199 0
4595575.0366 5437437.1957  31.4437 0.0323127 1.014936 1
4595575.0826 5437437.1003  30.1487 0.0856334 1.045410 3
4595575.0195 5437437.5028  30.2791 0.0313854 0.973686 1
4595575.0777 5437437.3835  28.6332 0.0862894 1.007894 2
4595575.1158 5437437.3052  27.5544 0.0521557 1.128267 3
4595575.0159 5437437.7853  28.8196 0.0838872 1.087145 1
4595575.1303 5437437.5528  25.4803 0.0812258 1.088028 3
4595575.0638 5437437.9659  25.8330 0.1208778 1.093276 0
4595574.9985 5437438.3758  26.1789 0.1382963 1.135217 1
4595575.0621 5437438.2491  24.2862 0.0666490 1.648363 3
4595574.9322 5437438.7883  26.4747 0.0720032 1.189293 1
4595574.9900 5437438.6745  24.7781 0.0480827 1.168352 3
4595575.7467 5437437.4832   0.8213 0.1327572 1.048530 1
4595575.7814 5437437.4156  -0.1778 0.1856497 1.170783 3
4595575.7153 5437437.8466  -0.0585 0.3696265 1.414174 0
4595575.6518 5437438.2714   0.0049 0.2762239 1.429361 0
4595575.5940 5437438.6862  -0.1162 0.4915495 1.180818 0
4595575.5313 5437439.1101  -0.1216 0.6429215 1.046870 0
4595575.7518 5437434.5164  30.6377 0.0347168 1.290631 1
4595575.7795 5437434.4553  29.8972 0.0255782 1.063843 2
4595575.9098 5437434.1686  26.4398 0.0676744 1.036595 3
4595575.7026 5437434.8900  30.3798 0.0244562 0.946591 1
4595575.8429 5437434.5839  26.5506 0.0783300 1.036046 3
4595575.7844 5437434.9800  26.5273 0.1414374 1.176556 1
4595575.6670 5437435.5031  28.1354 0.1047127 1.122378 1
4595575.8287 5437435.1564  23.6730 0.0584409 1.126750 3
4595575.6009 5437435.9153  28.3622 0.1685089 1.060890 0
4595575.4492 5437436.5067  30.9899 0.2087832 1.204889 1
4595575.5857 5437436.2193  27.1666 0.0220264 0.968410 3
4595575.4338 5437436.8099  29.7819 0.1060424 1.273525 1
4595575.6895 5437436.2770  22.6211 0.0381275 1.223025 3
4595575.3651 5437437.2256  30.0542 0.1333898 1.271339 0
4595575.3520 5437437.5264  28.7761 0.0286729 0.940426 1
4595575.3815 5437437.4661  27.9366 0.0908237 1.168691 3
4595575.2888 5437437.9314  29.0045 0.0398817 1.011545 1
4595575.3174 5437437.8734  28.1718 0.0594081 1.226586 2
4595576.3100 5437435.8655  -0.0674 0.1521014 1.028860 3
4595575.2551 5437438.2765  28.3902 0.0382142 1.078308 1
4595575.3644 5437438.0576  25.1884 0.0636162 1.186296 2
4595575.4294 5437437.9276  23.2966 0.0561059 1.386200 3
4595575.2718 5437438.5223  26.2857 0.0929304 1.053077 1
4595575.3475 5437438.3724  24.0554 0.0403184 1.123551 3
4595575.2776 5437438.7937  24.4271 0.1085960 1.166221 0
4595575.2214 5437439.1874  24.3821 0.1344792 1.126994 1
4595576.0616 5437437.5581  -0.1208 0.0448534 0.996806 3
4595575.9995 5437437.9813  -0.1064 0.5016957 1.122599 0
4595575.9393 5437438.4004  -0.1425 0.5364603 1.121796 0
4595575.8491 5437438.8763   0.6694 0.1077290 1.032828 1
4595575.8766 5437438.8249  -0.1335 0.1267015 1.119236 3
4595575.8138 5437439.2498  -0.1360 0.5607146 1.080235 3
4595576.0055 5437434.4894  31.1663 0.0551980 1.005963 1
4595576.0506 5437434.3898  29.9661 0.0354258 1.171008 2
4595576.0216 5437434.7195  29.1199 0.1088443 1.041093 1
4595576.1132 5437434.5191  26.6272 0.0708225 1.148036 3
4595576.1607 5437434.6864  23.6965 0.1919825 1.072156 1
4595575.9297 5437435.4555  28.4009 0.1731965 1.019919 0
4595575.8820 5437435.8285  28.1146 0.1553984 1.070332 0
4595575.7139 5437436.4553  31.2009 0.1863646 1.199748 0
4595575.7000 5437436.7551  29.9645 0.0980494 1.042784 1
4595575.9649 5437436.2013  22.5394 0.0658827 1.169219 3
4595575.6370 5437437.1590  30.0800 0.1061320 1.185245 1
4595575.7379 5437436.9502  27.2548 0.0353748 1.217873 2
4595575.8993 5437436.6160  22.7257 0.0236687 0.888857 3
4595575.6514 5437437.4036  28.0219 0.0516699 1.165294 1
4595576.6428 5437435.3712   0.0047 0.2685001 1.113747 3
4595575.5580 5437437.8700  29.0489 0.1024589 1.109529 1
4595575.6336 5437437.7165  26.8898 0.1094814 1.173681 3
4595575.5229 5437438.2179  28.4320 0.0522165 1.038137 1
4595576.5205 5437436.2138  -0.0553 0.3230528 1.059030 3
4595575.6109 5437438.3218  24.2577 0.0435290 1.315728 1
4595575.6541 5437438.2360  23.0131 0.0617321 1.213936 2
4595576.4575 5437436.6387  -0.0298 0.1269628 1.102648 3
4595576.3975 5437437.0576  -0.0966 0.3699576 1.075144 0
4595576.3345 5437437.4821  -0.0780 0.3948099 1.110013 0
4595576.2732 5437437.9043  -0.0975 0.6973882 1.052505 0
4595576.2118 5437438.3262  -0.1060 0.5258725 1.089426 0
4595576.1031 5437438.8366   1.2577 0.0870847 0.934401 1
4595576.1179 5437438.8087   0.8238 0.0552905 1.278417 2
4595576.1437 5437438.7601   0.0685 0.0965007 1.402505 3
4595576.0859 5437439.1758  -0.0745 0.4799379 1.235282 3
4595576.2618 5437434.4048  31.2456 0.0998921 1.050669 1
4595576.2798 5437434.6300  29.1346 0.0804714 1.198212 1
4595576.3626 5437434.7176  25.2473 0.0789279 0.985903 1
4595576.1855 5437435.3717  28.4639 0.1309108 1.091734 0
4595576.1859 5437435.6413  26.8321 0.1436192 1.071516 1
4595576.2283 5437435.5505  25.6502 0.0668535 1.233239 3
4595575.9749 5437436.3608  31.1191 0.0917250 1.193722 1
4595576.1212 5437436.0505  27.0223 0.0349280 1.109523 3
4595576.2377 5437436.0798  22.1147 0.1485457 1.227421 0
4595576.1640 5437436.5115  22.5399 0.1820180 1.072363 3
4595575.9552 5437437.2204  26.7644 0.0776899 1.072517 1
4595576.8991 5437435.2755   0.0273 0.2485431 1.084209 3
4595575.8141 5437437.7859  29.1208 0.1049878 1.021142 1
4595575.8932 5437437.6244  26.8624 0.0209923 1.028628 3
4595575.7849 5437438.1215  28.3281 0.0613237 1.020700 1
4595575.8338 5437438.0228  26.9255 0.1041756 1.106959 2
4595576.7745 5437436.1232   0.0204 0.0332279 1.029233 3
4595575.9056 5437438.1585  23.2124 0.1486352 1.076865 1
4595576.7133 5437436.5443   0.0067 0.0797956 1.083031 3
4595575.8180 5437438.6158  24.0643 0.1458271 1.163259 0
4595576.5919 5437437.3857  -0.0638 0.6777344 1.077743 0
4595576.5308 5437437.8071  -0.0792 0.3733700 1.133435 0
4595576.3152 5437438.5241   4.4185 0.0436251 1.236667 1
4595576.4640 5437438.2393   0.0663 0.2005812 1.363492 3
4595576.3902 5437438.6847   0.4114 0.2243103 1.786593 0
4595576.4915 5437435.3774  28.5182 0.1681995 1.112309 0
4595576.4894 5437435.6525  26.9563 0.1611359 1.026622 0
4595576.4313 5437436.0481  26.9647 0.0724400 1.094538 1
4595576.2111 5437436.7844  31.5037 0.1267441 1.011556 0
4595576.4753 5437436.5078  22.4636 0.1421864 1.079251 1
4595577.2737 5437434.8500   0.0095 0.0987872 1.021771 3
4595576.2699 5437437.2099  26.5989 0.0405964 0.986772 1
4595576.4191 5437436.9032  22.3947 0.1288162 1.107215 3
4595576.3626 5437437.2992  22.3284 0.1542010 1.137592 0
4595577.0826 5437436.1297   0.0811 0.6298087 1.064867 0
4595576.0810 5437438.4275  27.0510 0.1537339 1.149822 0
4595576.9616 5437436.9708   0.0141 0.6723533 1.076371 0
4595576.8349 5437437.5205   1.9011 0.0342081 0.944910 1
4595576.9006 5437437.3920  -0.0057 0.5636387 1.045175 3
4595576.8402 5437437.8123  -0.0374 0.4291402 1.060715 0
4595576.8223 5437435.0250  28.7365 0.0270581 0.893250 1
4595576.7724 5437435.4019  28.4734 0.0938977 1.109036 0
4595576.7693 5437435.6795  26.9459 0.0430950 1.023857 1
4595576.8231 5437435.5647  25.4475 0.1120370 1.058396 3
4595576.7083 5437436.0814  27.0364 0.0873961 1.093052 1
4595576.8710 5437436.0147  20.8438 0.0562175 1.097937 1
4595576.7519 5437436.5415  22.5509 0.1907429 1.041282 0
4595577.4878 5437435.3084   0.0706 0.5601530 1.168098 0
4595576.6518 5437437.3068  22.0799 0.1820309 1.061294 0
4595577.3605 5437436.1619   0.1469 0.4027269 1.200623 0
4595577.3026 5437436.5763   0.0413 0.5368387 1.091741 0
4595577.2406 5437437.0002   0.0555 0.7053808 1.069639 0
4595577.0343 5437434.6937  30.4883 0.1553721 1.116254 0
4595577.0477 5437435.1997  26.8607 0.1104478 1.312332 1
4595577.1056 5437435.0739  25.2643 0.0437382 1.268004 3
4595577.0409 5437435.4854  25.3961 0.1461222 1.072948 0
4595576.9258 5437436.0040  27.0020 0.1288628 1.044692 1
4595577.0285 5437436.0604  22.4772 0.1563434 1.035407 1
4595576.9763 5437436.4474  22.3053 0.1310651 1.095392 1
4595577.0339 5437436.3268  20.6722 0.0437880 1.616691 3
4595576.8691 5437437.2274  22.0411 0.1806312 1.125319 0
4595577.5721 5437436.0818   0.1926 0.3698423 1.155207 0
4595577.5160 5437436.4930   0.0264 0.7141586 1.051384 0
4595577.2397 5437435.0618  29.8981 0.0530782 1.111446 1
4595577.2857 5437435.5010  25.3418 0.1646605 1.061013 0
4595577.1690 5437436.0235  26.9998 0.1106932 1.061770 1
4595577.2697 5437436.0839  22.5303 0.0874199 1.086911 1
4595577.2449 5437436.4135  21.5828 0.0310157 0.948915 1
4595577.5666 5437435.5038  25.2803 0.1386948 1.100608 0
4595577.4485 5437436.0293  26.9732 0.0574330 1.214679 1
4595576.9098 5437437.6762  -0.0229 0.1253468 1.027815 3
4595576.4009 5437437.6109  -0.0240 0.0886473 1.073033 3
4595577.4948 5437435.2832  25.3043 0.1032371 1.088776 1
4595577.2215 5437435.9568  21.5558 0.0372734 1.080430 3
4595575.6474 5437438.9180  -0.0920 0.5035571 1.194132 0
4595577.2052 5437435.9113  27.0062 0.1392046 1.078909 1
4595577.2213 5437435.4403  27.1581 0.0625879 1.024163 1
4595576.8773 5437436.2932  22.4784 0.0821953 1.217932 2
4595577.0997 5437435.3103  25.4481 0.1471738 1.068407 0
4595575.2475 5437438.9567   0.1011 0.1022548 1.088714 3
4595576.8915 5437436.1849  27.0425 0.1596325 1.038331 0
4595577.1142 5437435.1989  30.0347 0.0503292 1.119605 1
4595577.1013 5437434.8043  29.8365 0.1168604 1.197816 0
4595575.7586 5437438.2547  21.7386 0.0300326 1.140475 2
4595576.1691 5437435.9360  27.0474 0.1351807 1.100240 0
4595576.2758 5437435.2443  28.4341 0.1491951 1.032558 0
4595576.0804 5437435.2938  25.6940 0.1421116 1.074075 0
4595576.0530 5437434.9309  25.2701 0.0611913 1.184176 3
4595575.7615 5437437.5468  29.2273 0.1126607 1.055555 1
4595575.3844 5437438.4978  24.2815 0.0218941 0.830717 3
4595575.6030 5437437.5185  26.9907 0.1227461 1.061595 0
4595575.9185 5437436.3040  31.2184 0.0957682 1.113336 0
4595575.4656 5437437.0029  24.9977 0.0544608 1.072460 1
4595575.1844 5437437.7000  21.2335 0.1390724 1.076013 3
4595575.7094 5437435.9723  28.2249 0.1206947 1.014419 1
4595575.6251 5437436.1801  27.0923 0.0471727 1.141672 3
4595575.7271 5437435.5026  28.3687 0.2111595 1.179406 0
4595575.4797 5437438.0210  29.3376 0.0239009 0.986169 1
4595575.4062 5437438.2080  28.3936 0.0747539 1.134379 2
4595575.0982 5437438.5627  24.3364 0.0811400 1.403251 1
4595575.5456 5437437.0077  30.0220 0.0222260 0.843765 1
4595575.1950 5437437.8902  25.3551 0.0472102 1.075972 3
4595575.6363 5437436.3572  31.1876 0.1664342 1.149258 0
4595575.1975 5437437.0278  25.1346 0.1649460 1.057191 0
4595575.4446 5437435.9877  28.4031 0.0600238 1.027139 1
4595575.3534 5437436.2135  27.1743 0.0838643 1.085876 3
4595575.4424 5437435.5689  28.2706 0.1044151 1.139971 0
4595575.2635 5437435.5824  25.7637 0.1414013 1.185728 0
4595575.1955 5437435.3198  24.7583 0.0688691 1.087177 1
4595574.9704 5437435.8669  21.7138 0.0434870 0.992164 2
4595574.7612 5437436.3753  18.8842 0.0426213 1.106182 2
4595574.3818 5437436.4183  13.6255 0.0523922 1.371043 0
4595573.4166 5437435.1087   0.1186 0.0388221 1.149554 3
4595574.6461 5437438.6694  26.4687 0.1197567 1.039114 1
