    X-Koord.     Y-Koord. Z-Koord.      Int.   Pulsb. W
4595547.0516 5437444.2454   0.2549 0.0621941 0.969185 3
4595547.1059 5437443.2426   0.1165 0.3034306 1.002542 0
4595547.1253 5437442.7057  -0.0439 0.0639833 1.165176 3
4595546.1288 5437444.9062   0.0751 0.1837021 1.090155 3
4595546.1615 5437444.4272   0.0885 0.2992606 1.044969 3
4595546.1927 5437443.9425   0.0568 0.4844982 1.027711 0
4595546.2235 5437443.4538   0.0233 0.5199047 1.055142 0
4595546.2530 5437442.9601   0.0304 0.2178484 1.040470 3
4595546.2885 5437442.4925   0.1314 0.1370588 1.162141 3
4595546.3434 5437441.4857   0.0535 0.0554673 1.082673 3
4595545.2071 5437445.0406   0.1348 0.6262638 1.068766 0
4595545.2378 5437444.5525   0.1208 0.3402736 1.077880 3
4595545.2706 5437444.0728   0.1228 0.4106368 1.087621 3
4595545.2995 5437443.5768   0.0594 0.7654448 1.052838 0
4595545.3321 5437443.0961   0.1045 0.6015997 1.067639 0
4595545.3597 5437442.5939   0.0815 0.2304426 1.008902 3
4595545.3850 5437442.0817   0.0288 0.1519836 0.979324 3
4595547.5639 5437443.7115  28.2228 0.1294865 1.266466 2
4595547.6666 5437443.5839  29.3903 0.0916746 1.027013 1
4595544.0911 5437445.5065   0.0330 0.4170264 1.038737 0
4595544.1281 5437445.0431   0.1174 0.6306756 1.038340 0
4595544.1635 5437444.5738   0.1780 0.2628734 1.036449 3
4595544.1889 5437444.0644   0.0810 0.2433789 1.058863 3
4595544.2186 5437443.5714   0.0492 0.7631082 1.051202 3
4595544.2494 5437443.0814   0.0518 0.5425345 1.022670 3
4595544.2786 5437442.5866   0.0344 0.3746144 1.051112 3
4595544.6079 5437443.3268   4.5720 0.0433334 1.258090 3
4595546.4938 5437444.7413  28.6628 0.0945336 1.320412 2
4595546.4987 5437444.1762  28.2509 0.0548634 1.049465 1
4595546.3077 5437441.5541  23.9357 0.0693432 1.305792 1
4595546.3916 5437441.3322  24.7813 0.0599079 1.072564 1
4595546.3485 5437441.1395  24.1080 0.0412727 0.927238 2
4595546.9104 5437443.0662  32.3730 0.0329685 1.185973 1
4595546.8562 5437442.8226  31.5366 0.1088503 1.159742 2
4595546.7411 5437442.3055  29.7605 0.0349958 1.135125 3
4595546.9067 5437442.4618  31.8883 0.0248995 0.968373 1
4595546.8548 5437442.2274  31.0858 0.1064241 1.203194 2
4595546.7562 5437441.7822  29.5592 0.0252057 0.925761 3
4595546.8140 5437441.4506  30.0166 0.1089607 1.359977 1
4595543.1157 5437445.2651  -0.0327 0.0931861 1.041425 3
4595543.1483 5437444.7817  -0.0179 0.0952652 1.087960 3
4595543.1807 5437444.2989  -0.0016 0.4004343 1.026029 3
4595543.2178 5437443.8351   0.0844 0.1280968 1.078401 3
4595543.2472 5437443.3396   0.0560 0.4654917 1.085837 3
4595543.2726 5437442.8278  -0.0251 0.2009809 1.037903 3
4595543.3044 5437442.3403  -0.0060 0.2940479 1.069184 0
4595543.3351 5437441.8490   0.0093 0.2164822 1.034986 3
4595543.3650 5437441.3543   0.0021 0.1202104 0.999837 3
4595544.5873 5437443.3633  16.0090 0.0351279 1.017134 3
4595545.7229 5437444.6362  30.6151 0.1000131 1.125995 1
4595545.8041 5437444.4047  31.4013 0.1050155 1.176062 1
4595545.7266 5437444.0689  30.1895 0.0677717 1.735154 2
4595545.2373 5437441.9487  22.7713 0.0582014 1.698058 3
4595545.7253 5437443.4759  29.6771 0.0348589 1.289263 3
4595545.9010 5437443.6572  31.9315 0.1965683 1.892931 0
4595545.8337 5437442.7771  30.4845 0.0446262 1.132310 1
4595545.6300 5437441.8809  27.4141 0.0306113 1.387349 3
4595545.9226 5437442.5815  31.4105 0.1000065 1.066108 1
4595545.7602 5437441.8638  28.9575 0.0256901 0.951185 3
4595546.0274 5437442.4580  32.5774 0.0408731 0.999975 1
4595545.7498 5437441.2250  28.3647 0.0534764 1.272310 2
4595546.0443 5437441.9459  32.4090 0.0767566 1.024003 1
4595545.9843 5437441.6781  31.4996 0.0396288 1.056998 2
4595545.9229 5437441.4043  30.5662 0.0426339 1.186952 3
4595546.0832 5437441.5319  32.5743 0.0548850 1.277695 1
4595546.0251 5437441.2714  31.6824 0.0249549 0.766829 2
4595545.9748 5437441.0460  30.9095 0.0624960 1.795991 3
4595546.1231 5437441.1226  32.7363 0.0755934 1.003719 1
4595542.1981 5437445.4901   0.0683 0.0303325 0.887953 3
4595542.3622 5437443.0784   0.1885 0.1100080 1.077392 3
4595542.3839 5437442.5513   0.0535 0.0558302 1.064715 3
4595542.4090 5437442.0379  -0.0417 0.3483806 1.059826 0
4595542.4474 5437441.5767   0.0596 0.1160813 1.014509 3
4595542.4752 5437441.0713   0.0016 0.1430518 1.062315 3
4595544.4277 5437443.6862  24.8854 0.1161307 1.022151 1
4595544.3602 5437443.4021  23.8766 0.0261398 1.055274 2
4595544.2958 5437443.1308  22.9214 0.1290534 1.123427 3
4595544.8225 5437444.7665  30.3929 0.0828496 1.085213 1
4595544.6976 5437444.2378  28.4997 0.0547890 1.094701 2
4595544.4323 5437443.1144  24.5103 0.1234851 1.133370 3
4595544.8727 5437444.3963  30.6929 0.1098366 1.674984 1
4595545.0088 5437444.3950  32.3014 0.1482955 1.090300 1
4595544.7053 5437443.0971  27.7120 0.0514485 1.257084 2
4595544.9804 5437443.6911  31.3964 0.0579553 1.644135 1
4595544.8483 5437443.1235  29.4162 0.0486905 1.401819 2
4595544.7654 5437442.7672  28.1812 0.0610759 1.208403 3
4595545.1186 5437443.7034  33.0345 0.1594234 1.173790 0
4595545.1335 5437443.1849  32.8206 0.0550928 1.223830 1
4595545.0902 5437442.9968  32.1763 0.0238820 1.128517 2
4595545.0265 5437442.7206  31.2292 0.0257919 0.914432 3
4595545.1652 5437441.5656  32.0739 0.0808427 1.090077 1
4595545.1193 5437441.3635  31.3857 0.0657903 0.974473 2
4595545.0029 5437440.8506  29.6254 0.0296848 1.055236 2
4595545.2690 5437441.4378  33.2043 0.0136900 0.659357 1
4595545.2227 5437441.2326  32.5034 0.0931937 1.274913 2
4595545.1768 5437441.0294  31.8090 0.0166456 0.692586 3
4595545.2966 5437440.9718  33.1761 0.1603224 1.378045 0
4595541.4152 5437442.0089  -0.0010 0.1628441 1.014429 3
4595541.4599 5437441.5713   0.1844 0.2123670 1.014451 3
4595543.3016 5437444.7425  23.9266 0.0803953 1.090407 1
4595543.6002 5437445.3767  27.8608 0.0338580 1.059267 2
4595543.3234 5437444.2433  23.8028 0.0304421 1.002093 2
4595543.7176 5437445.2770  29.1468 0.0959705 1.335150 1
4595543.8347 5437445.1797  30.4310 0.0691757 1.220922 1
4595543.7539 5437444.8456  29.2440 0.0298798 1.133175 2
4595543.6699 5437444.4982  28.0111 0.0402138 1.062416 3
4595543.9694 5437445.1587  31.9757 0.1073865 1.842107 0
4595543.9678 5437444.5724  31.5126 0.0312927 1.052594 1
4595543.8718 5437444.1714  30.0952 0.0324368 0.994419 2
4595543.7278 5437443.5699  27.9690 0.0958351 1.486298 2
4595543.6593 5437442.6962  26.5352 0.0759916 1.606143 1
4595543.5662 5437442.3057  25.1831 0.0540820 1.945149 3
4595544.0905 5437443.9265  32.4357 0.1116581 1.081329 1
4595544.0288 5437443.6661  31.5217 0.0428696 1.160398 3
4595543.9514 5437442.7553  29.9567 0.0761934 0.969226 0
4595544.2691 5437443.5229  34.1888 0.0762612 1.024060 1
4595544.2234 5437443.3283  33.5184 0.0517488 1.127107 3
4595544.2358 5437442.7998  33.2784 0.0891459 1.199386 1
4595544.3688 5437442.7889  34.8079 0.1421755 1.150474 1
4595544.3198 5437442.5783  34.0892 0.0251196 0.802947 3
4595544.4163 5437442.4129  35.0922 0.1450133 1.415336 0
4595544.4203 5437441.8480  34.7726 0.1078234 1.154910 1
4595544.3564 5437441.5703  33.8514 0.0494110 1.281554 3
4595544.3429 5437440.9264  33.2141 0.1054402 1.121686 0
4595542.3149 5437445.3657  24.3242 0.0483679 1.057488 1
4595542.3243 5437444.8195  24.0165 0.0907165 1.181353 1
4595542.7983 5437445.5604  29.9924 0.0574582 1.312766 1
4595542.9275 5437445.5067  31.4229 0.0865449 1.361818 1
4595542.7921 5437444.9577  29.4640 0.0605903 1.200146 2
4595542.5640 5437444.0326  26.1749 0.0344425 1.000617 2
4595542.9397 5437444.9791  31.1646 0.0914191 1.221232 1
4595542.8177 5437444.4819  29.3967 0.0869487 1.940232 3
4595542.6825 5437443.3471  27.0322 0.0768971 1.403030 1
4595543.0557 5437444.2970  31.9800 0.0610852 1.181836 1
4595542.9127 5437443.7083  29.9158 0.0476480 1.116315 2
4595542.7086 5437442.8680  26.9848 0.0495163 1.576744 3
4595542.9336 5437443.2128  29.7947 0.0599472 1.087017 1
4595543.0433 5437443.0866  30.9525 0.0238090 0.850362 1
4595542.9831 5437442.8361  30.0861 0.0719412 1.120188 2
4595542.8177 5437442.1484  27.7072 0.0837200 1.426063 2
4595543.1090 5437442.7782  31.4769 0.0704835 1.107307 1
4595543.2545 5437442.8066  33.1533 0.1363075 1.009588 1
4595543.2097 5437442.6185  32.5076 0.0408996 1.209639 2
4595543.1504 5437442.3697  31.6562 0.0325844 1.062107 3
4595543.3743 5437442.7301  34.4619 0.1779429 1.756537 1
4595543.0736 5437441.4615  30.1385 0.0363894 1.202671 3
4595543.1119 5437441.0383  30.2527 0.1020754 1.091614 1
4595541.4729 5437445.3399  24.5087 0.1490474 1.086659 1
4595541.4913 5437444.8299  24.3442 0.0947146 1.242204 1
4595541.5052 5437444.3010  24.1221 0.0788228 1.885053 3
4595541.5526 5437443.9046  24.3821 0.1191486 1.059790 1
4595542.0411 5437445.2734  30.8821 0.1219696 1.117928 1
4595541.9252 5437444.8095  29.2267 0.0556506 1.129086 3
4595542.1414 5437445.0998  31.8846 0.1043831 1.255332 1
4595541.9580 5437444.3627  29.2705 0.0496288 1.926360 3
4595542.0965 5437444.3406  30.8162 0.0414996 0.889046 0
4595542.2087 5437444.2170  31.9941 0.0854166 1.086059 1
4595542.1460 5437443.9623  31.1074 0.0591079 1.189792 2
4595541.8806 5437442.8846  27.3334 0.0724946 1.290303 3
4595542.2998 5437444.0103  32.8746 0.1056848 1.032190 1
4595542.2182 5437443.6774  31.7205 0.0971617 1.117541 2
4595542.3226 5437443.5271  32.7902 0.1338295 1.012215 1
4595542.2304 5437443.1488  31.4768 0.0862144 2.071352 3
4595542.3565 5437443.0865  32.8544 0.1065219 1.648490 1
4595542.0317 5437441.7481  28.1952 0.0480467 0.932341 2
4595541.9764 5437441.5201  27.3986 0.0330125 1.016140 3
4595542.2838 5437442.2058  31.3914 0.1054638 1.191614 0
4595542.4315 5437442.2377  33.0870 0.0419012 0.953205 1
4595542.2721 5437441.5743  30.7891 0.0760688 1.058487 3
4595542.3150 5437441.1688  30.9741 0.1645880 1.473699 1
4595540.6216 5437444.9845  24.5544 0.0555988 1.137486 1
4595540.6158 5437444.3799  24.0797 0.0733852 1.137668 1
4595540.6932 5437444.0990  24.7382 0.0664500 1.048847 1
4595540.6987 5437443.5373  24.3988 0.0648119 1.614598 1
4595540.7308 5437443.0791  24.4019 0.0472606 1.091443 1
4595540.6360 5437442.7042  23.0522 0.0342161 0.905489 2
4595541.2529 5437444.5694  31.2935 0.0752116 1.119226 1
4595540.9122 5437443.2147  26.5316 0.0795389 1.101860 3
4595541.1792 5437443.6978  29.8674 0.0832720 0.979938 1
4595540.9397 5437442.7409  26.4720 0.0347084 1.127880 2
4595540.9744 5437442.2963  26.5215 0.0713605 1.291363 1
4595541.0767 5437442.1226  27.5352 0.1304807 1.062150 1
4595541.0120 5437441.8618  26.6195 0.0338771 1.009430 2
4595540.9389 5437441.5665  25.5828 0.0441429 1.159700 2
4595541.3649 5437442.7075  31.1937 0.0780669 1.021556 1
4595541.1348 5437441.7747  27.9266 0.0784134 0.993134 2
4595541.0890 5437441.5887  27.2763 0.0370746 1.222354 3
4595541.3146 5437441.9209  30.0431 0.0592177 1.070982 1
4595541.1571 5437441.2791  27.8087 0.0647496 1.169105 2
4595541.4910 5437442.0602  32.1174 0.0703142 1.326083 1
4595540.9643 5437441.5732  30.2922 0.0709240 1.062045 1
4595540.9888 5437441.4444  27.9260 0.0761704 1.203012 2
4595541.0089 5437441.3384  25.9801 0.0756451 2.030020 2
4595540.8843 5437442.0580  31.9313 0.0485354 1.110992 1
4595540.9289 5437441.8240  27.5515 0.0568692 1.138355 2
4595540.9382 5437441.7753  26.6393 0.0278194 1.181147 2
4595540.9519 5437441.7034  25.2938 0.0424405 1.521218 2
4595540.8749 5437442.1730  26.5770 0.0673814 1.238857 1
4595540.8915 5437442.0862  24.9203 0.0489390 1.103871 2
4595540.8117 5437442.5706  26.5106 0.0676125 1.126559 1
4595541.0699 5437441.2247   0.3045 0.2120460 1.034795 3
4595540.7471 5437442.9747  26.5977 0.0964790 1.030633 1
4595540.7669 5437442.8723  24.5588 0.0295790 1.008027 2
4595541.0036 5437441.6428   0.1184 0.0932592 1.072381 3
4595540.6826 5437443.3789  26.6613 0.0760752 0.954506 1
4595540.9353 5437442.0713   0.1093 0.2413910 1.010612 3
4595540.6341 5437443.7008  25.0219 0.1355547 1.050640 1
4595540.8672 5437442.4986   0.0865 0.1602344 1.041046 3
4595540.5735 5437444.0848  24.6175 0.2340960 1.307942 1
4595540.7989 5437442.9271   0.1055 0.0658544 1.079932 3
4595540.5534 5437444.2626  19.7357 0.0824308 1.089976 1
4595540.7305 5437443.3565   0.1405 0.2704825 1.081846 3
4595540.4436 5437444.8986  24.7401 0.1018152 1.143311 1
4595540.6626 5437443.7825   0.0874 0.2818058 1.050348 3
4595540.3718 5437445.3399  25.5672 0.0922664 1.009741 1
4595540.3794 5437445.3015  24.7018 0.0658904 1.291165 2
4595540.5938 5437444.2137   0.1404 0.1220249 1.066797 3
4595540.5254 5437444.6430   0.1444 0.1670822 1.052927 3
4595540.4572 5437445.0708   0.1115 0.4358699 1.086999 3
4595541.2704 5437441.2780  29.9335 0.1147035 1.061174 1
4595541.2298 5437441.5552  27.7266 0.1657650 1.762971 1
4595541.1255 5437442.1679  31.7209 0.1500530 1.097893 1
4595541.1768 5437441.8985  26.6527 0.0386919 0.949544 3
4595541.1123 5437442.3023  26.7117 0.2022847 1.479102 0
4595541.0485 5437442.7021  26.6993 0.1502342 1.222333 1
4595541.3072 5437441.3510   0.2618 0.0362631 0.960621 3
4595540.9862 5437443.0945  26.5428 0.1042424 1.108558 1
4595541.0059 5437442.9922  24.4980 0.0533619 1.249463 2
4595541.2410 5437441.7682   0.0461 0.0852710 1.070896 3
4595540.9243 5437443.4847  26.3365 0.0347521 1.067820 1
4595540.9436 5437443.3850  24.3010 0.0983685 1.251442 2
4595541.1721 5437442.1994   0.1086 0.1628831 1.027308 3
4595540.8742 5437443.8143  24.8497 0.0752040 1.055865 1
4595541.1043 5437442.6247   0.0657 0.3877442 1.030349 3
4595540.8121 5437444.2059  24.6007 0.0823317 1.091753 1
4595541.0364 5437443.0509   0.0372 0.3415572 1.065798 3
4595540.7468 5437444.6142  24.7037 0.0868413 1.041531 1
4595540.9680 5437443.4797   0.0612 0.2878564 1.038102 3
4595540.6836 5437445.0116  24.5402 0.0850569 1.100344 1
4595540.8994 5437443.9095   0.0658 0.2776013 1.082067 3
4595540.6120 5437445.4520  25.3580 0.0633405 1.002401 1
4595540.6185 5437445.4189  24.6065 0.0689554 1.158311 2
4595540.8297 5437444.3446   0.2093 0.1370338 1.086166 3
4595540.7625 5437444.7671   0.0589 0.1898906 1.056929 3
4595540.6937 5437445.1980   0.1100 0.2962718 1.030565 3
4595541.4452 5437441.2642  29.8977 0.1189969 1.005654 1
4595541.3800 5437441.6716  30.0784 0.0698801 1.023030 1
4595541.4033 5437441.5459  27.7635 0.0560195 1.186675 2
4595541.4134 5437441.4915  26.7610 0.0540218 1.178504 2
4595541.3024 5437442.1459  31.5249 0.1550718 1.100552 1
4595541.3420 5437441.9326  27.5209 0.0286227 1.542290 3
4595541.2859 5437442.2915  26.7349 0.1038711 1.407184 1
4595541.3043 5437442.1923  24.8369 0.0736938 1.186078 2
4595541.2181 5437442.7135  27.1682 0.1497746 1.351322 1
4595541.2427 5437442.5815  24.5875 0.0602302 1.154243 2
4595541.4750 5437441.3359   0.2656 0.0872651 1.060393 3
4595541.1611 5437443.0772  26.4326 0.1666842 1.025563 1
4595541.1791 5437442.9813  24.5184 0.0360959 1.215447 2
4595541.4087 5437441.7533   0.0378 0.2944994 1.035798 3
4595541.1189 5437443.3626  24.0858 0.0533045 1.228563 1
4595541.3400 5437442.1840   0.0870 0.1436473 1.009968 3
4595541.0480 5437443.8014  24.8101 0.2113998 1.487314 1
4595541.2719 5437442.6116   0.0779 0.0904493 1.031545 3
4595540.9870 5437444.1872  24.4321 0.1178360 1.455505 1
4595541.2039 5437443.0386   0.0600 0.1099771 1.091408 3
4595540.9209 5437444.6004  24.6490 0.0765373 1.110133 1
4595541.1360 5437443.4651   0.0480 0.3659130 1.071152 3
4595540.8571 5437445.0011  24.5627 0.1068320 1.069809 1
4595541.0672 5437443.8960   0.0733 0.2739686 1.043547 3
4595540.7930 5437445.4037  24.5237 0.1031445 1.061745 1
4595540.9978 5437444.3306   0.1984 0.1642005 1.085289 3
4595540.9307 5437444.7527   0.0385 0.2235758 1.035558 3
4595540.8615 5437445.1861   0.1349 0.3217889 1.118398 3
4595541.7360 5437441.1541  31.6952 0.1047711 1.161474 1
4595541.6709 5437441.5612  31.9088 0.1613165 1.053411 1
4595541.6883 5437441.4674  30.2006 0.0216865 1.134985 3
4595541.6601 5437441.6762  26.7018 0.0827127 1.092855 1
4595541.6749 5437441.5964  25.2217 0.0460231 1.549345 2
4595541.5521 5437442.3156  31.1997 0.0910435 1.036656 1
4595541.5791 5437442.1700  28.4449 0.0576937 1.934104 3
4595541.4882 5437442.7168  31.2994 0.1226105 1.071577 1
4595541.5267 5437442.5101  27.3066 0.0262993 1.070020 2
4595541.4633 5437442.9090  27.2886 0.1433660 1.499023 1
4595541.4724 5437442.8607  26.3369 0.0111421 1.219918 2
4595541.3763 5437443.4344  29.8143 0.0991884 1.056130 1
4595541.3981 5437443.3177  27.4674 0.0282505 1.135350 2
4595541.4266 5437443.1660  24.4156 0.0417896 1.568369 2
4595541.6545 5437441.9512  -0.0026 0.0715233 1.004537 3
4595541.3110 5437443.8430  30.0346 0.0867349 1.048652 1
4595541.3209 5437443.7904  28.9584 0.0463453 1.068934 2
4595541.3616 5437443.5738  24.5250 0.0369191 1.603904 3
4595541.2356 5437444.3053  31.3611 0.0546275 1.092027 1
4595541.2410 5437444.2765  30.7572 0.0671483 1.177763 2
4595541.2512 5437444.2224  29.6255 0.0656029 1.029914 3
4595541.2310 5437444.3933  24.7526 0.0862891 1.150032 1
4595541.4494 5437443.2405   0.0947 0.2649018 1.065751 3
4595541.1668 5437444.7971  24.7573 0.1731588 1.086107 1
4595541.3814 5437443.6682   0.0774 0.2604956 1.086673 3
4595541.1045 5437445.1909  24.5528 0.0948990 1.085193 1
4595541.3130 5437444.0983   0.1121 0.2914887 1.040852 3
4595541.0403 5437445.5948  24.5587 0.1136169 1.288449 1
4595541.2447 5437444.5277   0.1182 0.2155790 1.201535 3
4595541.1772 5437444.9533   0.0209 0.0803024 1.101194 3
4595541.1080 5437445.3875   0.1424 0.0540537 1.099889 3
4595542.0578 5437441.2903  31.0357 0.1592547 1.190232 1
4595541.9876 5437441.7246  31.7296 0.1651958 1.162873 0
4595541.9249 5437442.1194  31.7142 0.1256348 1.162256 1
4595541.9619 5437441.9233  28.0507 0.0528949 1.318840 3
4595541.8592 5437442.5293  31.9857 0.0811419 1.034819 1
4595541.8706 5437442.4693  30.8427 0.0330540 1.015316 2
4595541.9024 5437442.3020  27.6553 0.0366673 1.002453 3
4595541.7934 5437442.9400  32.2865 0.0811760 1.155272 1
4595541.8017 5437442.8967  31.4452 0.0206361 0.812222 2
4595541.8074 5437442.8666  30.8601 0.0286546 1.091412 2
4595541.8422 5437442.6837  27.3043 0.0419843 1.077663 3
4595541.7780 5437443.0867  27.3631 0.1032706 1.276308 1
4595542.0414 5437441.7073   0.0114 0.1104634 1.073837 3
4595541.6734 5437443.7006  31.6873 0.0423538 1.107085 1
4595541.7249 5437443.4320  26.2584 0.0516517 1.081696 2
4595541.9733 5437442.1353   0.0043 0.1319299 1.021062 3
4595541.6184 5437444.0549  30.8282 0.1460280 1.268569 1
4595541.9037 5437442.5710   0.1709 0.0440150 1.066168 3
4595541.5452 5437444.5039  31.8994 0.0867071 1.537116 1
4595541.5540 5437444.4584  30.9401 0.0358543 0.913662 2
4595541.5659 5437444.3969  29.6437 0.0302155 0.953905 3
4595541.4891 5437444.8644  31.1389 0.0962394 1.118975 1
4595541.5486 5437444.5573  24.5121 0.0526474 1.038812 2
4595541.7683 5437443.4232   0.0745 0.0580020 0.953010 3
4595541.4834 5437444.9659  24.6298 0.1188336 1.044583 1
4595541.7000 5437443.8522   0.0750 0.2709225 1.064921 3
4595541.4168 5437445.3818  24.9138 0.0771078 1.334912 1
4595541.6312 5437444.2842   0.1387 0.1957989 1.066512 3
4595541.5641 5437444.7070   0.0173 0.3496566 1.061119 3
4595541.4957 5437445.1367   0.0421 0.2460422 1.102950 3
4595541.4263 5437445.5714   0.1763 0.0550755 1.135142 3
4595542.2636 5437441.2982  30.9801 0.0790261 1.122789 1
4595542.1934 5437441.7333  31.6893 0.1383616 1.389786 0
4595542.1311 5437442.1255  31.6215 0.1369056 1.401550 1
4595542.1659 5437441.9382  28.1260 0.0418356 1.144895 3
4595542.0649 5437442.5385  31.9626 0.0886469 1.074867 1
4595542.0763 5437442.4771  30.7955 0.0521896 1.218652 2
4595542.1076 5437442.3095  27.6059 0.0375682 1.217976 3
4595541.9998 5437442.9457  32.1900 0.1099541 1.110424 1
4595542.0127 5437442.8765  30.8470 0.0366959 1.571831 2
4595542.0454 5437442.7020  27.4592 0.0476093 1.184082 3
4595541.9470 5437443.2872  31.1271 0.0347799 1.186324 1
4595541.9824 5437443.0984  27.3873 0.0714242 1.155980 2
4595542.2418 5437441.7163   0.0120 0.1622651 1.039250 3
4595541.9298 5437443.4400  26.2049 0.0759145 1.068588 1
4595542.1739 5437442.1431  -0.0178 0.2761610 1.060878 3
4595541.8237 5437444.0650  30.7998 0.0957830 1.454376 1
4595541.8342 5437444.0093  29.6514 0.0689261 1.737043 2
4595542.1045 5437442.5782   0.1181 0.1921686 1.043146 3
4595541.7482 5437444.5273  32.1545 0.1296586 1.205351 0
4595541.6942 5437444.8758  31.1458 0.0990510 1.072564 1
4595541.9687 5437443.4321   0.0471 0.0976873 1.049344 3
4595541.6879 5437444.9748  24.5853 0.2417147 1.098861 1
4595541.9006 5437443.8601   0.0253 0.1807231 1.067812 3
4595541.6208 5437445.3933  24.9311 0.0853515 1.137522 1
4595541.8320 5437444.2911   0.0687 0.2833561 1.066986 3
4595541.7645 5437444.7160  -0.0026 0.4136935 1.066760 3
4595541.6960 5437445.1462   0.0225 0.3657818 1.048224 3
4595541.6267 5437445.5802   0.1547 0.1093864 1.061324 3
4595542.4683 5437441.3390  31.7532 0.0414728 1.047742 1
4595542.4788 5437441.2813  30.7180 0.0461563 1.533142 2
4595542.5120 5437441.0995  27.4542 0.0375746 1.234059 2
4595542.4101 5437441.7101  31.3026 0.1607857 1.651046 1
4595542.4403 5437441.5446  28.2746 0.0319609 1.042052 2
4595542.3443 5437442.1222  31.5945 0.0731496 1.048059 1
4595542.3923 5437441.8605  26.7179 0.0242151 1.066757 2
4595542.2901 5437442.4714  30.6954 0.0267128 0.903774 1
4595542.3095 5437442.3658  28.6877 0.0651020 0.945885 2
4595542.3207 5437442.3051  27.5342 0.0553531 1.094865 3
4595542.2049 5437442.9890  33.0408 0.0992638 0.993058 1
4595542.2160 5437442.9291  31.8793 0.0764999 1.228595 3
4595542.1519 5437443.3321  32.0219 0.0290433 0.959031 1
4595542.1616 5437443.2797  30.9863 0.0586386 1.058859 2
4595542.1730 5437443.2179  29.7642 0.0260031 1.024114 2
4595542.4520 5437441.7070  -0.1085 0.0343469 1.150786 3
4595542.3826 5437442.1436   0.0504 0.4439282 1.059335 0
4595542.0382 5437444.0598  30.6821 0.1448517 1.207190 0
4595541.9642 5437444.5160  31.9160 0.1942765 1.081307 0
4595541.9064 5437444.8854  31.3502 0.1583095 1.104249 0
4595542.1104 5437443.8593   0.0490 0.6300854 1.048707 0
4595541.8349 5437445.3899  24.8771 0.0973286 1.300942 1
4595542.0425 5437444.2872   0.0370 0.2460899 1.041734 3
4595541.9745 5437444.7158   0.0334 0.1355412 1.105780 3
4595541.9061 5437445.1470   0.0786 0.1088995 1.029799 3
4595541.8377 5437445.5775   0.1470 0.2213882 1.059934 3
4595542.9114 5437441.0767  30.2471 0.0509688 0.961770 1
4595542.9285 5437440.9858  28.6301 0.1354563 1.673004 3
4595542.8468 5437441.4822  30.4034 0.0746169 1.514033 1
4595542.8623 5437441.4005  28.9224 0.0967128 1.208287 2
4595542.7608 5437442.0010  32.6527 0.0631761 1.009515 1
4595542.7689 5437441.9582  31.8627 0.0780417 1.413273 2
4595542.6993 5437442.3901  32.5305 0.1160887 1.408963 1
4595542.7106 5437442.3309  31.4169 0.0357333 1.355417 3
4595542.6306 5437442.8173  33.1442 0.1225639 1.250958 0
4595542.5718 5437443.1918  32.7659 0.1305475 1.272596 1
4595542.6282 5437442.8967  26.9948 0.0228289 1.016848 3
4595542.5078 5437443.5939  32.8937 0.0888704 1.468561 1
4595542.8230 5437441.9492   0.0645 0.0391096 1.272882 3
4595542.4565 5437443.9301  31.6960 0.0800929 1.522597 1
4595542.5088 5437443.6584  26.1614 0.0272785 0.918256 2
4595542.7555 5437442.3754   0.0169 0.0844938 1.090046 3
4595542.3910 5437444.3401  31.9825 0.1443632 1.045010 1
4595542.4010 5437444.2883  30.9039 0.0540709 1.169667 3
4595542.3315 5437444.7190  31.6305 0.0954359 1.160787 1
4595542.3476 5437444.6359  29.8604 0.0724867 2.046606 2
4595542.6183 5437443.2389   0.1480 0.0501668 1.041604 3
4595542.2714 5437445.1012  31.3517 0.0504882 1.063451 1
4595542.2829 5437445.0418  30.0586 0.0316788 1.010872 2
4595542.5507 5437443.6653   0.1118 0.4136462 1.080005 3
4595542.2689 5437445.1888  24.4691 0.0470993 1.081971 1
4595542.4832 5437444.0917   0.0430 0.3814081 1.046547 3
4595542.4154 5437444.5194   0.0181 0.1253506 1.088449 3
4595542.3474 5437444.9481   0.0506 0.5030024 1.061294 3
4595542.2788 5437445.3797   0.1346 0.3546106 1.034947 3
4595543.2241 5437441.0854  28.6000 0.1824591 1.621555 1
4595543.1384 5437441.6019  30.7321 0.1430704 1.018700 1
4595543.1977 5437441.2909  25.0784 0.0180670 0.975777 3
4595543.0589 5437442.0855  32.3247 0.0774095 1.965239 1
4595543.0940 5437441.9016  28.9243 0.0141849 0.800705 2
4595542.9913 5437442.5057  32.8019 0.1324787 1.157968 1
4595543.0049 5437442.4351  31.4714 0.0507013 1.523081 2
4595542.9306 5437442.8904  32.6088 0.0714146 1.207615 1
4595542.9483 5437442.7984  30.8376 0.0523517 1.571064 2
4595543.2560 5437441.2001   0.0924 0.0602862 0.993800 3
4595542.8660 5437443.2955  32.8073 0.1031074 1.089466 1
4595542.8827 5437443.2086  31.1023 0.0363704 1.360921 2
4595542.9234 5437442.9982  26.9703 0.0916410 1.106879 3
4595542.8132 5437443.6395  31.7773 0.0939351 1.011485 1
4595542.8206 5437443.6013  31.0115 0.0183318 0.959642 2
4595542.8560 5437443.4186  27.3497 0.0342079 1.362973 3
4595542.7488 5437444.0432  31.9536 0.1541563 1.396232 1
4595542.7828 5437443.8687  28.3824 0.0213193 0.839117 3
4595542.6902 5437444.4178  31.4990 0.0752806 1.144468 1
4595542.7024 5437444.3553  30.1920 0.0442846 1.377391 2
4595542.7418 5437444.1533  25.9712 0.0503554 1.073538 3
4595542.6967 5437444.4602  23.9440 0.1177761 1.043276 1
4595542.9159 5437443.3425   0.0673 0.2245542 1.024198 3
4595542.5650 5437445.2070  31.4573 0.1265065 1.063194 1
4595542.8480 5437443.7705   0.0584 0.1157093 1.039774 3
4595542.5102 5437445.5625  30.5611 0.1329248 1.737518 1
4595542.7800 5437444.1989   0.0554 0.1943891 1.045146 3
4595542.7123 5437444.6260   0.0284 0.3393298 1.043504 3
4595542.6445 5437445.0531   0.0247 0.6196602 1.052328 0
4595542.5754 5437445.4872   0.1542 0.6811345 1.069847 0
4595543.3729 5437441.1038  28.4196 0.1933337 1.720254 0
4595543.2870 5437441.6259  30.6606 0.1443287 1.061901 1
4595543.3173 5437441.4622  27.6910 0.0192711 0.969427 3
4595543.1850 5437442.2342  34.5615 0.0337435 1.085673 1
4595543.1974 5437442.1676  33.3312 0.0552114 1.089613 3
4595543.1342 5437442.5663  33.4066 0.0955332 1.119650 1
4595543.1410 5437442.5295  32.7111 0.0195689 0.952190 2
4595543.1460 5437442.5025  32.2018 0.0323775 1.372005 2
4595543.1546 5437442.4565  31.3353 0.0288092 1.008683 3
4595543.0812 5437442.9105  32.4299 0.0553491 1.214516 1
4595543.1060 5437442.7774  29.8681 0.0976317 1.188794 2
4595543.3958 5437441.2248   0.0077 0.0452558 1.076146 3
4595543.0144 5437443.3285  32.8895 0.1239476 1.143425 1
4595543.0711 5437443.0254  26.9374 0.0555002 1.191488 3
4595542.9628 5437443.6654  31.7191 0.0603561 1.128163 1
4595542.9701 5437443.6265  30.9384 0.0334950 0.993198 2
4595543.0014 5437443.4598  27.5956 0.0282604 0.886774 2
4595543.2598 5437442.0837   0.0294 0.0418563 1.115149 3
4595542.8975 5437444.0754  32.0071 0.0617279 1.209524 1
4595542.9765 5437443.6561  23.4221 0.0921175 1.148697 3
4595542.8421 5437444.4330  31.2128 0.0608631 1.126017 1
4595542.8504 5437444.3894  30.3014 0.0158336 0.948690 2
4595542.8565 5437444.3569  29.6220 0.0454089 1.395349 2
4595542.8902 5437444.1787  25.8959 0.0530674 1.306620 2
4595543.1235 5437442.9446   0.0917 0.0675979 1.009060 3
4595542.8277 5437444.5751  25.7922 0.0687529 1.037879 1
4595542.8436 5437444.4908  23.9899 0.0516985 1.202532 2
4595543.0559 5437443.3719   0.0784 0.1679200 1.097840 3
4595542.7145 5437445.2377  31.4887 0.1205055 1.055579 1
4595542.9882 5437443.8000   0.0578 0.0779411 1.056612 3
4595542.6582 5437445.6001  30.7606 0.1180580 1.362063 1
4595542.9210 5437444.2253   0.0026 0.3075131 1.068596 3
4595542.8529 5437444.6556   0.0418 0.3069721 1.073817 3
4595542.7854 5437445.0825   0.0129 0.6285474 1.079657 0
4595542.7170 5437445.5143   0.0858 0.6055886 1.057468 0
4595543.6910 5437441.1451  33.8878 0.0701402 1.018406 1
4595543.7143 5437441.0211  31.7003 0.0277932 1.010789 3
4595543.6392 5437441.4838  32.9288 0.0862318 1.036095 1
4595543.6723 5437441.3074  29.7614 0.0532573 1.033383 2
4595543.6842 5437441.2438  28.6191 0.0373832 1.619274 3
4595543.6085 5437441.7102  29.8345 0.0687499 0.905574 1
4595543.6386 5437441.5504  26.9261 0.0248182 1.454215 2
4595543.6609 5437441.4318  24.7615 0.0702706 1.001092 3
4595543.5009 5437442.3454  34.2291 0.0738716 1.070561 1
4595543.4321 5437442.7740  34.8923 0.0958097 1.025413 1
4595543.4410 5437442.7269  33.9986 0.0393548 1.109602 2
4595543.4503 5437442.6778  33.0681 0.0179034 0.877072 3
4595543.3931 5437443.0454  32.5384 0.1171876 1.079566 1
4595543.4061 5437442.9769  31.2123 0.0611751 1.409027 2
4595543.4198 5437442.9048  29.8179 0.0380132 1.235725 3
4595543.3425 5437443.3786  31.3317 0.0326666 0.946729 1
4595543.3712 5437443.2280  28.3589 0.1156902 1.135320 2
4595543.3930 5437443.1135  26.0992 0.0742575 1.649694 3
4595543.2755 5437443.7980  31.7916 0.0530459 1.152476 1
4595543.2823 5437443.7624  31.0724 0.0431922 0.989121 2
4595543.5767 5437442.2230   0.0599 0.1152382 1.062010 3
4595543.2160 5437444.1779  31.4721 0.0745279 1.119056 1
4595543.2370 5437444.0687  29.2230 0.0589109 1.395757 2
4595543.5091 5437442.6513   0.0446 0.1655274 1.063319 3
4595543.1571 5437444.5549  31.0898 0.1238737 1.665954 1
4595543.4413 5437443.0801   0.0672 0.1081556 1.035749 3
4595543.0901 5437444.9745  31.5795 0.1056967 1.168888 1
4595543.0974 5437444.9365  30.7639 0.0326541 1.170549 2
4595543.1077 5437444.8834  29.6208 0.0667204 1.130991 3
4595543.0258 5437445.3793  31.7813 0.1121807 1.123775 0
4595542.9739 5437445.7206  30.5704 0.0969999 1.118816 1
4595542.9838 5437445.6703  29.4363 0.0749930 1.074871 2
4595543.2387 5437444.3631   0.0171 0.0867624 1.017502 3
4595543.1707 5437444.7933   0.0624 0.1641582 1.077418 3
4595543.1027 5437445.2235   0.1090 0.5179824 1.073731 0
4595543.0358 5437445.6476   0.0377 0.8581363 1.053871 0
4595544.0706 5437441.2488  33.9835 0.1417717 1.788998 0
4595544.0005 5437441.6833  34.7035 0.0879050 1.168972 1
4595544.0150 5437441.6085  33.3645 0.0546731 1.193283 2
4595544.0224 5437441.5700  32.6762 0.0191786 0.883591 2
4595544.0411 5437441.4737  30.9480 0.0456898 1.185291 3
4595543.9339 5437442.0992  35.1028 0.0791261 1.137248 1
4595543.9891 5437441.8153  29.9218 0.0802422 1.698254 2
4595543.8823 5437442.4382  34.0974 0.0716218 1.119252 1
4595543.9625 5437442.0269  26.4467 0.0614831 1.325566 3
4595543.8160 5437442.8527  34.4872 0.0807067 1.149131 1
4595543.8236 5437442.8140  33.7502 0.0262824 1.008968 2
4595543.8758 5437442.5470  28.6683 0.0416088 1.241315 2
4595544.1701 5437441.0432   0.0999 0.0518727 1.119898 3
4595543.7601 5437443.2137  33.8856 0.0343984 1.021578 1
4595543.8076 5437442.9720  29.1915 0.0239224 1.070913 2
4595543.8262 5437442.8773  27.3528 0.0262577 0.787837 2
4595543.8327 5437442.8440  26.7057 0.0470969 1.188243 2
4595543.8634 5437442.6880  23.6786 0.0367384 1.454876 3
4595543.7183 5437443.5042  31.8322 0.0721073 1.068416 1
4595543.7595 5437443.2948  27.6848 0.0574728 1.066455 3
4595543.6528 5437443.9146  32.1631 0.0679105 1.012053 1
4595543.6722 5437443.8164  30.1757 0.0314105 1.143235 2
4595543.6937 5437443.7079  27.9769 0.0740592 1.112209 3
4595543.6163 5437444.1791  29.4753 0.0704397 0.879617 1
4595543.6268 5437444.1261  28.3777 0.0943112 2.151369 2
4595543.8988 5437442.7582   0.1029 0.0622223 1.039968 3
4595543.5353 5437444.6676  31.3945 0.0518329 1.094206 1
4595543.5418 5437444.6349  30.7037 0.0857106 0.965942 3
4595543.4671 5437445.0916  31.9922 0.0657397 1.168530 1
4595543.4903 5437444.9758  29.4921 0.0501844 1.364879 2
4595543.7629 5437443.6172   0.1470 0.1566277 1.074020 3
4595543.4253 5437445.3845  29.7299 0.1230460 1.670426 1
4595543.4434 5437445.2944  27.7403 0.0496950 1.242866 2
4595543.6947 5437444.0478   0.2128 0.0481308 0.900748 3
4595543.6267 5437444.4773   0.2606 0.0930583 1.111334 3
4595543.5599 5437444.9012   0.1712 0.7866797 1.053314 0
4595543.4937 5437445.3216   0.0103 0.4697096 1.063125 3
4595544.2816 5437441.1462  34.2238 0.1068480 1.109762 0
4595544.2109 5437441.5851  35.0444 0.1234431 1.420825 1
4595544.2295 5437441.4874  33.3058 0.0162294 0.845736 3
4595544.1423 5437442.0127  35.6527 0.0422575 1.545083 1
4595544.2034 5437441.6917  29.8395 0.1300687 1.846902 2
4595544.2225 5437441.5915  28.0246 0.0589521 2.551087 3
4595544.0956 5437442.3255  34.1689 0.1340396 1.338016 1
4595544.1592 5437441.9925  28.0216 0.0309787 1.078771 3
4595544.0370 5437442.7007  33.8195 0.0894592 1.075338 1
4595544.1153 5437442.2922  26.1138 0.0718322 1.226967 2
4595544.1399 5437442.1640  23.6991 0.0510227 1.518424 3
4595544.0469 5437442.7200  26.6072 0.0597598 1.006400 1
4595544.0726 5437442.5864  24.0315 0.0851363 1.130065 3
4595543.9349 5437443.3736  31.5766 0.0852076 1.070262 1
4595543.9493 5437443.2986  30.1019 0.0328279 1.104793 2
4595543.9579 5437443.2541  29.2277 0.0254993 1.179593 2
4595543.9817 5437443.1310  26.8063 0.0261125 1.159370 3
4595543.8685 5437443.7897  31.9961 0.0906509 0.989381 1
4595543.8862 5437443.6983  30.1582 0.0226232 0.865258 2
4595543.9071 5437443.5903  27.9871 0.0356335 1.127400 3
4595543.8219 5437444.1040  30.3465 0.0521241 1.037276 1
4595543.8312 5437444.0558  29.3580 0.0658766 1.073564 2
4595543.8452 5437443.9839  27.8811 0.0928633 1.230258 2
4595544.1090 5437442.6281   0.0757 0.0336130 0.948062 3
4595543.7583 5437444.5058  30.4618 0.1038913 0.978035 1
4595543.7669 5437444.4620  29.5427 0.0375866 1.374918 2
4595543.7745 5437444.4230  28.7245 0.0218923 0.868479 2
4595544.0414 5437443.0565   0.0797 0.1177418 1.034854 3
4595543.6815 5437444.9748  32.0112 0.1996657 1.378556 0
4595543.6440 5437445.2439  29.2542 0.1230688 1.191414 1
4595543.6558 5437445.1843  27.9492 0.0350443 1.409852 2
4595543.9053 5437443.9177   0.2011 0.1107372 1.022984 3
4595543.8380 5437444.3446   0.1909 0.6604612 1.058111 0
4595543.7707 5437444.7709   0.1766 0.6370117 1.070789 0
4595543.7042 5437445.1940   0.0471 0.4608371 1.062786 3
4595543.6371 5437445.6200   0.0029 0.5161730 1.054952 3
4595544.6034 5437441.0526  34.5001 0.0475101 1.201681 1
4595544.6154 5437440.9901  33.4102 0.0837532 1.865867 2
4595544.6319 5437440.9033  31.8969 0.0343489 1.311160 3
4595544.5472 5437441.4151  33.9682 0.0927788 1.181688 1
4595544.5601 5437441.3481  32.7780 0.0541236 1.340521 3
4595544.4779 5437441.8461  34.6201 0.1228570 1.315001 1
4595544.5070 5437441.6949  31.9014 0.0165917 0.952118 3
4595544.4120 5437442.2591  34.9718 0.1042063 1.637201 1
4595544.4639 5437441.9899  30.0377 0.0269151 1.228112 2
4595544.4786 5437441.9135  28.6362 0.0397041 1.270994 3
4595544.3491 5437442.6569  35.0427 0.0953477 1.040745 1
4595544.3610 5437442.5955  33.8897 0.0449075 1.291771 3
4595544.2947 5437443.0105  34.3047 0.1568544 1.418007 0
4595544.2324 5437443.4049  34.3461 0.1192208 1.078760 1
4595544.2445 5437443.3427  33.1302 0.0337993 1.227880 3
4595544.1892 5437443.7018  32.4291 0.1576163 1.916782 0
4595544.1472 5437443.9927  30.3266 0.0524754 1.111097 1
4595544.2013 5437443.7172  24.7093 0.0644908 1.158742 3
4595544.0714 5437444.4564  31.7443 0.0709934 1.375169 1
4595544.0795 5437444.4152  30.8863 0.0664538 1.150415 2
4595544.0922 5437444.3512  29.5535 0.0420635 1.122114 3
4595544.0029 5437444.8831  32.4052 0.1297832 1.216638 1
4595544.0121 5437444.8363  31.4096 0.0460586 1.264165 3
4595543.9679 5437445.1404  29.4242 0.0546217 1.187970 1
4595544.2360 5437443.7916   0.0951 0.2855819 1.015779 3
4595543.9002 5437445.5625  29.9866 0.0807371 1.063957 1
4595544.1678 5437444.2226   0.1911 0.2544736 1.049163 3
4595544.1002 5437444.6508   0.2106 0.4897235 1.054815 0
4595544.0336 5437445.0742   0.1132 0.4564012 1.044666 3
4595543.9668 5437445.4985   0.0156 0.3338111 1.036540 3
4595545.1222 5437440.9718  33.5911 0.1416028 1.599689 0
4595545.0588 5437441.3725  33.7314 0.0385817 0.957971 1
4595545.0681 5437441.3265  32.9156 0.0440480 1.199999 2
4595545.0763 5437441.2858  32.1955 0.0205549 0.874244 2
4595545.0846 5437441.2450  31.4736 0.0384531 1.358373 3
4595544.9901 5437441.7992  34.2986 0.1425126 1.051258 1
4595545.0299 5437441.6030  30.7750 0.0168180 0.827933 3
4595544.9883 5437441.8975  28.8764 0.1055217 1.865337 1
4595544.8736 5437442.5500  33.5938 0.1100136 1.034675 1
4595544.8911 5437442.4642  31.9925 0.0521611 1.252904 3
4595544.8083 5437442.9595  33.8734 0.0207529 1.067345 1
4595544.8197 5437442.9044  32.8242 0.0387234 1.275974 2
4595544.8255 5437442.8760  32.2820 0.0067333 0.527728 2
4595544.8517 5437442.7488  29.8581 0.0569805 1.081941 3
4595544.7508 5437443.3315  33.4495 0.1570353 1.705884 1
4595544.7729 5437443.2247  31.3730 0.0241424 1.176445 3
4595544.6881 5437443.7286  33.5222 0.0630671 1.093477 1
4595544.7060 5437443.6423  31.8033 0.0797215 1.130186 2
4595544.7243 5437443.5542  30.0480 0.0355628 1.192177 3
4595544.6375 5437444.0679  32.4337 0.0801507 1.133190 1
4595544.6545 5437443.9864  30.7762 0.0728719 1.717038 2
4595544.9699 5437442.4744   0.1149 0.0448612 1.036516 3
4595544.5746 5437444.4659  32.5269 0.0828829 1.216992 1
4595544.5937 5437444.3748  30.6379 0.0433358 1.183641 2
4595544.6134 5437444.2808  28.6872 0.0392669 1.141957 3
4595544.8343 5437443.3340   0.1581 0.5804366 1.068544 0
4595544.7676 5437443.7586   0.0909 0.5556778 1.030506 0
4595544.4128 5437445.5350  29.9990 0.1053645 1.283772 1
4595544.4376 5437445.4186  27.4198 0.0249778 0.876138 2
4595544.6996 5437444.1896   0.1737 0.3033895 1.063608 3
4595544.6306 5437444.6250   0.3563 0.1072796 1.291147 3
4595544.5656 5437445.0415   0.1219 0.1493092 1.150688 3
4595544.4923 5437445.4970   0.7847 0.0559195 1.370375 3
4595545.4591 5437440.8741  33.4867 0.0246978 1.079102 1
4595545.4699 5437440.8212  32.5714 0.0573659 1.250106 2
4595545.4825 5437440.7591  31.4969 0.0201059 0.974384 2
4595545.4128 5437441.1902  32.1248 0.0374683 0.925346 1
4595545.4201 5437441.1548  31.5015 0.0614149 1.048654 2
4595545.4353 5437441.0802  30.1865 0.0068865 0.528859 2
4595545.4445 5437441.0351  29.3937 0.0751170 1.997644 3
4595545.3904 5437441.3906  28.6376 0.0802413 1.301993 1
4595545.4043 5437441.3231  27.4257 0.0618024 1.636381 2
4595545.2877 5437441.9826  32.1495 0.0445053 1.083330 1
4595545.2960 5437441.9426  31.4224 0.0261907 1.187481 2
4595545.3276 5437441.7891  28.6287 0.0719324 1.087548 3
4595545.2158 5437442.4245  32.9808 0.0427148 1.190612 1
4595545.2563 5437442.2287  29.3502 0.1068887 1.044214 2
4595545.1541 5437442.8163  32.9188 0.0996813 1.250471 1
4595545.1915 5437442.6362  29.5087 0.0683148 1.469102 3
4595545.0928 5437443.2062  32.8333 0.1232349 1.059815 1
4595545.1647 5437442.8615  26.1761 0.0280841 1.158858 3
4595545.0442 5437443.5359  31.5377 0.0928291 1.361906 1
4595545.0632 5437443.4450  29.7421 0.0428525 0.979444 2
4595545.3786 5437441.9421   0.1385 0.0528824 0.933436 3
4595544.9744 5437443.9663  32.2661 0.1050263 1.073602 0
4595545.2430 5437442.8004   0.1509 0.3935415 1.028415 0
4595544.8682 5437444.6700  30.5046 0.0297525 1.062714 1
4595544.8853 5437444.5895  28.8083 0.0479936 1.064504 2
4595545.1754 5437443.2288   0.1428 0.4261351 1.057184 3
4595545.1082 5437443.6555   0.0997 0.6980806 1.041968 0
4595544.7694 5437445.3415  27.8309 0.0455779 1.164501 1
4595545.0405 5437444.0844   0.1487 0.3879530 1.056770 3
4595544.9726 5437444.5140   0.2282 0.2360252 1.235760 3
4595544.9057 5437444.9393   0.1638 0.1188078 1.252705 3
4595544.8345 5437445.3836   0.5629 0.0655844 1.655312 3
4595545.6545 5437441.0606  32.2453 0.0930736 0.995800 1
4595545.6681 5437440.9932  31.0681 0.0964663 2.350581 3
4595545.5886 5437441.4731  32.5650 0.1941014 1.466469 1
4595545.5299 5437441.8501  32.2285 0.1778421 1.337824 0
4595545.4592 5437442.2857  32.9576 0.1090534 0.994669 1
4595545.5251 5437441.9627  27.0104 0.0364437 1.516563 3
4595545.3962 5437442.6835  33.0042 0.0832446 1.539720 1
4595545.4162 5437442.5861  31.1760 0.0385437 0.939053 2
4595545.4496 5437442.4231  28.1172 0.0219867 0.921762 3
4595545.3348 5437443.0736  32.9085 0.0944207 1.177560 1
4595545.3711 5437442.8971  29.5295 0.0476911 1.432730 3
4595545.2931 5437443.3683  30.9481 0.1097756 1.549642 1
4595545.3066 5437443.3031  29.6759 0.0493583 0.974057 2
4595545.6196 5437441.7902   0.1276 0.0634289 1.037509 3
4595545.2230 5437443.8010  31.6967 0.0807037 1.111901 1
4595545.2386 5437443.7257  30.1872 0.0423990 1.124017 2
4595545.5513 5437442.2215   0.1735 0.1557735 1.095773 3
4595545.1661 5437444.1697  31.1776 0.0359169 0.883888 1
4595545.1737 5437444.1334  30.4350 0.0829238 1.074011 2
4595545.1023 5437444.5717  31.3409 0.0622926 1.070517 1
4595545.3488 5437443.5038   0.0789 0.5926153 1.049409 0
4595545.0137 5437445.1918  27.6275 0.0951573 1.072585 1
4595545.2809 5437443.9330   0.1558 0.3344125 1.076059 3
4595545.2137 5437444.3593   0.1346 0.4820452 1.094713 3
4595545.1463 5437444.7863   0.1328 0.5393468 1.055009 0
4595546.1011 5437441.0252  32.6067 0.1122216 1.070271 1
4595546.1224 5437440.9234  30.8325 0.0497914 1.403199 2
4595546.0501 5437441.3666  31.6722 0.0902371 1.098818 1
4595546.0608 5437441.3158  30.7704 0.0353031 0.960419 2
4595546.0697 5437441.2734  30.0190 0.0303091 1.242287 3
4595545.9782 5437441.8078  32.4916 0.0599908 1.180231 1
4595546.0241 5437441.5904  28.5736 0.0399599 1.000313 2
4595545.9147 5437442.2089  32.5959 0.0221950 0.994616 1
4595545.9374 5437442.1019  30.6317 0.0649895 1.168983 2
4595545.8428 5437442.6495  33.4281 0.0321275 1.270598 1
4595545.8499 5437442.6159  32.7988 0.0353971 0.982176 2
4595545.7832 5437443.0315  33.1962 0.0967246 1.045844 1
4595545.8055 5437442.9277  31.2193 0.0574511 1.756667 2
4595546.1546 5437441.2982   0.1241 0.0728701 1.051915 3
4595545.7363 5437443.3556  31.8066 0.1580533 1.140732 0
4595545.6723 5437443.7590  31.9811 0.1446274 1.105085 1
4595545.6824 5437443.7124  31.0501 0.0493582 1.208255 2
4595546.0191 5437442.1579   0.1694 0.0530652 1.008167 3
4595545.6160 5437444.1269  31.4600 0.0399269 1.082805 1
4595545.6279 5437444.0723  30.3459 0.1240402 1.550414 3
4595545.5636 5437444.4771  30.5453 0.0543699 1.041278 1
4595545.8843 5437443.0135   0.1260 0.6079581 1.061454 3
4595545.8163 5437443.4440   0.1726 0.5813854 1.163270 0
4595545.4667 5437445.1444  27.8350 0.0404772 1.068445 1
4595545.7495 5437443.8694   0.1323 0.6430495 1.045643 3
4595545.6822 5437444.2970   0.1609 0.1982406 1.026823 3
4595545.6151 5437444.7232   0.1594 0.1158255 1.129840 3
4595545.5487 5437445.1469   0.0583 0.1993508 1.012631 3
4595546.4864 5437441.0719  29.9858 0.1191003 1.052425 1
4595546.4263 5437441.4571  29.7964 0.1065008 1.009880 1
4595546.4877 5437441.1728  24.7103 0.0454604 1.220193 2
4595546.3525 5437441.9060  30.7288 0.1420441 1.355722 1
4595546.3652 5437441.8475  29.6660 0.0414289 1.173212 2
4595546.2809 5437442.3445  31.4904 0.1563085 1.528827 1
4595546.2196 5437442.7356  31.3919 0.1052631 1.121088 1
4595546.1594 5437443.1213  31.1799 0.0765958 1.687073 1
4595546.5153 5437441.5068   0.1080 0.3401570 1.051870 3
4595546.0934 5437443.5335  31.4981 0.0565729 1.198861 1
4595546.1049 5437443.4814  30.4716 0.0641411 1.025244 2
4595546.1133 5437443.4435  29.7292 0.0544224 1.128381 2
4595546.4479 5437441.9343   0.1093 0.0944106 1.074459 3
4595546.0283 5437443.9417  31.7781 0.2036698 1.145142 0
4595546.3125 5437442.7928   0.1287 0.5461468 1.063482 0
4595546.2449 5437443.2212   0.1193 0.6182788 1.086229 0
4595545.8507 5437445.0867  30.9750 0.0357575 1.043449 1
4595545.8885 5437444.9201  27.4048 0.0460503 0.942381 2
4595546.1774 5437443.6494   0.1267 0.2662741 1.058735 3
4595546.1102 5437444.0763   0.1446 0.2604494 1.065933 3
4595546.0431 5437444.5027   0.1490 0.1518965 1.017141 3
4595545.9757 5437444.9300   0.1699 0.2717243 1.198903 3
4595546.6337 5437441.4128  29.9857 0.0828009 1.101465 1
4595546.6617 5437441.2810  27.6376 0.0758675 1.055644 3
4595546.5583 5437441.8697  31.0491 0.0867184 1.116861 1
4595546.4867 5437442.3082  31.8260 0.0568719 1.090051 1
4595546.4978 5437442.2565  30.8712 0.1092307 1.168430 2
4595546.4274 5437442.6887  31.5499 0.1426275 1.178998 1
4595546.3647 5437443.0862  31.5547 0.0835469 1.275698 1
4595546.7204 5437441.4446   0.0914 0.2900010 1.033979 3
4595546.3009 5437443.4879  31.6572 0.0959783 1.026285 1
4595546.3201 5437443.3996  29.9323 0.0598015 1.441715 2
4595546.6523 5437441.8748   0.1259 0.1457619 1.072388 3
4595546.2370 5437443.8899  31.8367 0.1066698 1.136412 1
4595546.2497 5437443.8317  30.6669 0.0525078 1.232646 2
4595546.5855 5437442.2992   0.0585 0.0696983 1.191339 3
4595546.2160 5437444.0975  28.0146 0.0349274 1.131740 1
4595546.5172 5437442.7308   0.1093 0.6083838 1.066884 3
4595546.4494 5437443.1598   0.1072 0.7626534 1.059812 0
4595546.0608 5437445.0266  30.8516 0.0356238 1.017593 1
4595546.0968 5437444.8655  27.4139 0.0416687 1.300652 2
4595546.3817 5437443.5881   0.1091 0.2190604 1.047206 3
4595546.3143 5437444.0156   0.1400 0.0445288 1.064364 3
4595546.2471 5437444.4421   0.1463 0.1562753 1.080862 3
4595546.1800 5437444.8679   0.1185 0.4286991 1.037313 3
4595546.9687 5437441.4972  29.7664 0.0730433 1.047015 1
4595546.8879 5437441.9787  31.2894 0.1587256 1.254596 1
4595546.9076 5437441.8879  29.6420 0.0247209 1.100479 3
4595546.8214 5437442.3940  31.6372 0.1606752 1.355121 0
4595546.7531 5437442.8175  32.1506 0.0845631 1.083925 1
4595546.7616 5437442.7787  31.4202 0.0216063 0.869008 2
4595546.7659 5437442.7591  31.0490 0.0090843 0.673312 2
4595546.6930 5437443.2034  31.9482 0.0969886 1.198258 1
4595547.0586 5437441.5476   0.1110 0.2424516 1.057167 3
4595546.9910 5437441.9768   0.1177 0.6226141 1.040505 0
4595546.9240 5437442.4030   0.0667 0.5834993 1.066811 0
4595546.5472 5437444.2078  28.3017 0.1506821 1.164001 1
4595546.8550 5437442.8383   0.2153 0.1532682 1.124264 3
4595546.4821 5437444.6173  28.5569 0.1397465 1.830153 1
4595546.7881 5437443.2645   0.1652 0.2414996 1.029324 3
4595546.7201 5437443.6957   0.2261 0.4644764 1.084086 0
4595546.6541 5437444.1181   0.1421 0.2785338 1.105410 3
4595546.5870 5437444.5448   0.1665 0.1237421 1.039789 3
4595546.5198 5437444.9722   0.1732 0.0590818 1.116049 3
4595547.1506 5437443.1320  29.3419 0.0731323 1.007310 1
4595547.1670 5437443.0606  27.9654 0.0623544 1.110623 2
4595547.0998 5437443.4793  28.3361 0.0273854 0.915371 1
4595547.4307 5437442.0448   0.1358 0.5883794 1.056153 3
4595547.0278 5437443.9183  29.1841 0.0444853 1.419144 1
4595547.0450 5437443.8439  27.6848 0.0506539 1.437504 2
4595547.3635 5437442.4724   0.1232 0.3001222 1.083060 3
4595547.2962 5437442.9005   0.1060 0.5495529 1.053573 0
4595546.9176 5437444.6514  27.9081 0.0442554 1.231842 2
4595547.2273 5437443.3355   0.2444 0.3301769 1.069325 3
4595547.1591 5437443.7675   0.3635 0.2151131 1.099970 3
4595547.0943 5437444.1848   0.1628 0.3573910 1.058773 3
4595547.4663 5437443.3366  29.4029 0.0624059 1.262262 1
4595547.4819 5437443.2699  28.1055 0.0528209 1.215514 2
4595547.4046 5437443.7310  29.3489 0.0660501 0.962121 1
4595547.4173 5437443.6767  28.2682 0.0547003 1.248549 2
4595547.3469 5437444.1080  28.9515 0.0913495 1.475735 1
4595547.3615 5437444.0464  27.6996 0.0291953 0.980705 2
4595547.6839 5437442.6856   0.0822 0.1877966 1.056423 3
4595547.6163 5437443.1146   0.1198 0.2333479 1.068341 3
4595547.5490 5437443.5427   0.1090 0.6333109 1.051629 0
4595547.4816 5437443.9708   0.1380 0.1859508 1.055150 3
4595547.8145 5437443.4697  28.0081 0.0587921 1.118700 1
4595548.0209 5437442.9003   0.0036 0.6017760 1.050350 0
4595547.9527 5437443.3319   0.0833 0.3005889 1.067305 3
4595547.8322 5437443.7340   0.1061 0.5704192 1.113751 0
4595547.8455 5437443.2587   0.0916 0.5242084 1.069537 0
4595547.8555 5437442.7924   0.0386 0.6002369 1.069951 0
4595547.1308 5437444.3236   0.1631 0.1663471 1.059541 3
4595547.1592 5437443.8038   0.3527 0.2810461 1.097296 3
4595547.1643 5437443.3530   0.2059 0.6981417 1.074872 0
4595547.1745 5437442.8873   0.1634 0.3209860 1.124191 0
4595547.1798 5437442.4356   0.0479 0.6270200 1.061574 0
4595547.1973 5437441.9491   0.1251 0.6398348 1.063775 0
