    X-Koord.     Y-Koord. Z-Koord.      Int.   Pulsb. W
4595559.8441 5437427.4507   0.0500 0.2093043 1.045086 3
4595559.0425 5437428.4399   0.0223 0.8010543 1.030380 0
4595559.0731 5437427.9520   0.0525 0.3544874 1.059160 3
4595559.1082 5437427.4940   0.1763 0.3077730 1.059945 3
4595559.1384 5437427.0030   0.2024 0.1788519 1.018866 3
4595559.1870 5437425.9460   0.0271 0.0741700 1.025923 3
4595559.2129 5437425.4249  -0.0261 0.0418678 1.040712 3
4595558.0465 5437429.4923  -0.0421 0.6165905 1.059889 3
4595558.0746 5437428.9910  -0.0453 0.6195239 1.041735 3
4595558.1054 5437428.5071   0.0074 0.1715432 1.055495 3
4595558.1649 5437427.5214   0.0397 0.0360063 0.987874 3
4595558.4047 5437428.3598   4.3976 0.1040031 1.210370 3
4595558.5081 5437428.3425   5.9430 0.1325356 1.221387 3
4595558.2471 5437425.9965  -0.0373 0.0508092 1.337035 3
4595558.2786 5437425.5133   0.0206 0.0576762 0.986169 3
4595558.3378 5437424.5237   0.0150 0.1434443 1.030229 3
4595559.8365 5437427.7628  25.4158 0.0875037 1.107702 2
4595557.1325 5437428.5808  -0.0150 0.4814840 1.062217 3
4595557.1615 5437428.0825  -0.0170 0.5885804 1.027380 3
4595557.1885 5437427.5715  -0.0615 0.5710444 1.046095 3
4595557.2183 5437427.0777  -0.0448 0.2467025 1.039780 3
4595557.2489 5437426.5885  -0.0108 0.6001084 1.039967 0
4595557.2795 5437426.0986   0.0107 0.1544358 1.114365 3
4595557.3095 5437425.6048   0.0172 0.4126783 1.062395 3
4595557.3374 5437425.0979  -0.0159 0.2977104 1.031518 3
4595557.3672 5437424.6016  -0.0137 0.4133614 1.050828 3
4595557.3985 5437424.1150   0.0212 0.2808893 1.107691 3
4595558.4712 5437428.3231  19.5820 0.0712346 1.160220 3
4595558.9030 5437428.5244  26.1221 0.0350418 1.035582 3
4595559.0068 5437427.9032  27.1113 0.0942963 1.201621 1
4595559.0456 5437427.5067  27.3383 0.0738585 1.068752 1
4595558.8955 5437426.4974  24.2598 0.0551953 1.295153 2
4595559.2012 5437427.9000  29.9736 0.0738499 1.126100 1
4595559.3312 5437428.1274  32.0884 0.0901099 1.290209 1
4595559.0855 5437425.7975  26.4762 0.0642806 1.026615 1
4595559.1217 5437425.3810  26.6567 0.0383824 1.081547 1
4595556.3617 5437428.8860   0.0240 0.6413728 1.057043 0
4595556.3891 5437428.3776  -0.0039 0.6183115 1.056671 0
4595556.4199 5437427.8896   0.0386 0.7722326 1.064042 0
4595556.4488 5437427.3906   0.0378 0.6636353 1.051126 0
4595556.4783 5437426.8924   0.0306 0.1635948 1.084715 3
4595556.5081 5437426.3970   0.0311 0.1968366 1.053679 3
4595556.5385 5437425.9047   0.0438 0.5103520 1.060763 3
4595556.5736 5437425.4417   0.1534 0.1897802 1.035585 3
4595556.5971 5437424.9061   0.0411 0.6204674 1.051107 0
4595556.6262 5437424.4044   0.0349 0.4446392 1.061785 3
4595556.6852 5437423.4053   0.0182 0.1444716 0.979443 3
4595556.7164 5437422.9174   0.0715 0.0381927 0.981074 3
4595558.2585 5437428.8427  27.7529 0.0159160 0.670609 1
4595558.2194 5437428.5867  26.9680 0.0863491 1.377913 2
4595558.0591 5437427.5379  23.7183 0.0392528 1.044925 3
4595558.0382 5437426.7407  22.7372 0.0469570 1.281019 1
4595558.2769 5437427.6563  27.0125 0.0395818 1.588471 1
4595558.2103 5437427.2161  25.6613 0.0493225 1.071020 2
4595558.1385 5437426.7416  24.2082 0.0244058 0.951951 3
4595558.4465 5437428.1263  29.9031 0.0500221 0.965568 1
4595558.3934 5437427.7734  28.8210 0.1020010 1.310164 2
4595558.2620 5437426.9009  26.1531 0.0312313 1.249028 3
4595558.6109 5437428.5700  32.6816 0.0346831 1.016540 1
4595558.4949 5437427.7956  30.3275 0.0648628 1.244969 3
4595558.6400 5437428.1151  32.7177 0.0719583 1.817454 1
4595558.5678 5437427.6309  31.2495 0.0821321 1.553473 3
4595558.7031 5437427.8891  33.4435 0.0424496 1.264236 1
4595558.6414 5437427.4729  32.1859 0.0332132 0.939651 2
4595558.4165 5437425.9572  27.6198 0.0460672 0.941184 2
4595558.7325 5437427.4373  33.4829 0.0430708 0.952012 1
4595558.7027 5437427.2358  32.8780 0.0681841 1.138946 2
4595558.4535 5437425.5478  27.8184 0.0333813 1.066221 2
4595558.4314 5437424.7343  26.7670 0.0617588 1.028875 1
4595555.5361 5437428.3291   0.0485 0.5599981 1.050423 0
4595555.5653 5437427.8303   0.0597 0.4994014 1.069378 0
4595555.5937 5437427.3265   0.0461 0.6692876 1.034104 0
4595555.6213 5437426.8192  -0.0008 0.4441935 1.063314 0
4595555.6500 5437426.3165  -0.0281 0.6055379 1.087332 0
4595555.6823 5437425.8356   0.0167 0.5899516 1.069499 0
4595555.7139 5437425.3482   0.0451 0.7143518 1.049266 0
4595555.7438 5437424.8521   0.0460 0.6046410 1.030590 0
4595555.7722 5437424.3463   0.0207 0.6576673 1.052864 0
4595555.8022 5437423.8498   0.0322 0.5350140 1.053183 0
4595555.8323 5437423.3543   0.0497 0.6428127 1.065166 0
4595557.1291 5437429.4636  23.9775 0.0875036 1.039807 1
4595557.4344 5437429.4568  28.3823 0.0461220 1.086246 1
4595557.3211 5437428.7325  26.1328 0.0754308 0.964639 2
4595557.5396 5437429.4860  29.9255 0.0435145 1.357669 1
4595557.5499 5437428.9049  29.5825 0.0598158 1.380600 1
4595557.6345 5437428.8052  30.7187 0.0443509 1.006687 1
4595557.5811 5437428.4589  29.6552 0.0847062 1.527714 2
4595557.6493 5437428.2537  30.4639 0.1206352 1.100063 1
4595557.8205 5437428.7271  33.3384 0.0393360 0.951510 1
4595557.4711 5437426.4379  26.3598 0.0468538 1.215483 3
4595557.8288 5437427.4867  32.4033 0.1033236 1.243863 1
4595557.7113 5437426.7094  30.0590 0.0476684 1.151810 3
4595557.9264 5437427.4852  33.8130 0.1106225 1.344790 1
4595557.9813 5437427.2033  34.3713 0.1288358 1.121516 0
4595558.0447 5437426.9796  35.1023 0.0748760 1.305525 1
4595558.1153 5437426.8054  35.9764 0.0348773 0.986560 1
4595554.5815 5437427.7556   0.0167 0.4254053 1.078459 3
4595554.6691 5437426.2538  -0.0150 0.2172794 1.021460 0
4595554.7045 5437425.7894   0.0753 0.2670025 1.108729 3
4595554.7365 5437425.3034   0.1011 0.5174024 1.055739 0
4595554.7609 5437424.7725  -0.0206 0.3226197 1.049829 3
4595554.7895 5437424.2666  -0.0422 0.2433050 1.053822 3
4595556.1227 5437428.4030  22.3204 0.0364748 0.906423 1
4595556.6351 5437429.0133  30.0715 0.0815376 1.142198 1
4595556.2445 5437426.5500  22.4846 0.0761569 1.070933 3
4595556.8141 5437428.8607  32.4785 0.1116860 1.293310 1
4595556.5982 5437426.8358  27.7312 0.0370956 1.088147 1
4595556.9306 5437428.3208  33.6788 0.0935190 1.032581 1
4595556.7083 5437426.8913  29.3367 0.0567237 1.143939 2
4595556.7874 5437426.7517  30.3384 0.0925004 1.037606 1
4595556.9769 5437427.3309  33.5074 0.0616999 1.149911 1
4595556.6677 5437425.3236  27.4218 0.0370819 1.111546 2
4595557.0230 5437426.9857  33.8696 0.0847222 1.053340 1
4595556.9831 5437426.7253  33.0861 0.0432550 1.146701 3
4595556.7452 5437424.5159  27.8428 0.0416213 1.086982 1
4595553.8565 5437427.0241  -0.0582 0.1344232 1.074750 3
4595553.9521 5437425.5632   0.0019 0.0653442 0.980273 3
4595553.9835 5437425.0730   0.0237 0.2721557 1.061540 3
4595555.4363 5437426.5255  21.5475 0.0432696 1.172575 1
4595555.7331 5437427.7188  26.7122 0.0975693 1.071148 1
4595555.6502 5437427.2018  25.1193 0.0958480 1.169583 2
4595555.5338 5437426.4767  22.8667 0.0410705 1.207066 2
4595555.9546 5437428.4570  30.4034 0.0407411 1.010178 1
4595555.7455 5437425.8421  25.2791 0.0383995 1.108070 1
4595556.1034 5437427.4604  31.6743 0.0423763 0.882180 1
4595555.8381 5437425.7752  26.5173 0.0279190 1.012170 2
4595555.9534 5437425.8561  28.1992 0.0601398 1.081863 1
4595555.8704 5437425.3265  26.5848 0.0291715 0.920517 2
4595555.7825 5437424.7655  24.8759 0.0263693 0.923768 2
4595553.1105 5437426.5338   0.0387 0.5479668 1.064462 0
4595553.1436 5437426.0537   0.0701 0.3998334 1.047428 0
4595555.0565 5437427.5515  27.7108 0.1800966 1.690939 1
4595554.9443 5437425.5566  24.4656 0.0361939 1.202979 1
4595555.3299 5437427.3163  31.2969 0.0612659 1.473854 1
4595555.1222 5437426.0162  27.3194 0.0667316 1.066689 2
4595555.3366 5437426.7147  30.8778 0.0487271 1.015688 1
4595555.3074 5437426.5311  30.3187 0.0529682 1.139247 2
4595555.3666 5437426.2572  30.9010 0.1233164 1.028972 1
4595555.2443 5437424.8313  27.9879 0.0283567 0.796292 1
4595554.0878 5437427.6017  28.4879 0.0496955 1.101602 1
4595554.1186 5437427.1454  28.5344 0.0686760 0.958429 1
4595554.0863 5437426.9499  27.9388 0.0425900 0.991449 2
4595553.8565 5437425.5595  23.6483 0.0303974 1.125199 3
4595554.1517 5437426.7030  28.6229 0.0483631 0.915528 1
4595554.1275 5437426.5559  28.1763 0.0894401 1.986429 2
4595554.2013 5437425.7154  28.4527 0.1604308 1.800103 1
4595554.2478 5437425.3544  28.7747 0.0504379 1.230564 1
4595552.9852 5437426.4781  26.5316 0.0391610 1.018993 1
4595552.9601 5437426.7099  24.7451 0.0465883 1.145047 2
4595553.2121 5437426.1086   0.0764 0.3040554 1.028335 3
4595553.1456 5437426.5322   0.0604 0.2515759 1.088807 3
4595553.6470 5437425.4265   0.0488 0.5438616 1.069105 3
4595553.5800 5437425.8530   0.0631 0.2750738 1.053040 3
4595553.5125 5437426.2816   0.0938 0.2054184 1.076514 3
4595553.4458 5437426.7071   0.0814 0.1394785 1.070820 3
4595553.9619 5437425.2126  28.4896 0.1148314 1.852749 1
4595553.9925 5437425.2043  24.3286 0.0391360 1.346818 1
4595553.8281 5437426.0459  28.8956 0.0716685 1.040652 1
4595553.7714 5437426.4187  28.6537 0.0536346 1.376567 1
4595553.8182 5437426.2159  26.5221 0.0381440 1.062069 2
4595553.7083 5437426.8184  28.6797 0.0481637 1.187247 1
4595553.7379 5437426.8203  24.4470 0.0576540 1.858095 1
4595554.1998 5437424.9732   0.0929 0.4801637 1.034735 0
4595554.1321 5437425.4024   0.1194 0.2889077 1.048827 3
4595554.0651 5437425.8292   0.1194 0.1876356 1.011027 3
4595553.9989 5437426.2523   0.0922 0.0966599 1.080097 3
4595553.9318 5437426.6793   0.1010 0.0441372 0.975480 3
4595553.8669 5437427.0967  -0.0143 0.1539409 1.051460 3
4595554.4256 5437424.9755  27.7074 0.0458586 0.961902 1
4595554.4335 5437425.0710  24.6266 0.0687355 1.192525 1
4595554.2242 5437426.2274  28.3209 0.1151485 1.689719 1
4595554.2106 5437426.4170  26.1413 0.1712685 1.027609 1
4595554.7277 5437424.3628  -0.0069 0.5137777 1.047810 0
4595554.0442 5437427.3879  27.9600 0.1213170 1.261215 1
4595554.6589 5437424.7962   0.0595 0.0780560 1.009891 3
4595554.0370 5437427.5530  25.4210 0.0579044 1.435361 2
4595554.0630 5437427.4438  24.2351 0.0551200 1.329474 2
4595554.5901 5437425.2297   0.1388 0.1711925 1.024472 3
4595554.5238 5437425.6528   0.1064 0.1260461 1.089289 3
4595554.4589 5437426.0699   0.0085 0.0550044 1.192425 3
4595554.3908 5437426.5004   0.0607 0.1397533 1.045652 3
4595554.3245 5437426.9236   0.0212 0.1552979 1.050161 3
4595554.2572 5437427.3508   0.0195 0.0399827 0.990849 3
4595554.7867 5437424.3457  28.0491 0.0412680 1.135452 1
4595554.7394 5437424.8069  24.6519 0.0411404 1.042836 1
4595554.7632 5437424.7043  23.6122 0.0559049 1.147362 2
4595554.6063 5437425.5087  27.7300 0.1603978 1.508844 1
4595554.6791 5437425.1963  24.5319 0.0323707 1.312424 2
4595554.5403 5437425.9216  27.8923 0.0399323 1.104963 1
4595554.6220 5437425.5721  24.2758 0.1365317 1.057405 2
4595554.4808 5437426.3069  27.7551 0.0444077 1.088663 1
4595554.6177 5437425.7236  21.6550 0.0453464 1.021452 2
4595554.4583 5437426.5351  25.9619 0.0582768 1.161824 1
4595554.5493 5437426.1488  21.8779 0.0435732 1.013830 2
4595555.0367 5437424.0795   0.0378 0.2650300 1.031548 3
4595554.3563 5437427.1007  27.7229 0.0415923 1.066923 1
4595554.9697 5437424.5056   0.0142 0.1999813 1.039741 3
4595554.2800 5437427.5568  28.3365 0.0491940 1.284096 1
4595554.3272 5437427.3579  26.1954 0.0524991 1.146132 2
4595554.9011 5437424.9390   0.0893 0.1854120 1.052796 3
4595554.8336 5437425.3679   0.1103 0.0447971 1.064780 3
4595554.7673 5437425.7909   0.0825 0.1706921 1.042668 3
4595554.7036 5437426.2038  -0.0730 0.0336434 0.951991 3
4595554.6354 5437426.6355  -0.0175 0.0511867 1.117597 3
4595554.5677 5437427.0645   0.0066 0.2973434 1.053492 3
4595554.4991 5437427.4975   0.0687 0.0782419 1.122220 3
4595554.4317 5437427.9258   0.0635 0.0313778 1.002895 3
4595555.1635 5437424.5654  27.9493 0.0500992 1.032694 1
4595555.2998 5437423.9849  22.1890 0.0413578 1.074960 2
4595555.1163 5437425.0327  24.6124 0.0622041 1.155320 1
4595555.1444 5437424.9136  23.4006 0.0297677 1.037619 2
4595554.9032 5437426.0674  31.1219 0.0698582 1.115909 1
4595554.9205 5437426.1287  27.6646 0.0416626 1.021004 1
4595555.5543 5437423.4661   0.0333 0.4623255 1.066290 3
4595554.8005 5437426.7681  30.1886 0.0271177 1.026662 1
4595555.4866 5437423.8962   0.0439 0.2527332 1.055999 3
4595554.8007 5437426.9040  27.4266 0.0512524 1.002839 1
4595554.8412 5437426.7351  25.6365 0.0403253 1.075768 2
4595555.4192 5437424.3248   0.0466 0.2053902 1.084509 3
4595554.7628 5437427.2001  26.3220 0.0231973 0.844103 1
4595555.3510 5437424.7564   0.0928 0.4889805 1.062406 3
4595554.6668 5437427.7379  27.8021 0.1041049 1.685896 1
4595555.2839 5437425.1837   0.1023 0.0905793 1.060070 3
4595555.2152 5437425.6174   0.1907 0.0377076 1.071734 3
4595555.1513 5437426.0317   0.0496 0.0353333 1.040076 3
4595555.0862 5437426.4506  -0.0338 0.0729538 1.019913 3
4595555.0184 5437426.8805   0.0079 0.0871109 1.031722 3
4595554.9510 5437427.3088   0.0220 0.1886082 1.049523 3
4595554.8146 5437428.1725   0.0983 0.0434856 1.000732 3
4595555.9066 5437423.4690  25.4204 0.0278091 0.964133 1
4595555.9565 5437423.2613  23.4097 0.0323909 1.069982 2
4595555.7941 5437424.2146  24.8506 0.0643823 1.059951 1
4595555.8581 5437423.9498  22.2265 0.0243881 1.066170 2
4595555.5872 5437425.2088  30.7901 0.0784693 1.150113 1
4595555.7348 5437424.6004  24.6861 0.0331200 1.006564 2
4595555.5280 5437425.5920  30.6696 0.0487969 1.104910 1
4595555.5961 5437425.3122  27.8306 0.0526854 1.139889 2
4595555.4676 5437425.9805  30.5957 0.0359557 1.307953 1
4595555.5939 5437425.4636  25.2926 0.0288257 0.983048 2
4595555.4153 5437426.3354  30.1870 0.0368489 1.110398 1
4595555.4726 5437426.1018  27.7629 0.1003008 1.423340 2
4595556.1294 5437423.4241   0.0487 0.0611613 1.066619 3
4595556.0623 5437423.8514   0.0403 0.3813304 1.066314 0
4595555.2666 5437427.2254  31.2307 0.0615923 1.148852 1
4595555.2975 5437427.1004  29.9072 0.0256384 1.045582 2
4595555.9956 5437424.2764   0.0148 0.0394823 1.014668 3
4595555.2009 5437427.6348  31.3799 0.0401306 1.072273 1
4595555.2728 5437427.3449  28.2836 0.0235226 1.001885 2
4595555.3021 5437427.2269  27.0203 0.0329702 0.971544 2
4595555.9266 5437424.7109   0.0870 0.1560050 1.019052 3
4595555.2351 5437427.6427  27.2040 0.1129398 1.078344 1
4595555.8593 5437425.1382   0.0975 0.2053810 1.041931 3
4595555.1983 5437427.9383  26.0530 0.0579305 1.196634 1
4595555.2153 5437427.8704  25.3138 0.0198865 0.861209 2
4595555.2411 5437427.7674  24.1918 0.0946066 1.068532 2
4595555.7931 5437425.5614   0.0498 0.1009388 1.026076 3
4595555.1441 5437428.3039  25.6565 0.0533343 0.973756 3
4595555.6593 5437426.4129   0.0438 0.0744857 1.102368 3
4595555.5917 5437426.8420   0.0667 0.2397446 1.044062 3
4595555.5236 5437427.2724   0.1150 0.1819930 1.067638 0
4595555.4569 5437427.6972   0.0937 0.2905151 1.032930 3
4595555.3220 5437428.5535   0.0811 0.0489200 1.015945 3
4595556.2935 5437423.2869  27.0223 0.0415262 1.364413 1
4595556.2104 5437423.7701  27.8255 0.0368737 1.142578 1
4595556.2761 5437423.4990  25.1860 0.0411664 1.308331 2
4595556.3262 5437423.2927  23.1890 0.0362634 1.074593 2
4595556.2848 5437423.6053  22.2911 0.0639712 1.525216 1
4595556.1620 5437424.2524  24.6955 0.0377741 1.088573 1
4595556.2199 5437424.0157  22.3452 0.0606237 1.111622 2
4595556.0846 5437424.7122  25.2791 0.0341946 1.034719 1
4595555.8729 5437425.7173  31.3929 0.0302486 0.968487 1
4595555.8940 5437425.6316  30.5226 0.0368445 1.241253 2
4595555.9543 5437425.3869  28.0401 0.0722687 1.139498 2
4595555.8349 5437426.0148  30.3990 0.0540317 1.195740 1
4595556.5671 5437423.0516   0.0573 0.3572705 1.045572 3
4595556.4997 5437423.4798   0.0447 0.7511334 1.067404 0
4595555.6747 5437426.9503  31.9172 0.1342447 1.041929 1
4595556.4319 5437423.9095   0.0764 0.0973262 1.037498 3
4595555.6441 5437427.2189  30.5912 0.0613332 1.570570 1
4595556.3637 5437424.3407   0.1230 0.1253742 1.013859 3
4595555.6642 5437427.2870  27.0880 0.1183005 1.284713 1
4595556.2969 5437424.7667   0.1066 0.1016959 1.033622 3
4595555.7443 5437427.1192  20.9567 0.1107757 1.063191 1
4595556.2309 5437425.1889   0.0551 0.2780493 1.000576 3
4595555.4542 5437428.4191  30.7057 0.0281249 0.948787 1
4595555.5808 5437427.9189  25.2531 0.0507898 1.008917 2
4595556.1637 5437425.6165   0.0514 0.2764430 1.008580 3
4595555.4149 5437428.7245  29.7019 0.0290603 1.109098 2
4595556.0966 5437426.0429   0.0568 0.0757822 1.214421 3
4595556.0295 5437426.4696   0.0597 0.0894644 1.035215 3
4595555.9615 5437426.9005   0.1032 0.0441236 1.131604 3
4595555.8943 5437427.3274   0.1177 0.2004669 1.087415 0
4595555.8275 5437427.7531   0.0905 0.4079730 1.047023 3
4595555.7599 5437428.1816   0.1028 0.0992501 1.021094 3
4595555.6926 5437428.6091   0.0938 0.1123692 1.012998 3
4595556.7030 5437423.1748  25.3029 0.0221242 1.048848 1
4595556.7286 5437423.0701  24.2971 0.0455111 1.096389 2
4595556.5477 5437424.0955  26.4507 0.0393533 1.029520 1
4595556.5837 5437423.9494  25.0104 0.0244736 1.042339 2
4595556.4551 5437424.6153  27.6497 0.0297411 0.897705 1
4595556.5296 5437424.3138  24.6530 0.0298510 1.152606 2
4595556.3973 5437424.9948  27.4389 0.1316806 1.136556 1
4595556.5102 5437424.5394  22.8772 0.0284363 1.291624 2
4595556.5261 5437424.4755  22.2351 0.0167216 1.110792 2
4595556.3602 5437425.2903  26.3897 0.0262156 0.901972 1
4595556.1533 5437426.2664  32.2964 0.0976669 1.035847 1
4595556.2040 5437426.0639  30.2164 0.0395608 1.094374 2
4595556.9383 5437423.1261   0.1014 0.0395781 0.983078 3
4595556.1497 5437426.4277  29.8859 0.0981123 1.078046 1
4595556.8717 5437423.5507   0.0618 0.2459310 1.036248 3
4595556.0443 5437426.9952  31.6863 0.0374238 1.022047 1
4595556.0802 5437426.8525  30.1888 0.0396529 1.019353 2
4595556.8043 5437423.9785   0.0728 0.1343785 1.045875 3
4595556.0155 5437427.2579  30.3007 0.0654923 1.063249 1
4595556.1048 5437426.9050  26.5576 0.0443820 1.131919 2
4595556.7376 5437424.4035   0.0632 0.1364403 1.072475 3
4595555.9595 5437427.6292  30.0303 0.0371805 1.012402 1
4595556.0370 5437427.3242  26.7647 0.0789137 1.250973 2
4595556.6695 5437424.8344   0.0928 0.0880176 1.071384 3
4595555.8604 5437428.1694  31.5773 0.0529055 1.542100 1
4595555.8861 5437428.0687  30.4907 0.0234052 0.925787 2
4595556.6007 5437425.2672   0.1550 0.0882178 1.114496 3
4595555.9482 5437427.9788  25.1770 0.0321209 1.020927 1
4595556.0630 5437427.5307  20.2850 0.0279062 1.009894 2
4595556.5362 5437425.6836   0.0366 0.2910373 1.047935 3
4595556.4678 5437426.1153   0.0909 0.3953127 1.049631 0
4595556.4011 5437426.5406   0.0701 0.3151952 1.044541 3
4595556.3336 5437426.9685   0.0948 0.1342281 1.013434 3
4595556.2664 5437427.3957   0.0953 0.3265426 1.068052 0
4595556.1992 5437427.8230   0.0925 0.1706420 1.057133 3
4595556.1316 5437428.2510   0.1018 0.2033305 1.075475 0
4595556.0648 5437428.6768   0.0668 0.1274265 1.013639 3
4595557.3560 5437422.7181  22.8860 0.0370279 1.305240 1
4595557.1608 5437423.6454  27.9387 0.0224291 0.884045 1
4595557.2996 5437423.0943  22.6105 0.0223488 1.037184 2
4595557.1059 5437424.0132  27.6375 0.0749822 1.489249 1
4595557.1357 5437423.8954  26.4848 0.0368028 1.056624 2
4595557.0441 5437424.4089  27.6077 0.0267330 0.889640 1
4595557.1343 5437424.0536  24.0938 0.0385293 1.175447 2
4595556.9735 5437424.8391  27.9172 0.0458788 0.946725 1
4595556.9877 5437424.7832  27.3596 0.0508374 2.375037 2
4595556.7794 5437425.7517  33.0959 0.0681009 0.998392 1
4595556.9200 5437425.2021  27.5554 0.0689120 1.067221 2
4595556.9975 5437424.8990  24.5009 0.0345152 1.555296 3
4595556.6967 5437426.2265  33.9290 0.0310210 0.926105 1
4595556.7467 5437426.0319  31.9444 0.0468339 1.059507 2
4595557.5489 5437422.9090   0.1221 0.0911884 1.069889 3
4595556.6260 5437426.6537  34.2888 0.1515458 1.088741 1
4595557.4824 5437423.3338   0.0931 0.0437177 1.016783 3
4595556.5868 5437427.4323  25.8113 0.0450864 1.206486 1
4595557.2149 5437425.0389   0.0618 0.2177908 1.032754 3
4595556.3581 5437428.4619  32.6259 0.0996270 1.267117 1
4595556.4021 5437428.2951  30.8165 0.0494304 1.323572 2
4595557.1481 5437425.4647   0.0455 0.0484844 1.213827 3
4595556.3598 5437428.6154  29.9822 0.0681207 1.087996 1
4595556.2712 5437429.1109  31.0677 0.0855740 1.251697 1
4595556.4244 5437428.5350  24.6741 0.0285260 1.002813 2
4595557.0120 5437426.3263   0.1256 0.0723135 1.038559 3
4595556.9468 5437426.7459   0.0496 0.5052309 1.071843 0
4595556.8804 5437427.1709   0.0144 0.4184648 1.045066 3
4595556.8130 5437427.5988   0.0224 0.4982209 1.057985 3
4595556.7454 5437428.0274   0.0407 0.1441953 1.060580 3
4595556.6092 5437428.8889   0.1049 0.0844874 0.931749 3
4595557.7362 5437422.8260  22.6675 0.0724011 1.052201 1
4595557.4738 5437424.1621  27.8456 0.0543411 1.186085 1
4595557.2610 5437425.1445  33.6318 0.0400708 1.067376 1
4595557.4163 5437424.5405  27.6462 0.0396728 1.069298 2
4595557.2087 5437425.5004  33.2637 0.0994923 1.031176 1
4595557.3146 5437425.2467  26.7254 0.1091011 1.094452 2
4595557.0956 5437426.2459  32.8610 0.0246226 0.907455 1
4595557.1366 5437426.0884  31.2510 0.0345044 1.020949 2
4595557.2353 5437425.7094  27.3762 0.0603318 1.512732 3
4595557.0208 5437426.6888  33.3707 0.1117705 1.208503 0
4595557.7962 5437423.8936   0.0873 0.0789698 1.020636 0
4595557.0096 5437427.0483  28.8726 0.0779681 1.079008 1
4595557.7308 5437424.3137   0.0230 0.1429814 1.063413 3
4595556.8301 5437427.8876  33.5701 0.0855755 1.273056 1
4595557.6627 5437424.7445   0.0562 0.0591185 1.109905 3
4595556.9599 5437427.5604  25.8127 0.1665316 1.076012 1
4595556.7387 5437428.5528  32.2568 0.0279367 1.190694 1
4595556.8125 5437428.2764  29.2482 0.0977808 1.066269 2
4595556.9138 5437427.8976  25.1242 0.0293655 1.375292 2
4595556.9588 5437427.7293  23.2903 0.0248042 0.958492 3
4595556.9997 5437427.7442  19.0031 0.0700318 1.232673 1
4595557.4621 5437426.0220   0.0240 0.2832100 1.059123 3
4595556.7708 5437428.7623  25.7968 0.0618463 1.288731 2
4595557.3950 5437426.4488   0.0228 0.1277703 1.058296 3
4595556.7495 5437429.0090  24.0593 0.0458151 0.951922 1
4595557.3280 5437426.8754   0.0100 0.5144413 1.044204 3
4595557.2614 5437427.3002  -0.0233 0.2663997 1.038983 3
4595557.1927 5437427.7328   0.0393 0.0611608 0.991140 3
4595557.1255 5437428.1597   0.0366 0.4122217 1.042867 3
4595557.0584 5437428.5861   0.0344 0.0997497 1.011677 3
4595556.9237 5437429.4412   0.0400 0.0701878 1.046464 0
4595557.8746 5437423.3527  22.3995 0.0584018 1.008237 1
4595557.6752 5437424.2892  27.6302 0.0911314 1.180174 1
4595557.6112 5437424.6927  27.6772 0.0337794 0.949160 1
4595557.5853 5437424.9480  26.2385 0.0507724 1.295461 1
4595557.3534 5437426.0021  32.8737 0.0463568 0.967673 0
4595557.5249 5437425.4950  23.6503 0.1106673 1.203941 1
4595558.1219 5437423.1925   0.0334 0.0423106 1.122924 3
4595557.2319 5437426.7795  32.7747 0.0781286 1.057528 1
4595557.2777 5437426.6038  30.9587 0.0327872 0.898986 2
4595557.2945 5437426.5394  30.2926 0.0339097 1.179476 3
4595557.2222 5437426.9733  30.6804 0.0956309 1.106513 1
4595557.9868 5437424.0492   0.0681 0.1334811 0.968476 3
4595557.1158 5437427.5368  32.4510 0.1437298 2.105535 1
4595557.2442 5437427.0479  27.2822 0.0262790 1.063434 2
4595557.9208 5437424.4714   0.0200 0.1661135 1.037457 3
4595557.0866 5437427.8057  31.1198 0.0265777 1.023950 1
4595557.1423 5437427.5944  28.8599 0.0469619 1.044906 2
4595557.1677 5437427.4982  27.8306 0.0427848 1.045730 2
4595557.8529 5437424.9005   0.0534 0.1953714 1.029846 3
4595557.0189 5437428.2214  31.3384 0.0674439 1.077997 1
4595557.0531 5437428.0923  29.9432 0.0407117 0.987440 2
4595557.1826 5437427.6036  24.6594 0.0368718 1.124252 3
4595557.0124 5437428.4072  29.0426 0.0322557 1.175122 1
4595557.7180 5437425.7562   0.0667 0.1311600 1.062424 3
4595557.0243 5437428.5255  25.9625 0.0348821 1.199343 1
4595557.1858 5437427.9216  19.2853 0.0343119 1.395903 2
4595557.6514 5437426.1803   0.0416 0.1653105 1.049790 3
4595556.9409 5437429.0020  26.8008 0.0355606 0.946840 1
4595556.9588 5437428.9354  26.0574 0.0567802 1.345766 2
4595557.5843 5437426.6070   0.0273 0.2676083 1.054026 3
4595556.9431 5437429.1597  24.0699 0.0935753 0.994251 1
4595557.5174 5437427.0324   0.0046 0.4131460 1.055383 3
4595557.4502 5437427.4592  -0.0090 0.3903343 1.076025 3
4595557.3821 5437427.8892   0.0184 0.3360481 1.061194 0
4595557.3153 5437428.3141   0.0032 0.3035879 1.024173 3
4595557.2476 5437428.7431   0.0164 0.1763102 1.059988 3
4595557.1800 5437429.1710   0.0245 0.2718668 1.034437 3
4595558.3289 5437423.3387  22.3674 0.0326068 0.939702 1
4595558.1251 5437424.2837  27.6902 0.0669229 1.630200 1
4595558.2610 5437423.7604  22.5424 0.0384340 0.985990 2
4595558.0947 5437424.5592  26.4688 0.1154870 1.310326 1
4595558.0374 5437424.9383  26.2637 0.0465645 1.066193 1
4595558.1115 5437424.6552  23.4216 0.0406192 0.957946 2
4595557.7120 5437426.3375  36.3829 0.0458425 1.095612 1
4595557.6743 5437426.6381  35.4650 0.0627822 0.979806 1
4595557.6933 5437426.5662  34.7308 0.0237937 1.231534 2
4595557.8690 5437425.9005  27.9231 0.0282023 1.155100 2
4595557.9484 5437425.5996  24.8481 0.0256604 0.972505 3
4595557.6364 5437426.9407  34.5359 0.0592889 1.092358 1
4595557.7554 5437426.4918  29.9050 0.0840531 1.159707 3
4595557.6248 5437427.1450  32.5688 0.0361705 1.076424 1
4595557.7019 5437426.8556  29.5521 0.0504564 1.051596 2
4595557.7297 5437426.7513  28.4642 0.0566974 1.238004 2
4595558.4540 5437424.0306   0.0114 0.0437423 1.146574 3
4595557.5323 5437427.6536  33.7708 0.0917952 1.145170 1
4595558.3840 5437424.4684   0.1332 0.0422911 1.110548 3
4595557.4763 5437428.0252  33.5477 0.0556908 1.021142 1
4595557.4918 5437427.9675  32.9308 0.0783665 1.775362 2
4595557.5206 5437427.8602  31.7833 0.0469803 1.630571 3
4595557.4545 5437428.2700  31.9559 0.0189029 0.992582 1
4595557.4714 5437428.2073  31.2786 0.0192841 0.994410 2
4595557.5037 5437428.0878  29.9868 0.0441178 1.399354 3
4595557.3668 5437428.7598  32.9906 0.0770451 1.116177 0
4595557.3873 5437428.8510  29.6519 0.0278273 1.111834 2
4595557.4115 5437428.7620  28.6699 0.0282830 1.029290 3
4595557.2626 5437429.4758  32.1954 0.0432136 1.232700 1
4595557.3149 5437429.2846  30.0604 0.0812158 0.973319 2
4595557.3382 5437429.1994  29.1089 0.0433239 1.344192 2
4595558.0513 5437426.5946   0.0245 0.0326311 1.031443 3
4595557.2870 5437429.5559  28.6442 0.0416698 0.977729 1
4595557.4014 5437429.1401  23.9473 0.0196087 0.818313 2
4595557.9828 5437427.0269   0.0715 0.1800015 1.083672 3
4595557.3378 5437429.5437  23.9633 0.0946991 1.109955 1
4595557.9152 5437427.4557   0.0870 0.1485579 1.097718 3
4595557.8488 5437427.8807   0.0518 0.3502266 1.052803 3
4595557.7828 5437428.3036   0.0030 0.4813983 1.049298 3
4595557.7157 5437428.7308   0.0006 0.5085943 1.048840 0
4595557.6486 5437429.1580  -0.0034 0.4129118 1.062828 3
4595557.5814 5437429.5853   0.0035 0.6951017 1.058699 0
4595558.6139 5437424.3849  26.8707 0.0615757 1.115436 1
4595558.5659 5437424.7293  26.3342 0.0664988 1.006977 1
4595558.4676 5437425.2622  27.6871 0.0492604 1.073758 1
4595558.5008 5437425.1382  26.4370 0.0206951 0.956836 2
4595558.5641 5437424.9020  24.0493 0.0319206 1.009852 2
4595558.4176 5437425.6144  27.2151 0.0960641 1.759845 1
4595558.3093 5437426.1824  28.9321 0.0219461 0.890122 1
4595558.3575 5437426.0040  27.1042 0.0576945 0.913398 2
4595558.3722 5437425.9497  26.5474 0.1117314 2.158895 2
4595558.2123 5437426.7076  30.2476 0.1206086 1.206017 1
4595558.2584 5437426.5375  28.4845 0.0457403 1.593609 2
4595558.0643 5437427.4178  33.5349 0.0847458 1.067318 1
4595558.0899 5437427.3240  32.5529 0.0520308 1.637995 2
4595558.1458 5437427.1190  30.4065 0.0449150 1.275361 3
4595558.1127 5437427.4095  29.2738 0.0528938 1.280270 1
4595558.8685 5437424.6515   0.0043 0.0289261 0.933535 3
4595557.9613 5437428.1299  32.7445 0.0176728 0.716589 1
4595557.9892 5437428.0284  31.6560 0.0522028 0.971520 2
4595558.0255 5437427.8967  30.2435 0.0282038 1.211861 3
4595557.8872 5437428.5682  33.2236 0.0988220 1.153682 0
4595557.8727 5437428.9646  28.8929 0.0310082 1.138490 1
4595557.9487 5437428.6926  25.8809 0.0590311 1.369499 2
4595557.9739 5437428.6022  24.8795 0.0587193 1.394771 2
4595558.0136 5437428.4602  23.3059 0.0679440 1.476866 3
4595557.8685 5437429.1547  26.5640 0.0468466 1.115135 1
4595558.1831 5437428.0345  14.0046 0.0698697 1.360628 3
4595558.2113 5437428.1172  10.2654 0.2503350 1.900442 0
4595558.1695 5437428.4509   9.3055 0.0282882 1.020356 1
4595558.2486 5437428.1721   6.1033 0.1244158 1.434477 3
4595558.2994 5437428.1833   1.3409 0.1984341 1.606524 0
4595558.2643 5437428.4985   0.0405 0.5092608 1.059447 3
4595558.1977 5437428.9240   0.0088 0.3349818 1.031072 3
4595558.1310 5437429.3496  -0.0187 0.5935173 1.034217 0
4595558.8934 5437424.7679  26.2830 0.0378829 1.007348 1
4595558.7917 5437425.3121  27.7562 0.0381080 0.935832 1
4595558.8221 5437425.1992  26.6147 0.0503178 1.161758 2
4595558.8866 5437424.9600  24.1958 0.0350747 1.029529 2
4595558.7432 5437425.6586  27.2225 0.0648200 1.083325 1
4595558.7655 5437425.5763  26.3870 0.0490063 0.993617 2
4595558.8279 5437425.3459  24.0381 0.0313454 0.997793 2
4595558.4926 5437426.7484  34.3152 0.0249070 0.974492 1
4595558.5248 5437426.6298  33.0963 0.0735522 1.229982 2
4595558.5962 5437426.3674  30.3995 0.0251346 1.144498 3
4595558.4894 5437426.9264  32.0844 0.0466371 1.027683 0
4595558.4185 5437427.3533  32.4215 0.0584143 1.108173 1
4595558.4401 5437427.2746  31.5974 0.0289346 0.940508 2
4595558.4666 5437427.1779  30.5836 0.0783925 1.345266 2
4595558.4940 5437427.0781  29.5380 0.0257558 0.998734 3
4595558.3246 5437427.8626  33.6495 0.0283200 1.103358 1
4595558.3819 5437427.6550  31.4474 0.0599507 2.134848 3
4595558.2945 5437428.1411  32.4264 0.1056972 1.081057 1
4595558.4662 5437427.5215  25.7815 0.0331868 1.437185 2
4595559.1295 5437425.1273   0.0828 0.0338360 0.930861 3
4595558.2196 5437428.5816  32.9318 0.0441027 1.101599 1
4595558.2765 5437428.3772  30.7169 0.0833370 1.050334 2
4595558.3636 5437428.0641  27.3205 0.0748358 1.954852 3
4595558.3181 5437428.4017  26.6399 0.1343473 1.531752 0
4595558.2723 5437428.7404  25.9640 0.1170698 1.129049 1
4595558.9249 5437426.4194   0.1983 0.0270865 0.916201 3
4595558.2603 5437428.9603  23.9330 0.0560355 1.028526 1
4595558.8538 5437426.8601   0.3541 0.1172230 1.017239 3
4595558.7877 5437427.2836   0.3113 0.3328502 1.077929 3
4595558.7234 5437427.7004   0.2012 0.2857942 1.040744 3
4595558.6579 5437428.1216   0.1428 0.4554733 1.044613 3
4595558.5940 5437428.5367   0.0146 0.3534768 1.047084 3
4595558.5262 5437428.9661   0.0238 0.3449591 1.046531 3
4595558.4595 5437429.3916  -0.0064 0.4644391 1.049185 3
4595559.0108 5437426.3809  32.1666 0.0334462 0.947519 1
4595558.9373 5437426.8173  32.5998 0.0828660 1.082528 1
4595559.0980 5437426.2373  26.6082 0.0397447 1.119184 2
4595559.0836 5437426.4635  24.7856 0.0451813 0.997566 1
4595558.8050 5437427.6359  32.9379 0.1010104 1.223431 1
4595558.8443 5437427.4953  31.4512 0.0349645 1.419444 2
4595558.8885 5437427.3371  29.7800 0.0279894 1.155221 3
4595558.7523 5437427.9975  32.5959 0.0492645 1.038823 1
4595558.8230 5437427.7461  29.9079 0.0377856 1.138298 2
4595558.8927 5437427.4980  27.2551 0.0311324 1.151538 2
4595558.8323 5437427.8892  27.1730 0.1151649 1.748145 1
4595559.5431 5437425.3722   0.0104 0.0742603 1.006341 3
4595558.7610 5437428.3191  27.5125 0.0204320 0.938872 1
4595558.7780 5437428.2590  26.8560 0.0263235 0.793936 2
4595558.7951 5437428.1989  26.1983 0.0637448 1.154509 2
4595559.4752 5437425.8027   0.0384 0.1952743 1.057635 3
4595558.7009 5437428.7089  27.4149 0.0684974 1.062748 1
4595558.7292 5437428.6097  26.3224 0.0227999 0.948053 2
4595558.7587 5437428.5065  25.1860 0.0541561 1.986059 2
4595559.4053 5437426.2397   0.1372 0.0973352 1.056464 3
4595558.7054 5437428.8738  24.7953 0.0571505 0.972886 1
4595559.2688 5437427.1028   0.2265 0.0686298 1.152562 3
4595559.2044 5437427.5205   0.1334 0.0332241 1.074316 3
4595559.1379 5437427.9461   0.1160 0.0620064 1.125095 3
4595559.0732 5437428.3651   0.0295 0.0380132 0.970591 3
4595559.0070 5437428.7891  -0.0042 0.0802992 1.046140 3
4595559.5991 5437426.4126  24.6942 0.0684703 1.383394 1
4595559.4935 5437426.9635  26.2603 0.0329787 0.980385 1
4595559.5125 5437426.8967  25.5561 0.0837712 1.183955 2
4595559.4199 5437427.4017  26.6630 0.0410750 1.037069 1
4595559.4775 5437427.2010  24.5214 0.0312490 1.074947 2
4595559.3876 5437427.6961  25.5320 0.0338266 1.065322 1
4595559.2978 5437428.1894  26.5550 0.0478666 0.961701 1
4595559.3764 5437427.9186  23.5992 0.0431106 1.021658 2
4595559.3435 5437428.2178  22.4608 0.0549443 1.206768 1
4595559.9352 5437426.1892   0.1075 0.2747701 1.266615 3
4595559.8685 5437426.6152   0.0890 0.0416287 1.270811 3
4595559.7365 5437427.4633   0.0136 0.0391111 1.137309 3
4595559.8277 5437426.7597  31.6193 0.0718362 1.113046 1
4595559.7667 5437427.1506  31.5824 0.0263538 0.924871 1
4595559.9071 5437426.8446  24.1866 0.0527693 1.066761 1
4595559.9347 5437426.7488  23.1757 0.0396924 1.192733 2
4595559.8137 5437427.3505  25.3011 0.0688112 1.195814 1
4595559.8616 5437427.1853  23.5394 0.0912708 1.102386 2
4595559.7563 5437427.7327  25.0941 0.0351597 0.989707 1
4595559.8125 5437427.5401  23.0157 0.0443779 1.302119 2
4595559.6669 5437427.7323   0.0856 0.4923057 1.069384 0
