    X-Koord.     Y-Koord. Z-Koord.      Int.   Pulsb. W
4595554.0960 5437423.0301  -0.0818 0.0413609 1.072614 3
4595554.1289 5437422.5472  -0.0338 0.1150894 1.000336 3
4595554.1623 5437422.0667   0.0002 0.0792266 1.022923 3
4595554.1905 5437421.5545  -0.0666 0.1780375 1.079480 3
4595553.2316 5437424.5420   0.0079 0.0392144 1.027246 3
4595553.3227 5437423.0459  -0.0096 0.0813153 1.095997 3
4595553.4533 5437421.7825   0.6538 0.0373322 0.977749 2
4595553.4178 5437421.5703  -0.0409 0.0750195 1.104704 3
4595553.4475 5437421.0664  -0.0251 0.0931912 1.089216 3
4595553.4897 5437420.6367   0.2359 0.0587341 1.303249 3
4595552.0587 5437426.3088  -0.0063 0.8983737 1.049070 0
4595552.0929 5437425.8332   0.0616 0.1062137 2.044627 3
4595552.1174 5437425.3016  -0.0735 0.3488336 1.068180 0
4595552.1798 5437424.3147  -0.1813 0.0930568 1.110057 3
4595552.2114 5437423.8233  -0.2989 0.0870612 1.031960 3
4595552.2431 5437423.3329  -0.3367 0.1541982 1.057540 3
4595552.2996 5437422.3083  -0.2265 0.0457809 1.038631 3
4595552.3614 5437421.3147  -0.1486 0.1219471 1.086719 0
4595553.0819 5437424.2087  12.0431 0.0454753 0.919385 1
4595552.4209 5437420.3045  -0.0646 0.1728097 0.999054 3
4595553.4195 5437424.2357  16.6756 0.0670275 0.975620 0
4595553.6307 5437422.8749  18.4366 0.1259825 1.084297 1
4595553.4877 5437422.0014  15.6943 0.0360835 0.935723 3
4595551.0595 5437425.4058   0.0701 0.0535842 1.115241 3
4595551.0879 5437424.8968  -0.1485 0.1436147 1.009246 3
4595551.1206 5437424.4111  -0.2675 0.2426843 1.049796 0
4595551.1559 5437423.9396  -0.2600 0.0826843 1.027169 3
4595551.1821 5437423.4179  -0.3939 0.0920497 1.016310 3
4595551.2136 5437422.9238  -0.3113 0.2814793 1.020655 3
4595551.2507 5437422.4611  -0.1330 0.0453524 1.060371 3
4595551.3056 5437421.4271  -0.0756 0.0371274 0.945467 3
4595552.1623 5437425.6587  14.8010 0.0484631 1.104095 0
4595552.2727 5437425.6404  16.2425 0.0508749 1.249884 2
4595552.0393 5437424.2977  11.8683 0.0949629 1.132760 3
4595552.3221 5437425.2722  16.5807 0.0606722 0.996493 3
4595552.1182 5437423.4348  12.0259 0.0833322 1.231080 1
4595552.2643 5437423.6275  14.1488 0.0806220 1.105070 3
4595552.4289 5437423.9328  16.6968 0.1094343 1.192794 0
4595552.8508 5437425.7643  23.9990 0.0625934 1.179187 1
4595552.5187 5437423.8074  17.7545 0.1454889 1.135100 3
4595552.7106 5437424.2874  20.8865 0.0730691 2.111072 1
4595552.3676 5437422.2567  14.5984 0.0559326 1.037625 2
4595552.9273 5437424.9234  24.3323 0.0663161 1.003153 1
4595552.6763 5437423.4297  19.5077 0.0392261 0.959030 2
4595552.5983 5437422.9662  18.1592 0.0656873 1.374513 3
4595552.9762 5437424.5682  24.6997 0.0436823 0.979272 1
4595552.7224 5437423.0514  19.8969 0.1297213 1.027996 2
4595552.6506 5437422.6221  18.6537 0.0757715 1.329078 3
4595552.6938 5437422.2221  18.9301 0.1632340 1.202693 0
4595553.1017 5437423.3752  25.2947 0.0680129 1.056188 1
4595552.8689 5437421.9639  21.0569 0.0746857 1.302398 2
4595553.2039 5437423.3459  26.6693 0.0318044 1.087466 1
4595553.1455 5437422.9906  25.6017 0.0595440 1.075707 2
4595552.9021 5437420.8483  20.6456 0.0695241 1.031951 1
4595553.4148 5437423.3397  29.5486 0.0556130 1.017740 1
4595553.2500 5437422.3261  26.4736 0.0425909 1.160831 3
4595550.2675 5437425.0100  -0.0182 0.1922003 1.080966 3
4595550.3295 5437424.0152  -0.2664 0.2299596 1.040821 3
4595550.3911 5437423.0167  -0.3920 0.1726414 1.124746 0
4595550.4258 5437422.5395  -0.3026 0.3556280 1.036180 3
4595550.4730 5437422.1298   0.0056 0.0656010 1.451401 0
4595551.0625 5437424.1040   9.2481 0.0635949 1.229848 3
4595551.0952 5437423.6284   9.2101 0.1398593 1.086041 1
4595550.8818 5437422.4201   5.5687 0.0736406 1.177242 3
4595551.7417 5437426.6437  20.4905 0.0902227 1.061038 1
4595551.5195 5437425.3800  16.5505 0.0766137 1.185984 3
4595551.8498 5437425.9702  21.3608 0.0672377 1.079207 1
4595551.8015 5437425.6927  20.5099 0.1071605 1.143623 2
4595551.7021 5437425.1222  18.6546 0.0322561 1.049512 3
4595551.3811 5437422.6193  12.2200 0.1012958 1.048906 1
4595551.3414 5437422.3896  11.5511 0.0309657 0.931907 2
4595551.3015 5437422.1594  10.8829 0.0838581 1.201356 3
4595552.0984 5437425.4702  24.1909 0.0804363 1.003257 1
4595551.9494 5437424.6023  21.3870 0.1058015 1.117336 3
4595552.1348 5437425.0370  24.2626 0.1085040 0.993043 0
4595552.2810 5437425.2492  26.3747 0.1238465 1.169672 0
4595551.9629 5437422.7242  19.9370 0.0853716 1.113902 1
4595552.3083 5437424.1196  25.6511 0.0435961 1.045071 1
4595552.1606 5437423.2429  22.8566 0.0613630 1.036901 2
4595552.0245 5437422.4345  20.5628 0.1430381 1.175710 3
4595552.1689 5437422.6386  22.5985 0.1989093 1.130795 1
4595552.4947 5437423.9363  27.9068 0.0317054 0.944592 1
4595552.3328 5437422.9661  24.9523 0.1147115 2.354857 2
4595552.3256 5437422.9231  24.8323 0.0239122 0.718631 3
4595552.4785 5437423.1913  26.9982 0.2198329 1.008310 0
4595552.5960 5437423.2537  28.6107 0.0741766 1.026444 1
4595552.4918 5437422.6231  26.8443 0.0294403 0.962496 2
4595552.3540 5437421.7893  24.4143 0.0529880 1.104744 3
4595552.6612 5437422.9997  29.3297 0.2042125 1.086578 0
4595552.8241 5437423.3456  31.7437 0.0644893 1.011845 0
4595552.6269 5437421.4898  27.7491 0.0586419 1.009586 1
4595552.5819 5437421.2136  26.9688 0.1136924 1.153768 3
4595552.7442 5437421.5601  29.3428 0.0927300 1.367755 1
4595549.3838 5437423.7971   0.1845 0.0672986 0.920532 3
4595549.4166 5437423.3080   0.1031 0.0592107 0.923660 3
4595550.1038 5437424.4098   9.7004 0.0587087 1.288543 3
4595550.1263 5437423.8769   9.4692 0.0835229 1.129374 0
4595550.5107 5437425.3548  15.8314 0.0723609 1.182488 3
4595550.7406 5437425.3437  18.7404 0.1347698 1.082791 0
4595550.8701 5437425.4242  20.4769 0.0299900 0.976368 1
4595550.7752 5437424.8893  18.6587 0.1528006 1.227629 3
4595551.0763 5437425.9458  23.5217 0.0470363 1.113400 1
4595550.8115 5437424.4458  18.6197 0.0849032 1.065249 2
4595550.6357 5437423.4498  15.3877 0.0988558 1.160108 3
4595551.0905 5437425.3837  23.2312 0.1209762 1.048239 1
4595550.9869 5437424.7940  21.2388 0.0520886 1.145019 3
4595551.1348 5437424.9934  23.3463 0.0966830 0.993533 1
4595550.9715 5437424.0595  20.2767 0.0320081 0.939493 3
4595551.1482 5437424.4240  22.8787 0.1383011 1.420568 0
4595551.2010 5437424.0822  23.2280 0.0595641 0.926362 1
4595551.1665 5437423.8832  22.5990 0.1391097 1.832406 3
4595551.2444 5437423.6863  23.4096 0.1327509 1.123566 0
4595551.4465 5437424.2156  26.4816 0.0702235 1.329335 1
4595551.3039 5437423.3850  23.9229 0.0406766 1.721663 2
4595551.0993 5437422.1928  20.5069 0.1112279 1.178532 3
4595551.4929 5437423.8425  26.7344 0.2028333 1.073593 0
4595551.7593 5437424.7639  31.1152 0.0913817 0.987814 1
4595551.4958 5437423.2143  26.2742 0.1036656 1.332328 2
4595551.4526 5437422.9601  25.5521 0.0417844 1.103154 3
4595551.4438 5437422.2598  24.9921 0.0540181 1.593092 1
4595551.3887 5437421.9340  24.0816 0.0653469 1.037378 2
4595551.2675 5437421.2177  22.0302 0.1030778 1.059495 3
4595551.7629 5437423.5034  29.9119 0.0321041 0.975298 1
4595551.6513 5437422.8409  28.0449 0.1869809 1.045684 3
4595551.8013 5437423.0885  30.1451 0.1495910 1.130514 0
4595551.7865 5437422.3546  29.4882 0.1183463 1.034392 1
4595551.6940 5437421.8007  27.9399 0.0286991 1.219168 3
4595551.9924 5437422.9472  32.5322 0.0557269 1.115873 1
4595551.9355 5437422.6045  31.5834 0.1401824 1.062039 3
4595551.9322 5437421.9395  31.0989 0.1609069 1.789431 0
4595551.8857 5437421.0094  29.8476 0.1107136 1.109367 0
4595552.1024 5437421.0363  32.6539 0.0879784 1.100456 1
4595549.7256 5437424.4912  18.9150 0.0556520 1.092025 3
4595550.0917 5437425.2362  24.0971 0.1366570 1.407599 1
4595550.0352 5437424.9218  23.0962 0.0341975 1.154687 3
4595550.0942 5437424.6105  23.5280 0.1371383 1.976061 0
4595550.1734 5437424.4151  24.3083 0.0599066 0.982930 1
4595550.1188 5437424.1084  23.3545 0.1449728 2.004528 3
4595550.2104 5437423.9816  24.3438 0.2117838 1.102339 0
4595550.1547 5437423.0228  22.7803 0.0779263 1.778716 1
4595550.0699 5437422.5417  21.2692 0.0513340 0.971892 3
4595550.5664 5437424.7235  29.4574 0.1737154 1.118979 0
4595550.5974 5437424.2641  29.3533 0.2110540 1.049000 0
4595550.6262 5437423.7916  29.2382 0.0443012 1.037347 1
4595550.4615 5437422.8443  26.4426 0.0677989 1.148028 3
4595550.6817 5437423.4736  29.6282 0.0477297 1.133028 1
4595550.6188 5437423.1099  28.5958 0.1155428 1.541012 3
4595550.7323 5437423.1280  30.0392 0.1417381 1.044953 1
4595550.6177 5437422.4622  28.1533 0.0402378 1.040530 3
4595550.7091 5437422.3520  29.2307 0.2290743 1.152181 0
4595550.9144 5437422.9121  32.1934 0.0673732 1.356744 1
4595550.8499 5437422.5342  31.1331 0.1594008 1.206235 3
4595550.9668 5437422.5814  32.6387 0.2116088 1.152739 1
4595550.9173 5437422.2903  31.8215 0.0593426 1.395047 3
4595551.0364 5437422.3547  33.3701 0.3297330 1.616413 0
4595551.1446 5437422.3566  34.7390 0.1269903 1.310814 0
4595551.1714 5437421.8778  34.7760 0.1500161 1.831487 1
4595548.9984 5437424.0737  19.9813 0.1586280 1.751642 0
4595548.9710 5437422.6314  18.1008 0.0761287 1.337609 3
4595549.4161 5437424.4502  25.5391 0.0773952 1.062355 1
4595549.5077 5437424.3219  26.5847 0.1020113 0.976441 0
4595549.7016 5437424.7669  29.2736 0.1134560 1.132372 1
4595549.4129 5437423.1508  24.2639 0.0414012 1.202654 3
4595549.1769 5437421.1801  19.4183 0.0678127 1.106834 0
4595549.6882 5437423.4183  27.9531 0.2164177 1.329304 0
4595549.7617 5437423.1950  28.5621 0.2087505 1.073262 0
4595549.5943 5437421.5987  24.8310 0.1176659 1.128537 1
4595549.4632 5437420.8511  22.7963 0.0565514 1.110342 3
4595549.9479 5437422.9779  30.5755 0.1557238 0.990198 1
4595549.9035 5437422.7234  29.7588 0.0374671 1.435289 3
4595549.8665 5437421.8703  28.5200 0.2017247 1.144345 0
4595550.0796 5437422.4591  31.6922 0.0393507 0.989474 1
4595550.2675 5437422.9106  34.4180 0.0270384 0.860587 1
4595550.1614 5437422.2943  32.5875 0.0537219 0.945253 2
4595550.1133 5437422.0146  31.7578 0.0746745 1.128864 3
4595550.0109 5437420.7768  29.6497 0.0829451 1.698887 1
4595550.2839 5437421.7314  33.6943 0.1202030 1.015367 1
4595550.2446 5437421.5009  33.0168 0.0280785 1.114504 3
4595550.2522 5437420.9045  32.7610 0.1451773 1.085239 1
4595548.7497 5437423.8943  27.8478 0.0860955 1.054689 1
4595549.0001 5437421.4640  28.5041 0.1653179 1.245113 0
4595548.4145 5437420.6053  -0.0346 0.7816166 1.077184 0
4595548.3350 5437421.0997   0.5562 0.2928642 1.642045 0
4595548.5878 5437421.1090  29.1547 0.0377091 1.039725 1
4595548.6594 5437420.7711  22.3334 0.1068821 1.028163 1
4595548.6490 5437420.8835  19.5485 0.0915395 1.081044 1
4595548.6005 5437421.2051  18.6716 0.1556190 1.114570 1
4595548.8265 5437420.0885   0.0388 0.8105932 1.053242 0
4595548.7586 5437420.5189   0.0286 0.3879085 1.247749 0
4595548.6782 5437421.0171   0.6198 0.1072938 0.985160 1
4595548.6913 5437420.9455  -0.0764 0.1768011 1.179225 3
4595548.5940 5437421.5354   1.4439 0.1140608 1.034437 1
4595548.6102 5437421.4478   0.5718 0.0717179 0.981534 2
4595548.6237 5437421.3745  -0.1497 0.0885573 1.151587 3
4595548.5177 5437422.0109   1.9860 0.0831374 0.900963 1
4595548.5344 5437421.9204   1.0616 0.1341080 1.492074 3
4595548.4672 5437422.3467   1.1072 0.1340365 1.043807 1
4595548.4900 5437422.2233  -0.1683 0.3226255 1.051788 3
4595548.4208 5437422.6605   0.0135 0.0347695 0.874561 3
4595548.9415 5437420.3292  27.0065 0.0515121 1.155388 1
4595548.9951 5437420.0328  24.3246 0.0540852 1.146777 2
4595548.8491 5437420.8908  28.3864 0.1081871 1.079338 1
4595548.8411 5437421.0389  22.2526 0.1393362 1.080421 0
4595548.7171 5437421.7743  25.3130 0.1450850 1.047475 0
4595548.7908 5437421.4226  18.0768 0.1698785 1.082819 1
4595548.9697 5437420.5529   1.7720 0.1339147 1.012301 1
4595549.0035 5437420.3678  -0.0129 0.2575478 1.093629 3
4595548.8913 5437421.0401   2.2637 0.1070641 0.985605 1
4595548.9232 5437420.8653   0.5781 0.0784138 1.110597 2
4595548.9366 5437420.7922  -0.1257 0.0480579 1.048275 3
4595548.8395 5437421.3814   1.3408 0.0496883 1.062686 1
4595548.8535 5437421.3052   0.5962 0.0343309 0.883255 2
4595548.8682 5437421.2246  -0.1895 0.1526539 1.009273 3
4595548.7658 5437421.8429   1.7073 0.1611199 1.609433 0
4595548.7105 5437422.2032   1.0824 0.1526637 1.050268 1
4595548.7339 5437422.0760  -0.2265 0.1638643 1.114548 3
4595548.6665 5437422.5031  -0.1996 0.1852869 1.076175 3
4595548.5987 5437422.9324  -0.0193 0.0979758 1.002248 3
4595549.4091 5437420.0873  28.9492 0.1094199 1.157463 1
4595549.2885 5437420.7988  31.6724 0.0441923 1.057194 1
4595549.2071 5437421.2980  32.4761 0.0992523 1.050451 1
4595549.3617 5437420.4621  25.0242 0.0334730 1.207112 3
4595549.2209 5437421.2825  28.6774 0.1835956 1.067080 0
4595549.2295 5437421.2965  25.0669 0.0243590 0.965715 1
4595549.2893 5437420.9744  22.1376 0.1965178 1.176154 3
4595549.0352 5437422.4040  31.8077 0.1517204 1.051020 0
4595549.1011 5437422.1104  25.1772 0.1039559 1.130559 1
4595549.2083 5437421.5342  19.5897 0.0456444 1.161936 3
4595548.9356 5437423.0610  30.7899 0.1265217 1.007790 0
4595548.9126 5437423.2463  28.8058 0.1424649 1.072499 0
4595548.8712 5437423.5310  27.7916 0.0311114 1.106925 1
4595549.3659 5437420.8837   1.3035 0.0422865 1.113064 3
4595549.2689 5437421.4698   2.7268 0.0666500 1.047829 1
4595549.2834 5437421.3925   1.9783 0.1259477 1.285525 3
4595548.8884 5437423.5674  20.1211 0.0830248 1.047024 3
4595548.8206 5437423.9942  20.3068 0.0856382 1.101745 1
4595549.1504 5437422.2381   1.9815 0.0309047 1.022498 2
4595549.1668 5437422.1507   1.0829 0.0583753 1.491248 3
4595549.1252 5437422.4416  -0.2742 0.2528219 1.067248 3
4595549.0577 5437422.8701  -0.0804 0.4168879 1.073128 3
4595548.9914 5437423.2926   0.0660 0.2412321 1.067302 3
4595548.8565 5437424.1493   0.1517 0.1071631 1.046258 3
4595549.7534 5437420.3500  29.4532 0.1579254 1.257727 0
4595549.6428 5437421.0033  31.5993 0.1866733 1.079448 0
4595549.5758 5437421.4236  31.6787 0.0936820 1.167187 1
4595549.7187 5437420.6630  24.9193 0.0749318 1.104801 3
4595549.5767 5437421.4834  28.5320 0.1368239 1.032037 0
4595549.4517 5437422.2120  31.7114 0.1105607 1.064454 1
4595549.5731 5437421.5680  25.5786 0.0570207 1.167022 3
4595549.4285 5437422.4001  29.7703 0.1252600 1.078588 1
4595549.4676 5437422.1930  27.7699 0.0365120 0.998641 3
4595549.3514 5437422.8743  30.7343 0.0730040 1.092736 1
4595549.3288 5437423.0605  28.7975 0.0299429 0.902620 1
4595549.3468 5437422.9654  27.8245 0.1182150 1.448858 3
4595549.3090 5437423.2323  26.6683 0.0545812 1.174815 1
4595549.3702 5437422.9096  23.3344 0.1007595 1.336864 3
4595549.3037 5437423.3284  23.7127 0.1614150 1.067919 0
4595549.1916 5437423.9870  26.3368 0.0593540 1.294978 1
4595549.2444 5437423.7097  23.5689 0.0947150 1.129324 3
4595549.1411 5437424.3221  25.6654 0.1557353 1.082873 1
4595549.2398 5437423.8040  20.4418 0.0342621 1.007417 3
4595549.2038 5437424.0640  18.9374 0.2108258 1.097720 0
4595549.1421 5437424.4589  18.7905 0.1844031 1.102299 0
4595549.4196 5437423.0840  -0.0093 0.3358286 1.068814 3
4595549.3523 5437423.5109   0.2131 0.0921057 1.027359 3
4595549.2852 5437423.9375   0.1889 0.3723670 1.057889 3
4595549.2172 5437424.3684   0.2175 0.2816564 1.052085 3
4595549.9662 5437420.2452  32.6088 0.1406835 1.047188 1
4595549.9579 5437420.3492  29.9670 0.1606131 1.124328 1
4595549.9055 5437420.6915  29.3862 0.1435340 1.070492 0
4595549.7864 5437421.3915  31.9557 0.1527335 1.814085 0
4595549.7682 5437421.5502  29.7312 0.0478783 1.062321 1
4595549.7942 5437421.4105  28.4603 0.1295662 1.231821 3
4595549.6659 5437422.1594  31.7471 0.1841301 1.071401 1
4595549.7074 5437421.9376  29.6503 0.0296656 1.402540 3
4595549.6458 5437422.3292  29.6239 0.1266545 1.203768 1
4595549.6857 5437422.1159  27.5845 0.0294419 1.126173 3
4595549.5685 5437422.8043  30.5453 0.0724609 1.076325 1
4595549.5823 5437422.7307  29.7999 0.0298707 1.141156 2
4595549.6092 5437422.5867  28.3470 0.0372118 1.259367 2
4595549.6606 5437422.3127  25.6648 0.0511498 1.434404 3
4595549.5549 5437422.9401  28.0928 0.1947837 1.796558 0
4595549.5844 5437422.8470  23.2278 0.0560319 1.232013 1
4595549.6152 5437422.6833  21.5421 0.1305713 1.096149 3
4595549.5188 5437423.2608  23.5742 0.2128223 1.041495 1
4595549.5631 5437423.0253  21.1036 0.0374940 1.438542 3
4595549.4005 5437423.9541  26.6021 0.0739308 1.071973 1
4595549.4195 5437423.8535  25.6000 0.0663276 1.019171 2
4595549.4556 5437423.6620  23.6911 0.0326735 1.244221 3
4595549.3304 5437424.3914  26.9584 0.0579391 0.980108 1
4595549.4804 5437423.5971  18.9628 0.0892715 1.148089 3
4595549.4140 5437424.0161  19.0656 0.2862245 1.156706 0
4595549.3515 5437424.4145  18.9575 0.0420474 0.940706 1
4595549.3776 5437424.2763  17.5374 0.0736578 1.719110 3
4595549.6284 5437423.0248  -0.0508 0.3940069 1.068957 0
4595549.5614 5437423.4500   0.1674 0.1517507 1.030234 3
4595549.4939 5437423.8775   0.2327 0.3694692 1.065718 3
4595549.4262 5437424.3063   0.2488 0.1714248 1.094305 3
4595549.3590 5437424.7324   0.2062 0.2807748 1.091927 3
4595550.2653 5437420.4524  33.6031 0.0318924 1.163619 1
4595550.2203 5437420.7555  32.7206 0.2396830 1.094764 1
4595550.1314 5437421.2933  33.9056 0.1396481 1.488890 0
4595550.0995 5437421.5276  32.3782 0.1682641 1.052546 1
4595550.1180 5437421.4289  31.4870 0.0636356 1.265037 3
4595550.0761 5437421.7169  30.4612 0.0233557 0.821081 1
4595550.0984 5437421.5982  29.3585 0.1118519 1.144917 2
4595550.1209 5437421.4787  28.2538 0.0404797 1.245401 3
4595549.9892 5437422.2438  31.6852 0.0459770 1.065967 1
4595550.0305 5437422.0244  29.6204 0.0800619 1.314826 2
4595550.2507 5437420.8557  18.7971 0.0393024 1.356681 3
4595549.9494 5437422.5204  30.5681 0.2184976 1.067556 0
4595549.9382 5437422.6468  28.0092 0.2785920 1.564555 0
4595549.9121 5437422.8522  26.1910 0.0346092 1.061165 1
4595549.9717 5437422.5375  23.0554 0.1812346 1.467108 2
4595550.0048 5437422.3628  21.3514 0.0557145 1.562315 3
4595549.8465 5437423.2665  26.4695 0.0450032 1.202122 1
4595549.9071 5437422.9475  23.2266 0.0722547 1.127517 2
4595549.9396 5437422.7757  21.4918 0.0603889 1.097918 3
4595549.7369 5437423.9124  29.0737 0.1819057 1.270156 1
4595549.8041 5437423.5588  25.5118 0.0240821 0.909160 3
4595549.6689 5437424.3396  29.4147 0.1221476 1.082601 0
4595549.6954 5437424.2703  24.6813 0.1767099 1.127791 0
4595549.6566 5437424.5448  23.4019 0.1776726 1.100466 0
4595549.6017 5437424.9037  22.9492 0.0555836 1.123803 1
4595549.7005 5437424.3875  17.5973 0.0614007 1.116860 2
4595549.7325 5437424.2202  15.8470 0.0516967 1.378815 3
4595549.6381 5437424.7865  17.5076 0.1570036 1.089573 1
4595549.6767 5437424.5854  15.4026 0.0280048 1.201132 3
4595549.8891 5437423.5544   0.0144 0.4725925 1.146636 0
4595549.8222 5437423.9803   0.0776 0.5683400 1.064605 0
4595549.7548 5437424.4092   0.1461 0.5945300 1.040954 3
4595550.6120 5437420.9794  34.0847 0.0861545 1.069641 1
4595550.5726 5437421.2559  32.9752 0.1577356 1.038436 0
4595550.4934 5437421.7404  33.7421 0.1624996 1.649458 0
4595550.4100 5437422.2465  34.7533 0.1767856 1.464587 0
4595550.4027 5437422.3563  32.0946 0.0880055 0.998701 1
4595550.4316 5437422.2063  30.6927 0.0565753 1.338199 3
4595550.3065 5437422.9287  33.7658 0.1639947 1.071460 0
4595550.2699 5437423.1918  32.5340 0.1987906 1.727439 0
4595550.2178 5437423.5352  32.0885 0.0817803 1.445715 1
4595550.2515 5437423.3609  30.3641 0.1291158 1.105489 3
4595550.1845 5437423.7819  30.6974 0.1492409 1.163715 0
4595550.1196 5437424.1921  30.9397 0.1769523 1.112460 0
4595550.2335 5437423.6832  21.7398 0.1828363 1.066856 0
4595550.1305 5437424.2907  23.9407 0.0559918 0.908200 1
4595550.1701 5437424.0874  21.8359 0.1098769 1.024802 3
4595550.0681 5437424.6893  23.9741 0.0969221 1.077247 1
4595550.1077 5437424.4861  21.8519 0.1122366 1.081385 3
4595550.0087 5437425.0723  23.8348 0.0845373 1.049389 1
4595550.0806 5437424.7049  19.9719 0.0502257 1.071948 3
4595550.0082 5437425.1553  20.5040 0.0468330 1.263823 1
4595550.0953 5437424.7112  15.7851 0.0841515 1.130043 3
4595550.0296 5437425.1286  15.9329 0.1738062 1.056464 1
4595550.3236 5437423.6327  -0.2136 0.0786055 0.979727 3
4595550.2568 5437424.0589  -0.1216 0.0772857 1.054002 3
4595550.1225 5437424.9141   0.0906 0.0421505 1.098918 3
4595550.9180 5437421.2473  34.5674 0.0741678 1.160699 1
4595550.9354 5437421.1572  33.7576 0.0337702 1.014107 2
4595551.1237 5437420.1819  24.9834 0.0453620 1.159274 3
4595550.8464 5437421.6910  34.9747 0.2059733 1.368591 0
4595550.7957 5437422.0267  34.4127 0.1955229 1.792930 1
4595550.8406 5437421.7950  32.2912 0.1245293 1.377424 3
4595550.7530 5437422.3215  33.4661 0.2288309 1.016451 1
4595550.7683 5437422.2428  32.7370 0.0622513 1.206302 3
4595550.7078 5437422.6297  32.6267 0.1883609 1.123893 0
4595550.6964 5437422.7640  30.1340 0.0707845 0.970141 1
4595550.7163 5437422.6620  29.1732 0.0919360 1.089060 3
4595550.6506 5437423.0764  29.2744 0.1704706 1.046343 0
4595550.5878 5437423.4754  29.2453 0.1574374 1.097723 0
4595550.5243 5437423.8779  29.3788 0.1547283 1.097321 1
4595550.6249 5437423.3647  24.2573 0.0410327 1.405666 3
4595550.4625 5437424.2724  29.4553 0.1792032 1.065315 0
4595550.4023 5437424.6582  29.4697 0.0420502 0.989767 1
4595550.4952 5437424.1859  24.5668 0.0811982 1.232888 2
4595550.5318 5437424.0003  22.6548 0.0457698 1.195560 3
4595550.4890 5437424.2994  21.6569 0.0813086 0.982346 1
4595550.5805 5437423.8353  16.8290 0.0304904 0.961143 3
4595550.3630 5437425.0198  25.1354 0.0461169 1.123262 1
4595550.4571 5437424.5439  20.0815 0.0735777 1.134586 2
4595550.4883 5437424.3859  18.4079 0.0397965 1.509149 3
4595550.3827 5437425.0037  20.7934 0.1082339 1.148320 1
4595550.4244 5437424.7931  18.5368 0.0217241 0.959361 3
4595550.3108 5437425.4506  21.3491 0.0435816 1.215667 1
4595550.4143 5437424.9287  15.7199 0.1339585 1.129757 2
4595550.5322 5437424.3352   9.2924 0.0879188 1.116416 3
4595550.6437 5437423.8622  -0.2601 0.0505761 1.020662 3
4595550.5777 5437424.2839  -0.2244 0.3696030 1.060006 3
4595550.4435 5437425.1382   0.0496 0.0556685 1.011950 3
4595551.3321 5437420.9237  33.3637 0.0459168 1.165158 1
4595551.3169 5437421.0787  31.1710 0.0669388 1.025541 1
4595551.3746 5437420.7834  28.4920 0.0360818 1.126863 3
4595551.1898 5437421.8066  34.1429 0.2011687 1.234436 0
4595551.1573 5437422.0503  32.7206 0.0279570 0.987300 1
4595551.1731 5437421.9699  31.9844 0.0371543 1.154568 2
4595551.1901 5437421.8834  31.1943 0.1067058 1.177034 3
4595551.1008 5437422.4172  32.4001 0.0454235 1.222881 0
4595551.0374 5437422.8191  32.4205 0.2318177 1.049482 0
4595550.9727 5437423.2280  32.5009 0.0552574 0.935016 1
4595550.9873 5437423.1541  31.8015 0.0503638 1.452059 3
4595550.9282 5437423.5340  31.6168 0.2648204 1.038250 0
4595550.8660 5437423.9304  31.7046 0.1528628 1.119483 1
4595550.9081 5437423.7174  29.5790 0.0258348 1.017921 3
4595550.8441 5437424.1233  29.7463 0.1546453 1.098471 1
4595550.9525 5437423.5770  24.2388 0.0427094 1.052452 3
4595550.7815 5437424.5213  29.8520 0.1609675 1.117400 0
4595550.8598 5437424.2129  22.6545 0.0877168 1.117130 1
4595550.8888 5437424.0678  21.1606 0.0256366 0.932180 3
4595550.8253 5437424.4722  21.2313 0.1171510 0.999462 1
4595550.8403 5437424.3973  20.4508 0.0200200 1.055472 2
4595550.8729 5437424.2339  18.7503 0.0335093 1.047550 3
4595550.7282 5437425.0447  23.1568 0.0688027 1.063342 1
4595550.7598 5437424.8872  21.4750 0.0626180 1.031339 2
4595550.7772 5437424.8001  20.5453 0.0703157 1.672049 2
4595550.8113 5437424.6298  18.7267 0.0256374 1.190786 3
4595550.6612 5437425.4666  23.4995 0.1384099 1.129424 0
4595550.6323 5437425.6992  21.7021 0.0311004 1.309753 3
4595550.8013 5437424.9506   9.2156 0.0715196 0.996804 1
4595550.9762 5437424.0828  -0.2726 0.2667954 1.055809 3
4595550.9097 5437424.5075  -0.2115 0.1714642 1.033205 3
4595550.8427 5437424.9343  -0.0638 0.2204228 1.066254 3
4595550.7755 5437425.3624   0.0906 0.5247199 1.067623 0
4595550.7074 5437425.7949   0.1878 0.0525890 1.159338 3
4595551.7711 5437421.1119  32.4978 0.0263002 0.996966 1
4595551.7119 5437421.4932  32.3605 0.1558692 1.096971 0
4595551.6742 5437421.7673  31.1892 0.1661007 1.068025 0
4595551.6646 5437421.9021  28.7191 0.0503504 0.917865 1
4595551.6835 5437421.8081  27.8542 0.1029014 1.137799 3
4595551.5159 5437422.7283  32.6097 0.1663384 1.150244 1
4595551.5866 5437422.3774  29.3549 0.0281934 1.280080 3
4595551.5044 5437422.8727  30.2068 0.1928830 1.069569 0
4595551.5471 5437422.7512  25.2223 0.1119458 1.210444 0
4595551.3703 5437423.7139  30.6062 0.0683693 1.078159 1
4595551.4757 5437423.1944  25.5576 0.0762530 1.072902 3
4595551.3058 5437424.1215  30.7828 0.0630288 1.189038 1
4595551.3878 5437423.7182  26.7551 0.0700564 1.082564 2
4595551.4294 5437423.5135  24.7131 0.0344542 1.244977 3
4595551.3289 5437424.0993  26.6119 0.1860600 1.378979 0
4595551.2836 5437424.4141  25.8002 0.0891078 1.084928 1
4595551.3809 5437423.9376  20.9395 0.0280208 0.914109 2
4595551.4078 5437423.8061  19.6006 0.0700001 1.209293 3
4595551.2696 5437424.5761  23.4203 0.1791285 1.119296 0
4595551.2057 5437424.9828  23.5964 0.1828882 1.085856 0
4595551.1451 5437425.3730  23.6029 0.1331135 1.121836 0
4595551.0816 5437425.7774  23.6615 0.1320072 1.191890 1
4595551.5446 5437423.5326  -0.3719 0.0449801 0.992262 3
4595551.0797 5437425.8842  20.5049 0.1065445 1.276726 1
4595551.4774 5437423.9611  -0.3268 0.2395910 1.044042 3
4595551.0187 5437426.2773  20.3503 0.0765180 1.097703 1
4595551.4102 5437424.3892  -0.2662 0.3518122 1.041837 3
4595551.3429 5437424.8178  -0.1224 0.3396331 1.054756 3
4595551.2757 5437425.2459   0.0409 0.4319349 1.058585 3
4595551.2093 5437425.6703   0.0970 0.2451820 1.069465 3
4595551.1420 5437426.0990   0.1016 0.1626127 1.055955 3
4595552.1744 5437421.2854  32.1517 0.1267318 1.070066 1
4595552.2422 5437420.9525  29.1383 0.0283238 1.045774 3
4595552.1326 5437421.5809  31.2104 0.1578810 1.082014 1
4595552.2249 5437421.1290  27.0775 0.0190434 0.843163 3
4595552.1525 5437421.5755  27.4639 0.0753916 1.154333 1
4595552.1896 5437421.3946  25.7930 0.0176958 0.884059 3
4595551.9958 5437422.4327  31.6796 0.1095428 1.021490 1
4595552.1048 5437421.9013  26.7418 0.0287737 1.100680 3
4595551.9121 5437422.9330  32.5827 0.1134116 1.050627 1
4595552.0361 5437422.3297  26.9619 0.0197133 0.881762 3
4595551.9666 5437422.7618  27.1962 0.1145861 1.097404 1
4595552.0072 5437422.5650  25.3488 0.0420275 1.786568 3
4595551.8398 5437423.4712  30.0615 0.1696683 1.178025 0
4595551.8733 5437423.4047  25.5492 0.1745948 1.107443 0
4595551.7988 5437423.8609  26.1354 0.1219765 1.243580 0
4595551.7234 5437424.3211  26.7997 0.0483693 0.960561 1
4595551.7367 5437424.2576  26.1573 0.1037445 1.434864 2
4595551.7627 5437424.1325  24.8922 0.0287392 1.172714 3
4595551.6612 5437424.7180  26.8430 0.1435488 1.111205 0
4595551.7369 5437424.4551  20.0352 0.2222645 1.050102 1
4595551.8997 5437423.6770  11.9794 0.0428426 1.032237 3
4595551.7146 5437424.6633  18.0334 0.0589250 1.196233 1
4595551.7456 5437424.5158  16.4823 0.1022163 1.066859 2
4595551.7813 5437424.3451  14.7017 0.0512599 1.125891 3
4595551.5423 5437425.5857  23.6233 0.0280684 0.922809 1
4595551.5871 5437425.3726  21.3630 0.0237507 0.931208 2
4595551.6018 5437425.3029  20.6150 0.0893235 1.077452 3
4595551.5238 5437425.7760  21.3742 0.0471407 0.873477 1
4595551.5353 5437425.7218  20.8044 0.0854945 1.321448 2
4595551.9505 5437423.7522  -0.3086 0.0914277 1.053315 3
4595551.4575 5437426.1938  21.4899 0.0481014 0.973926 1
4595551.4785 5437426.0947  20.4348 0.0558566 1.102611 2
4595551.8837 5437424.1778  -0.2551 0.2537174 1.051776 3
4595551.8160 5437424.6075  -0.1583 0.6358857 1.031221 0
4595551.7475 5437425.0413   0.0029 0.6803331 1.250753 0
4595551.6818 5437425.4611   0.0396 0.4122641 1.106294 3
4595551.5912 5437425.9981   1.2527 0.0753750 1.024251 1
4595551.6146 5437425.8887   0.0372 0.6093694 1.066977 3
4595551.5472 5437426.3171   0.0378 0.5410415 1.075320 0
4595552.5451 5437421.0121  29.5602 0.1135739 1.367605 1
4595552.5876 5437420.8046  27.6899 0.0391858 1.392238 3
4595552.4487 5437421.5747  31.0234 0.1008882 1.017642 1
4595552.6427 5437420.6293  22.4087 0.0430117 1.122740 3
4595552.4639 5437421.5936  27.5166 0.2039882 1.051038 0
4595552.3088 5437422.4408  31.6793 0.0405862 0.980650 1
4595552.3758 5437422.1155  28.6427 0.0812648 1.056017 3
4595552.2210 5437422.9597  32.7513 0.0939388 1.082773 1
4595552.2955 5437422.5989  29.4088 0.0378656 1.246541 3
4595552.2803 5437422.7681  27.1750 0.2170484 1.076056 0
4595552.1993 5437423.2547  27.9100 0.0318842 0.975065 1
4595552.4017 5437422.2802  18.6600 0.0576917 1.003619 2
4595552.4560 5437422.0188  16.1407 0.0510068 1.152901 3
4595552.0927 5437423.8645  30.0186 0.0554674 1.116859 1
4595552.3114 5437422.8133  19.7924 0.0643652 1.846941 3
4595552.1208 5437423.8267  25.7257 0.1283592 1.054040 1
4595552.2194 5437423.3545  21.0030 0.0200646 0.872049 3
4595552.0491 5437424.2692  26.2377 0.0758251 1.171613 1
4595552.1524 5437423.7752  21.1902 0.0682052 1.016699 3
4595551.9866 5437424.6671  26.2811 0.0775557 0.986363 1
4595552.0073 5437424.5684  25.2737 0.0622712 1.372945 3
4595551.9144 5437425.1112  26.7949 0.1794239 1.035188 0
4595551.9047 5437425.2586  24.2219 0.0559792 1.252878 1
4595552.4003 5437422.9076  -0.2182 0.0411812 1.129641 3
4595551.8499 5437425.6210  23.8535 0.0375900 1.037327 1
4595551.9174 5437425.3014  20.4844 0.0610577 1.522321 2
4595551.9492 5437425.1512  18.8928 0.0373358 1.311082 3
4595551.8354 5437425.7930  21.4207 0.0555217 1.161164 1
4595551.9300 5437425.3464  16.6894 0.0588049 1.075376 2
4595552.2661 5437423.7608  -0.2922 0.1795133 1.011299 3
4595551.7713 5437426.1996  21.4349 0.0299501 1.043212 1
4595552.1987 5437424.1885  -0.1636 0.5016087 1.056608 3
4595552.1303 5437424.6214  -0.0272 0.4690931 1.301733 0
4595552.0641 5437425.0439  -0.0367 0.4975438 1.075310 0
4595551.9947 5437425.4813   0.1397 0.4602471 1.756194 3
4595551.8974 5437426.0484   1.6985 0.0280421 1.200233 1
4595551.9098 5437425.9907   1.0561 0.0602622 0.906041 2
4595551.9300 5437425.8967   0.0104 0.4985180 1.050468 3
4595552.8967 5437421.3270  26.9650 0.0944859 1.037619 1
4595552.8344 5437421.7246  26.9222 0.0700748 1.716127 1
4595552.8923 5437421.4472  24.3286 0.0301452 1.206272 2
4595552.6521 5437422.7946  29.4253 0.1270115 1.040249 1
4595552.6695 5437422.7118  28.6564 0.0270092 1.055702 2
4595552.7088 5437422.5242  26.9098 0.0300113 1.197647 3
4595552.6400 5437422.9525  27.0918 0.1104358 1.049104 1
4595552.6761 5437422.7810  25.4835 0.0458785 1.068391 3
4595552.5575 5437423.4460  27.8632 0.0398839 1.238021 1
4595552.6230 5437423.1353  24.9334 0.0937980 1.248988 3
4595552.4533 5437424.0415  29.9529 0.0395050 1.030946 1
4595552.8025 5437422.3887  13.8077 0.0777941 1.268583 3
4595552.6497 5437423.2170  17.7606 0.0917900 1.017752 1
4595552.7707 5437422.6456  12.2269 0.0359667 1.038372 3
4595552.4151 5437424.4278  26.0004 0.1204455 1.051849 0
4595552.4443 5437424.3960  21.6129 0.1361251 1.162992 0
4595552.2833 5437425.2569  26.3205 0.0428804 1.069815 1
4595552.3736 5437424.8338  21.9774 0.0510673 1.486475 2
4595552.8325 5437422.6855  -0.0964 0.1781354 1.060912 3
4595552.2627 5437425.4598  24.2816 0.0427406 1.038142 1
4595552.7646 5437423.1166  -0.1543 0.4465645 1.072567 3
4595552.3582 5437425.1233  16.5349 0.1328284 1.234325 1
4595552.6975 5437423.5437  -0.2388 0.2680349 1.031357 3
4595552.1912 5437426.0097  21.5936 0.0346396 1.030567 1
4595552.2978 5437425.5147  16.3504 0.0403832 0.986818 2
4595552.6307 5437423.9692  -0.1542 0.4908852 1.080335 3
4595552.5632 5437424.3984  -0.0049 0.8262727 1.040638 0
4595552.4968 5437424.8221  -0.0114 0.6920660 1.065048 0
4595552.4297 5437425.2494  -0.0200 0.4777096 1.056944 0
4595552.3623 5437425.6782  -0.0023 0.7461466 1.112503 0
4595552.2934 5437426.1133   0.0909 0.5903324 1.240513 0
4595552.1997 5437426.6616   1.4684 0.0258151 0.895239 2
4595552.2262 5437426.5408   0.0994 0.3251443 1.192569 3
4595553.3038 5437421.9743  26.7965 0.0548524 1.071277 1
4595553.1172 5437423.0560  29.4838 0.0826983 1.068605 1
4595553.2990 5437422.3248  18.6031 0.1613403 1.217308 0
4595553.0455 5437423.6048  27.0344 0.0446389 1.023600 1
4595553.2054 5437422.8681  19.9100 0.0387757 0.953065 2
4595553.2360 5437422.7275  18.5469 0.0484545 1.107669 3
4595553.1384 5437423.2887  20.0081 0.1257477 1.058630 0
4595552.9731 5437424.1598  24.6656 0.0716645 1.214613 1
4595553.0397 5437423.8544  21.5852 0.0492797 1.361348 2
4595553.1227 5437423.4741  17.7792 0.0409143 1.251199 2
4595553.2503 5437422.8896  12.0154 0.0469064 0.945941 2
4595553.2713 5437422.7935  11.0637 0.0273279 1.011098 3
4595552.9792 5437424.2452  21.4857 0.0938185 1.181822 1
4595553.4457 5437422.1139  -0.0010 0.0352134 0.858181 3
4595552.8586 5437424.9094  24.1558 0.1091505 1.071665 1
4595553.0222 5437424.1641  16.5211 0.0598881 1.068964 3
4595553.3111 5437422.9694   0.0193 0.6761165 1.061744 0
4595552.7314 5437425.7168  24.1665 0.0282593 0.880838 1
4595553.2439 5437423.3964  -0.0168 0.6299993 1.067545 3
4595553.1773 5437423.8213  -0.0521 0.5524517 1.050475 0
4595553.1095 5437424.2505   0.0004 0.5421736 1.045961 0
4595553.0411 5437424.6834   0.0729 0.2863369 1.045703 3
4595552.9738 5437425.1112   0.0687 0.6670688 1.057934 0
4595552.9068 5437425.5373   0.0483 0.5486513 1.061532 0
4595552.8392 5437425.9664   0.0850 0.6528936 1.040580 3
4595553.6733 5437422.4388  18.4092 0.1914149 1.124826 0
4595553.4185 5437423.7125  26.8959 0.0635197 1.122494 1
4595553.4793 5437423.4364  24.2193 0.0513585 1.183967 3
4595553.4710 5437423.5891  21.7430 0.0451341 1.245043 1
4595553.5156 5437423.3870  19.7526 0.0864993 1.052955 3
4595553.3435 5437424.2822  24.5682 0.0365170 1.022799 1
4595553.4058 5437424.0006  21.7629 0.0257095 1.076354 2
4595553.6234 5437423.0180  11.9589 0.1155419 1.043107 3
4595553.3440 5437424.3968  21.6605 0.0566709 1.105806 1
4595553.8196 5437422.2555   0.0100 0.2069816 1.066213 3
4595553.2279 5437425.0365  24.0395 0.0443012 1.262521 1
4595553.7535 5437422.6775  -0.0198 0.0361168 1.114500 3
4595553.6849 5437423.1104   0.0485 0.5986821 1.046812 0
4595553.6180 5437423.5357   0.0471 0.5956012 1.053866 0
4595553.5498 5437423.9671   0.0556 0.3539931 1.072218 3
4595553.4824 5437424.3946   0.0398 0.3144074 1.023835 3
4595553.4135 5437424.8292   0.0925 0.3382428 1.078356 3
4595553.3464 5437425.2556   0.0694 0.4494472 1.059584 3
4595553.9179 5437422.9613  17.9294 0.0514861 1.139905 1
4595553.9925 5437422.7459  11.7101 0.0376969 0.948313 1
4595554.0068 5437422.6814  11.0684 0.1080322 1.461858 2
4595554.0236 5437422.6060  10.3182 0.0174154 0.685527 3
4595553.9274 5437423.1602  11.7103 0.1349639 1.257444 1
4595554.1860 5437422.0005   0.0333 0.0620353 1.111983 3
4595553.5762 5437424.8541  24.6194 0.0329855 1.051187 1
4595553.6376 5437424.5797  21.8411 0.0367815 1.132024 2
4595554.1188 5437422.4282   0.0469 0.1658407 1.050882 3
4595553.5741 5437424.9837  21.8268 0.0231071 0.923262 2
4595554.0516 5437422.8556   0.0576 0.3668113 1.089165 3
4595553.9854 5437423.2787   0.0156 0.5576169 1.054850 0
4595553.9181 5437423.7066   0.0104 0.6736742 1.041568 0
4595553.8501 5437424.1378   0.0172 0.5109459 1.062933 0
4595553.7826 5437424.5665   0.0100 0.5976874 1.045609 0
4595554.2425 5437422.6048   0.0282 0.7302326 1.061781 0
4595554.2554 5437422.1392   0.0089 0.6149585 1.054817 0
4595554.2690 5437421.6722  -0.0032 0.4332144 1.054001 0
4595553.4553 5437425.1011   0.0968 0.5547794 1.039702 0
4595553.4657 5437424.6415   0.0639 0.5282211 1.065251 0
4595553.4767 5437424.1804   0.0479 0.4166952 1.055991 0
4595554.1386 5437422.1226  10.8779 0.0721964 1.038869 1
4595554.0920 5437422.2369  10.1040 0.0275534 0.990900 2
4595553.4861 5437423.7234   0.0103 0.1321782 1.093683 3
4595554.1468 5437421.6805  10.7732 0.0508800 1.017199 1
4595553.5018 5437423.2516   0.0599 0.4202199 1.061037 3
4595553.5145 5437422.7861   0.0280 0.5228803 1.078771 0
4595553.5268 5437422.3224  -0.0239 0.5151323 1.058312 0
4595553.5403 5437421.8561  -0.0815 0.3664991 1.087249 0
4595553.6491 5437421.1641   1.5165 0.0467991 1.009555 2
4595553.5884 5437421.3077   0.4803 0.0501958 1.381509 2
4595553.5531 5437421.3913  -0.1234 0.0624994 1.127661 3
4595553.5673 5437420.9236  -0.0640 0.4772685 1.114535 3
4595553.6942 5437424.0153  11.6722 0.1161578 1.067150 1
4595552.9983 5437425.7705   0.0673 0.1221712 1.052842 3
4595553.7112 5437423.5505  11.7693 0.1290145 1.213517 1
4595553.0148 5437425.2953   0.1141 0.0387561 1.187088 3
4595553.7279 5437423.0867  11.8221 0.1472512 1.121233 0
4595553.6861 5437422.7679  10.9013 0.1601855 1.272763 0
4595553.6878 5437422.3407  10.6871 0.1385529 1.713853 1
4595553.0503 5437423.9056  -0.0186 0.0945788 1.018458 3
4595553.0656 5437423.4349  -0.0270 0.6095615 1.049510 0
4595553.0774 5437422.9711  -0.0125 0.6209824 1.041442 0
4595553.0890 5437422.5084  -0.0031 0.4470991 1.068633 3
4595553.1349 5437421.0953   0.0788 0.2295473 1.228474 3
4595553.1466 5437420.6323   0.1021 0.0399456 0.950885 3
4595553.6421 5437424.8514  21.7973 0.0344945 0.992201 1
4595553.7960 5437423.6336  23.9705 0.0374022 0.949934 1
4595553.3579 5437424.3360  16.5143 0.1762626 1.475117 0
4595553.5691 5437423.3851  19.8369 0.1360685 1.214803 1
4595552.3708 5437426.4080   0.0683 0.1488759 1.236337 3
4595553.4667 5437423.2265  17.9243 0.1289902 1.091858 1
4595553.1151 5437424.1076  12.0521 0.0395783 1.122507 2
4595552.3905 5437425.9235   0.1620 0.0939198 1.542534 3
4595553.5189 5437422.6806  18.5629 0.1543958 1.151223 1
4595553.1307 5437423.6470  12.0543 0.0469808 1.466666 3
4595553.5306 5437422.2350  18.5030 0.0398374 1.245624 1
4595553.5018 5437422.3063  18.0358 0.0120691 0.599078 2
4595553.1530 5437423.1688  12.2203 0.0752495 1.095238 3
4595553.3777 5437422.1952  15.7503 0.0307806 1.076031 1
4595553.2576 5437422.4900  13.7850 0.0798979 1.067909 3
4595553.3822 5437421.7653  15.5641 0.0688836 1.135955 1
4595553.2482 5437422.0923  13.3770 0.0767909 1.067251 3
4595553.3902 5437421.3269  15.4712 0.0426912 1.056901 1
4595553.2536 5437421.6579  13.2125 0.0339126 0.962367 2
4595553.1652 5437421.8718  11.7694 0.0817547 1.169167 3
4595553.2630 5437421.2138  13.1694 0.0308987 0.938761 1
4595552.4629 5437423.1383  -0.2535 0.4274044 1.032755 3
4595552.4749 5437422.6740  -0.1680 0.4740339 1.069268 3
4595552.4864 5437422.2115  -0.1475 0.6891688 1.031382 0
4595552.4976 5437421.7498  -0.1697 0.1080024 1.105630 3
4595552.5099 5437421.2858  -0.1531 0.1376540 1.012606 3
4595552.5257 5437420.8137  -0.0521 0.1305117 1.067421 3
4595552.5334 5437420.3607  -0.0910 0.0666869 1.139667 3
4595552.9880 5437425.5791  24.0061 0.0393315 1.101191 1
4595553.0439 5437424.6150  24.5250 0.0303387 0.965275 1
4595552.8607 5437425.0833  21.5541 0.0484678 1.110403 2
4595552.5607 5437425.4315  16.4956 0.0462144 1.067331 1
4595552.5693 5437424.9913  16.4351 0.0607233 1.188155 1
4595553.2307 5437422.9138  26.9109 0.1404985 1.126720 1
4595552.8017 5437423.5752  19.5721 0.0643011 0.982595 1
4595552.6136 5437424.0438  16.6013 0.0651609 1.372506 2
4595553.2469 5437422.0580  26.7457 0.0391794 1.325471 1
4595552.8368 5437423.0729  19.9949 0.0552516 1.335192 2
4595552.7013 5437423.4082  17.6958 0.0598038 1.132533 3
4595552.4887 5437423.5129  13.9421 0.1191794 1.198514 0
4595552.7826 5437422.3742  18.7760 0.0390270 1.134412 1
4595552.3913 5437423.3297  12.1882 0.1024712 1.141700 2
4595551.6165 5437425.2218  -0.0664 0.1070832 1.016428 3
4595552.8015 5437421.9120  18.8697 0.1086822 1.389042 1
4595552.6235 5437422.3436  15.9665 0.0287127 0.935256 3
4595552.6438 5437421.8762  16.0936 0.1528472 1.036260 0
4595552.6391 5437421.4682  15.8149 0.1995169 1.120780 0
4595552.3704 5437421.6864  11.2385 0.1080501 1.511324 0
4595552.3455 5437421.3206  10.6565 0.1004988 1.178448 3
4595551.7037 5437422.3990  -0.1104 0.4317012 1.066467 3
4595551.7144 5437421.9385  -0.0746 0.4987575 1.059864 3
4595551.7246 5437421.4798  -0.0493 0.1405086 1.041776 3
4595551.7352 5437421.0186  -0.0668 0.1565045 1.051429 3
4595551.7433 5437420.5647  -0.1237 0.5265756 1.057666 3
4595551.7600 5437420.0901  -0.0184 0.5191725 1.040043 0
4595552.5364 5437426.0382  24.0584 0.0348212 0.964593 1
4595552.3828 5437426.4378  21.5994 0.0287050 1.032268 2
4595552.6764 5437425.2662  26.0956 0.0386704 1.046695 1
4595552.8295 5437424.0591  28.0677 0.1263267 1.292675 1
4595552.4464 5437424.6245  21.7719 0.1860087 1.237362 0
