    X-Koord.     Y-Koord. Z-Koord.      Int.   Pulsb. W
4595596.8471 5437429.6131   0.0358 0.2430456 1.058851 3
4595596.9073 5437428.6223   0.0181 0.1710858 1.045631 3
4595596.0121 5437430.2984   0.9791 0.1115104 1.115180 1
4595595.9632 5437430.0085   0.0469 0.1801465 1.021952 3
4595595.9949 5437429.5235   0.0671 0.4024925 1.041298 0
4595596.0250 5437429.0259   0.0414 0.4474908 1.073512 0
4595596.0570 5437428.5413   0.0555 0.2086475 1.060083 3
4595596.0876 5437428.0485   0.0414 0.5887917 1.070499 0
4595597.0198 5437428.4063  13.4017 0.0549736 0.927722 1
4595595.1518 5437430.1211  -0.0181 0.4064468 1.011574 3
4595595.1927 5437429.6874   0.1502 0.5079256 1.082333 0
4595595.2177 5437429.1621   0.0134 0.6678602 1.046485 0
4595595.2496 5437428.6741   0.0054 0.5777686 1.051003 0
4595595.2849 5437428.2075   0.0746 0.4110318 1.110137 3
4595595.6358 5437429.6258   6.2125 0.0345315 0.945374 1
4595595.3703 5437428.0399   1.1100 0.0261390 0.713305 2
4595595.3151 5437427.7103   0.0518 0.5876942 1.048890 3
4595595.3433 5437427.2014  -0.0041 0.5130949 1.062671 0
4595595.5601 5437427.8282   3.5526 0.1388819 1.237361 1
4595595.6140 5437427.4784   3.9866 0.0983887 1.780185 2
4595596.2615 5437428.0957  13.4922 0.0894008 1.139275 1
4595596.4835 5437428.1496  16.6115 0.0773095 1.241970 1
4595596.5546 5437427.9315  17.3952 0.0745451 1.583922 1
4595597.0209 5437428.9088  24.7014 0.1612517 1.077731 1
4595594.3566 5437429.4830   0.0505 0.1682101 1.051820 3
4595594.3901 5437429.0047   0.0579 0.1465571 1.020589 3
4595594.4234 5437428.5249   0.0593 0.5868011 1.050187 0
4595594.4557 5437428.0406   0.0703 0.6605831 1.052359 0
4595594.8632 5437429.7604   7.2211 0.0380275 1.020373 1
4595594.4892 5437427.5605   0.1021 0.4026225 1.248552 3
4595594.5167 5437427.0460   0.0308 0.4819229 1.049241 0
4595594.8001 5437427.3783   4.2011 0.0321724 0.867737 1
4595595.6740 5437427.3431  16.1355 0.0379934 1.051949 1
4595596.3500 5437430.2450  27.8646 0.0383158 1.120066 1
4595596.4245 5437430.0649  28.7285 0.0427551 2.087047 1
4595596.3853 5437429.8183  27.9972 0.0370182 1.296800 2
4595596.2242 5437428.8037  24.9321 0.0185722 0.754770 3
4595596.5304 5437430.0833  30.1808 0.1321803 1.470881 0
4595596.5860 5437429.7883  30.7035 0.0330920 0.901319 1
4595596.5358 5437429.4689  29.7621 0.0911309 1.632027 2
4595596.6174 5437429.3393  30.7617 0.0307086 1.056317 1
4595596.5458 5437428.8820  29.3894 0.0314751 0.988613 2
4595596.6378 5437428.8198  30.5895 0.0439258 1.020407 1
4595596.5216 5437428.0733  28.3469 0.1251800 1.210683 2
4595596.7956 5437428.5352  32.4926 0.0698112 1.226699 1
4595596.7486 5437428.2305  31.5771 0.0482028 1.149495 2
4595594.0609 5437429.1890   7.1776 0.0371196 0.985705 1
4595594.0798 5437428.6331   6.9177 0.0560762 1.172786 1
4595595.5164 5437430.6845  28.1530 0.0508251 1.051950 1
4595595.2915 5437429.3047  23.9020 0.0482894 1.190090 2
4595595.5474 5437430.2298  28.1769 0.0885026 1.119282 1
4595595.6328 5437430.1122  29.2171 0.0521866 1.164432 1
4595595.5861 5437429.8224  28.3327 0.0375022 1.155194 2
4595595.4298 5437428.8543  25.3649 0.0254882 0.945928 2
4595595.7168 5437429.9882  30.2335 0.1265638 1.458948 1
4595595.4248 5437428.1705  24.6943 0.0220410 0.805318 2
4595595.7434 5437429.5082  30.1714 0.0503105 1.093382 1
4595595.8234 5437429.3633  31.1210 0.1046426 1.383801 1
4595595.8680 5437428.9977  31.4011 0.0397650 1.047643 1
4595595.8933 5437428.5097  31.3138 0.0396520 1.115893 1
4595595.8154 5437428.0157  29.8322 0.0613822 1.046402 2
4595595.8928 5437427.8569  30.7370 0.0228883 0.780093 1
4595595.9807 5437427.7679  31.8441 0.0388396 1.200787 1
4595596.1041 5437427.9109  33.6337 0.0580142 1.243914 1
4595594.8937 5437429.8795  28.1986 0.0528884 1.060700 1
4595594.7291 5437428.8717  25.0817 0.0749469 0.996199 2
