    X-Koord.     Y-Koord. Z-Koord.      Int.   Pulsb. W
4595532.4242 5437423.0635  -0.3149 0.1212171 1.031178 3
4595531.8594 5437425.9140   3.6867 0.0726510 1.228285 3
4595531.9773 5437425.7500   4.6403 0.0984721 1.254649 1
4595531.5558 5437424.1044  -0.5349 0.0876210 1.014344 3
4595531.5895 5437423.6054  -0.3342 0.1071076 1.034063 3
4595531.6240 5437423.1091  -0.2133 0.3608676 1.075436 0
4595530.8233 5437423.8217  -0.1823 0.1983063 1.112303 3
4595530.8556 5437423.3166  -0.0945 0.1240891 1.036308 3
4595531.8051 5437425.7853  10.5663 0.1702414 1.658419 3
4595532.7879 5437424.8076  19.3602 0.0505580 1.653208 3
4595529.7173 5437425.7958   0.0096 0.0462148 0.962281 3
4595529.7865 5437424.8054  -0.0690 0.1164094 1.079943 3
4595529.8285 5437424.3385  -0.0372 0.0616999 1.319758 3
4595531.8628 5437425.4799  20.2583 0.2578933 1.214445 1
4595531.7498 5437425.0279  18.8711 0.0264828 0.954844 3
4595532.1246 5437425.9233  23.2247 0.1235200 1.088754 1
4595532.0031 5437425.4353  21.5632 0.0973302 1.858868 2
4595531.7604 5437424.4602  18.5994 0.1077300 1.181669 3
4595532.1357 5437425.3630  22.7749 0.0817589 1.209532 1
4595532.0573 5437425.0468  21.8110 0.1804089 1.743273 3
4595532.1251 5437424.7136  22.2258 0.1822226 1.058399 1
4595532.1399 5437424.1660  22.1692 0.1743919 1.154082 0
4595532.1686 5437423.6735  22.3711 0.1186789 1.113358 1
4595528.8529 5437426.2649  -0.0227 0.2220277 1.071785 3
4595528.8872 5437425.7690   0.0038 0.1340344 1.230515 3
4595528.9236 5437425.2818   0.0399 0.0718797 1.144697 3
4595528.9721 5437424.8374   0.2013 0.0867828 1.299586 0
4595529.2471 5437424.6241   2.7325 0.0536011 1.135918 3
4595529.1597 5437421.7835  -0.3051 0.1253986 1.043639 3
4595531.2668 5437426.3070  23.5568 0.1371112 1.052365 1
4595531.1266 5437425.7525  21.6807 0.0398779 1.305695 3
4595531.3485 5437426.0286  24.0352 0.1645603 1.114544 0
4595531.3724 5437425.5220  23.7037 0.2205021 2.156530 1
4595531.1971 5437424.8222  21.5463 0.0679788 1.310017 3
4595531.5970 5437425.8184  26.1261 0.0249326 0.823071 1
4595531.4963 5437425.4145  24.7514 0.1909980 1.316197 3
4595532.0372 5437423.9986  29.1398 0.0934279 1.107570 1
4595528.2712 5437425.2400   0.0630 0.0933904 1.033142 3
4595528.3305 5437424.8359   0.3665 0.0857504 1.800625 0
4595530.5274 5437425.8706  22.5417 0.1434356 1.299001 0
4595530.6607 5437425.7924  23.7211 0.1893021 1.353831 1
4595530.5718 5437425.4410  22.6451 0.0647973 1.138271 3
4595530.7861 5437425.6871  24.7955 0.1642973 1.312811 0
4595531.1427 5437426.5041  28.8615 0.0376559 0.994706 3
4595531.2084 5437426.1688  29.1550 0.0577971 1.364290 1
4595530.8792 5437424.2460  24.5128 0.1088636 1.017858 1
4595530.7139 5437423.5814  22.7044 0.0435966 1.107268 3
4595531.0501 5437424.3306  26.1537 0.1482961 1.016973 1
4595530.9119 5437423.1652  24.3701 0.0414419 1.090683 1
4595530.8264 5437422.8184  23.3416 0.1746722 1.177781 3
4595531.3138 5437424.1944  28.5999 0.1265268 1.092309 1
4595531.4039 5437423.9608  29.3888 0.0779913 1.097945 1
4595531.3056 5437422.9538  28.0457 0.0747997 1.389514 1
4595531.2262 5437422.6273  27.1082 0.0257630 0.876524 2
4595531.3721 5437422.6228  28.5228 0.1091006 1.184452 1
4595527.6574 5437421.8756   0.0893 0.0389306 0.883094 3
4595529.6258 5437426.3236  22.2279 0.1200628 1.061352 3
4595529.6795 5437425.9294  22.5063 0.0601235 1.162607 3
4595529.7619 5437425.0440  22.6679 0.2140600 1.052557 1
4595529.5650 5437424.2724  20.1664 0.0276525 0.875797 3
4595529.9931 5437425.3489  25.1539 0.0745858 1.032857 1
4595529.8686 5437424.8588  23.5352 0.1063300 1.450659 3
4595530.2733 5437425.8549  28.2327 0.0961657 1.178635 1
4595529.9470 5437424.5646  24.0303 0.0407987 1.338018 3
4595530.3588 5437425.5962  28.9006 0.1527074 1.317966 0
4595530.1853 5437424.3056  26.1208 0.0751108 1.079911 1
4595530.0134 5437423.6198  24.0415 0.0884469 1.234619 2
4595530.0544 5437423.1776  24.1607 0.1432235 1.095000 1
4595530.1573 5437422.9836  25.0579 0.0617121 1.206941 1
4595530.0692 5437422.6290  23.9476 0.0905662 1.203404 2
4595530.6737 5437424.4645  30.8101 0.0455897 1.136567 1
4595530.5094 5437423.8003  29.0140 0.0738451 1.163350 2
4595530.5838 5437423.5004  29.5999 0.1863934 1.084638 0
4595530.5210 5437422.6420  28.4514 0.1157450 1.003943 0
4595528.6901 5437426.1180  21.7491 0.1168998 1.347483 1
4595528.2354 5437424.3823  16.2548 0.0945169 1.098586 3
4595528.7625 5437425.7937  22.2454 0.1065905 1.058929 1
4595527.9435 5437422.6536  12.1824 0.0683779 1.246152 3
4595528.8286 5437424.2404  21.8252 0.0589572 1.330873 1
4595528.6827 5437423.6734  20.0378 0.0756194 1.030132 3
4595528.9058 5437423.9375  22.3235 0.1533073 2.322871 0
4595529.3694 5437425.1494  27.6346 0.1723357 1.173907 0
4595529.4292 5437424.7850  27.9385 0.1528897 1.296630 0
4595529.4943 5437424.4437  28.2987 0.1875194 1.084134 0
4595529.8012 5437425.0634  31.6836 0.0618303 1.714406 1
4595529.3185 5437423.1456  25.5855 0.1328849 1.223925 3
4595529.8582 5437424.6960  31.9182 0.1010284 1.129892 1
4595530.1429 5437425.2402  35.0925 0.1152088 1.006394 1
4595529.8072 5437423.8948  30.8351 0.0900990 1.073926 2
4595529.6822 5437423.3937  29.2447 0.0624023 1.474160 3
4595530.2655 5437425.1422  36.1711 0.0969160 1.254594 1
4595530.1405 5437424.6391  34.5231 0.0387080 1.111459 3
4595530.3434 5437424.2727  36.1893 0.0669246 1.178042 1
4595530.5551 5437423.9522  38.0600 0.0572255 1.139115 1
4595528.2329 5437424.7531  22.2214 0.1417325 1.517973 1
4595528.1199 5437424.3179  20.8400 0.0487719 1.288310 2
4595527.6678 5437422.5759  15.2419 0.0540844 1.097654 2
4595527.6032 5437422.3267  14.4629 0.0268158 0.896066 3
4595528.6034 5437425.5826  26.3126 0.1240838 1.074738 1
4595528.8894 5437424.3021  28.1519 0.1384098 1.113770 1
4595528.3967 5437422.3611  22.0303 0.0322146 1.067527 3
4595528.9941 5437424.1156  28.9911 0.0433445 0.953722 1
4595528.9263 5437423.8475  28.1492 0.1303191 1.115993 2
4595528.8402 5437423.5069  27.0899 0.0957017 1.165586 3
4595529.0533 5437423.7518  29.2574 0.0384692 1.052700 1
4595529.2740 5437424.0311  31.5453 0.2009943 1.076715 0
4595529.6201 5437424.8206  35.4437 0.0983860 1.108219 1
4595529.5514 5437424.5448  34.5887 0.0419611 1.000690 2
4595529.2579 5437423.3683  30.8582 0.0336056 0.988959 3
4595529.6736 5437424.4424  35.6467 0.1043785 1.040587 1
4595529.1628 5437421.7836  28.8232 0.0425096 1.084564 1
4595529.7770 5437423.6730  36.0362 0.1820568 1.242151 1
4595529.4752 5437422.4470  32.2542 0.0401706 1.042606 3
4595529.9265 5437423.6876  37.4974 0.0906913 1.045370 1
4595529.5719 5437422.2412  33.0428 0.0860273 1.106697 3
4595529.9699 5437422.6768  37.2564 0.0970874 1.014051 0
4595527.4170 5437421.8797  18.7838 0.1140290 1.059864 2
4595528.1995 5437424.3268  27.9216 0.1643125 1.245506 0
4595528.2327 5437423.8571  27.9259 0.0458341 1.070996 1
4595528.0674 5437423.2080  25.8782 0.2118417 1.099175 3
4595528.2846 5437423.4618  28.1511 0.1271634 1.104754 1
4595528.1273 5437422.8415  26.1540 0.1171624 1.037223 2
4595527.9889 5437422.2958  24.4376 0.0635014 1.435743 3
4595528.3173 5437422.9889  28.0788 0.1427354 1.615232 0
4595528.2191 5437421.9969  26.4150 0.0687589 1.228698 1
4595528.1072 5437421.5517  25.0693 0.0455921 1.131865 2
4595528.6481 5437423.1047  31.2848 0.1139979 1.158714 1
4595528.9796 5437423.8366  34.9157 0.0510812 0.954768 1
4595528.9223 5437423.6066  34.2078 0.0601001 1.073477 2
4595529.0511 5437423.5285  35.3350 0.2319131 1.083311 0
4595529.1195 5437423.2100  35.7329 0.0497300 1.228932 1
4595529.2715 5437423.2324  37.1563 0.1989123 1.258898 0
4595529.0260 5437421.6355  33.7153 0.1892878 1.084881 1
4595529.3441 5437422.3406  37.2069 0.1183969 1.038632 1
4595527.9923 5437423.9464  33.6793 0.2374299 1.177518 1
4595527.8471 5437423.3735  31.9186 0.0389246 1.037144 3
4595528.0154 5437423.4447  33.5644 0.4062914 1.069780 1
4595527.8712 5437422.8731  31.7539 0.0963646 1.046755 3
4595528.3287 5437424.0956  36.9661 0.0599959 0.942052 1
4595528.2595 5437423.8202  36.1277 0.0684223 1.049691 2
4595528.0348 5437422.9259  33.3377 0.0560737 1.068485 3
4595528.3226 5437423.4801  36.4965 0.1671550 1.274695 0
4595528.6094 5437423.4496  39.1488 0.1314801 1.130739 0
4595528.3516 5437421.8149  35.5172 0.2101077 1.053912 1
4595528.2333 5437421.3359  34.0934 0.1088905 1.033147 3
4595528.1664 5437423.0587  41.0544 0.0350320 1.034667 1
4595527.9598 5437422.2233  38.5049 0.1175230 1.490732 2
4595527.8167 5437421.6450  36.8195 0.0843444 1.165810 3
4595528.1188 5437422.2761  40.0200 0.2126421 1.599317 0
4595528.2151 5437422.0771  40.7861 0.0918607 1.827037 0
4595527.6547 5437422.5824  41.5483 0.1166385 1.005549 1
4595527.6032 5437422.3740  40.9321 0.1117180 1.051819 3
4595527.7142 5437422.2349  41.8810 0.1529211 1.420005 0
4595527.8069 5437422.9278  20.1237 0.0651958 1.022201 3
4595527.8061 5437423.2243  18.9147 0.0967139 1.080340 2
4595527.9424 5437422.9667  16.1022 0.0427008 1.491456 3
4595528.5371 5437422.7712  -0.0322 0.1467160 1.059181 3
4595528.4071 5437423.3222   1.4069 0.0725842 1.122088 2
4595528.4718 5437423.2038   0.0514 0.1534134 1.100392 3
4595527.3512 5437421.4883  40.2491 0.0123063 0.771474 1
4595527.3834 5437421.4223  39.6063 0.0761663 2.070071 2
4595527.7502 5437422.0674  26.0774 0.0394834 1.008171 3
4595527.7680 5437423.1828  20.7386 0.0504986 1.128917 2
4595528.7071 5437421.6850  -0.1283 0.0847263 1.036759 3
4595528.5075 5437422.9882   0.1025 0.0741934 1.076591 3
4595528.1881 5437425.1342   0.0726 0.1185600 1.043881 3
4595527.4870 5437421.5337  37.7440 0.1529600 1.262360 1
4595527.5871 5437421.3270  35.7032 0.0447285 1.596404 3
4595527.4762 5437421.8279  36.7317 0.0349644 1.321946 2
4595527.6399 5437421.4921  33.4022 0.0252640 1.089434 3
4595527.6416 5437421.7639  32.1239 0.0326610 1.125658 3
4595527.7943 5437422.0133  26.4784 0.1181722 1.173981 3
4595528.4929 5437423.3178   0.1428 0.0415020 1.068468 3
4595528.2376 5437425.0342   0.0674 0.0757898 1.010396 3
4595527.6347 5437421.5320  40.6232 0.1554856 1.382033 1
4595527.7939 5437421.2011  37.3741 0.0473880 1.072541 2
4595527.5332 5437422.0109  41.4671 0.1561350 1.471695 0
4595527.5186 5437422.3100  40.5458 0.1721088 1.264125 0
4595527.7231 5437423.2759  30.2838 0.0568727 1.018283 2
4595527.9570 5437423.0989  24.1451 0.0842828 1.061952 1
4595528.0368 5437422.9422  22.4630 0.1849791 1.034179 3
4595528.5063 5437424.7548   0.6335 0.0857402 1.639333 3
4595527.8128 5437421.2200  40.9063 0.0544780 1.165249 1
4595527.7085 5437421.7054  41.8367 0.0987083 1.021655 1
4595527.6672 5437422.3262  40.2400 0.2395981 1.981005 0
4595527.6726 5437422.5849  38.9131 0.0490806 1.251133 2
4595527.8847 5437422.4251  33.2919 0.0383137 0.943867 1
4595528.0815 5437422.0248  29.2206 0.2816745 1.006216 2
4595528.1229 5437421.9406  28.3616 0.0747861 1.089318 3
4595527.7092 5437423.0559  35.7556 0.0829231 1.016999 1
4595527.9017 5437422.6671  31.7123 0.0334420 1.033967 2
4595528.0797 5437422.3077  27.9969 0.0296441 1.050873 3
4595527.7622 5437423.2246  33.4343 0.0896908 1.061821 1
4595527.8350 5437423.0788  31.9026 0.1894642 1.062562 3
4595527.9766 5437423.0767  27.6862 0.0504866 1.215765 2
4595528.0608 5437422.9092  25.9054 0.0595571 1.318418 3
4595528.0434 5437423.8012  22.4852 0.0796443 1.146536 3
4595527.9953 5437424.1841  22.1898 0.0369910 1.042372 2
4595529.0405 5437422.1682  -0.1566 0.0967021 1.070211 3
4595528.7846 5437423.2691   2.6622 0.0377453 1.159306 3
4595528.6308 5437424.7922   0.5084 0.2345079 1.482276 0
4595528.5859 5437425.1862   0.0748 0.1121845 1.162344 3
4595527.8126 5437421.2052  40.9193 0.0103114 0.648505 0
4595527.7097 5437421.6879  41.8367 0.0526635 0.902353 1
4595527.7454 5437421.6120  41.0969 0.1055692 2.132792 3
4595527.8163 5437421.7282  38.3836 0.0320278 1.179180 3
4595527.7023 5437423.0443  35.8168 0.0578897 1.127358 1
4595527.8923 5437422.6547  31.7689 0.0888259 1.035546 2
4595527.9683 5437422.4988  30.1472 0.0625780 0.999651 3
4595527.7648 5437423.1900  33.2562 0.1717526 1.074708 1
4595527.8284 5437423.0604  31.8964 0.0568339 1.178560 3
4595527.9694 5437423.0528  27.6265 0.0286759 1.312008 2
4595528.0499 5437422.8903  25.9008 0.0971770 1.102280 3
4595527.9730 5437423.8940  23.6872 0.0516871 1.249742 1
4595528.0297 5437423.7820  22.4770 0.1093844 1.109536 2
4595528.1019 5437423.6394  20.9357 0.0484472 1.074932 3
4595529.0086 5437422.1506  -0.1029 0.0994343 1.089756 3
4595528.7521 5437423.2570   2.7622 0.0316355 1.200365 3
4595528.4928 5437425.5903   0.0012 0.0424309 1.055303 3
4595527.9198 5437421.3991  40.8762 0.1102152 1.066394 1
4595527.9768 5437421.2769  39.6799 0.0184313 1.013393 2
4595527.8157 5437421.8860  41.8173 0.1713989 1.130267 0
4595527.7665 5437422.2547  41.6030 0.1407121 1.271139 0
4595527.7659 5437422.5215  40.3699 0.1473027 1.086058 1
4595527.9893 5437422.0517  35.6757 0.1536372 1.785987 3
4595527.7789 5437422.7612  38.8827 0.0272211 0.954781 1
4595527.9193 5437422.4680  35.8873 0.0991043 1.022163 2
4595528.1165 5437422.0560  31.7237 0.0493703 1.061879 2
4595528.2542 5437421.7683  28.8057 0.0377681 1.023863 3
4595527.9803 5437422.6127  33.3448 0.3662536 1.050632 1
4595528.1758 5437422.2072  29.1871 0.0397174 1.004847 3
4595527.9387 5437422.9727  32.9973 0.1001968 1.196015 1
4595528.2653 5437422.3002  25.9898 0.0445452 1.052781 3
4595527.8558 5437423.4174  33.5401 0.1240515 1.123212 1
4595528.0124 5437423.0971  30.1625 0.0300893 1.033092 3
4595527.8634 5437423.6774  32.1005 0.2746796 1.045007 3
4595529.1670 5437421.9308  -0.2194 0.1180464 1.087493 3
4595528.0746 5437424.3835  22.3068 0.1522740 1.101120 1
4595528.1416 5437424.2518  20.8610 0.0222135 1.067608 3
4595528.0762 5437424.6690  20.9359 0.0565898 1.500505 3
4595528.6457 5437425.3842   0.0562 0.1494656 1.062804 3
4595527.9555 5437421.9612  42.0682 0.1719560 1.297094 0
4595528.0190 5437422.0889  39.4831 0.1071178 1.571780 2
4595528.1075 5437421.9004  37.6120 0.0646075 2.175844 3
4595527.9160 5437422.5733  40.4137 0.1769171 1.011974 1
4595528.0715 5437422.2445  37.1144 0.0346984 1.428717 2
4595528.1729 5437422.0300  34.9634 0.0203577 1.019419 3
4595527.8506 5437422.9771  40.6016 0.1041238 1.069456 1
4595527.9218 5437422.8276  39.0715 0.0284419 1.182918 2
4595527.9932 5437422.6776  37.5346 0.0325180 1.240037 3
4595527.9326 5437423.0732  37.6116 0.1868111 1.082299 0
4595527.8802 5437423.4517  37.5096 0.1580797 1.515206 0
4595527.9967 5437423.4834  33.7438 0.2518458 1.082411 0
4595528.1071 5437423.5328  30.0812 0.0475605 1.304885 1
4595528.1992 5437423.3449  28.0801 0.0655806 1.047638 3
4595527.9442 5437424.1407  32.2793 0.0608433 1.342469 3
4595528.2239 5437424.4257  22.2571 0.0727433 1.374137 3
4595528.2230 5437424.7144  20.9300 0.1486153 1.079148 1
4595528.3004 5437424.5627  19.2407 0.0387792 1.134153 2
4595528.4925 5437424.1855  15.0441 0.0322763 1.127851 3
4595528.7201 5437425.8641   0.0430 0.0347061 1.046533 3
4595528.6536 5437426.2978   0.0476 0.1605336 1.085703 3
4595528.1148 5437421.4414  41.3140 0.0237522 1.110729 1
4595528.1567 5437421.3498  40.4178 0.0417353 1.040695 2
4595528.1860 5437421.2856  39.7900 0.0496483 1.183818 2
4595528.0305 5437421.8861  41.8555 0.1742751 1.465749 0
4595528.0140 5437422.1833  40.9478 0.1908779 1.071168 1
4595528.0858 5437422.0284  39.4138 0.0871586 1.181740 2
4595528.1715 5437421.8436  37.5813 0.0509320 1.419200 3
4595527.9802 5437422.5190  40.4067 0.0609320 1.026532 1
4595528.1308 5437422.1961  37.1785 0.0358973 1.101254 2
4595528.2034 5437422.0406  35.6218 0.0266116 1.167043 3
4595527.9157 5437422.9205  40.5753 0.1623959 1.012136 0
4595527.9938 5437423.0208  37.6341 0.2051654 1.034650 0
4595527.9338 5437423.4146  37.6945 0.1718519 1.307456 0
4595528.0542 5437423.4323  33.7999 0.2426148 1.040360 1
4595528.3011 5437422.9181  28.3763 0.0201849 0.885563 3
4595527.9987 5437424.0938  32.3882 0.0526006 2.356441 3
4595528.0099 5437424.3460  30.8220 0.0334132 1.532062 3
4595528.2755 5437424.6561  20.9390 0.2119253 1.014476 1
4595528.3547 5437424.4984  19.1884 0.0634066 1.001249 3
4595528.2145 5437425.0633  20.9202 0.1089575 1.157590 2
4595528.4388 5437424.6205  15.9426 0.0208829 0.887253 2
4595529.0038 5437423.5054   3.2328 0.0596217 1.805417 3
4595528.9500 5437424.5186   0.1961 0.2166296 1.259573 3
4595528.8915 5437424.9372   0.0563 0.0914494 1.056573 3
4595528.8274 5437425.3662   0.0386 0.1301502 1.094729 3
4595528.7611 5437425.7989   0.0490 0.0451054 0.979692 3
4595528.6933 5437426.2348   0.0819 0.0728481 1.123009 3
4595528.2637 5437421.4477  41.3127 0.0486143 1.219063 1
4595528.3436 5437421.2718  39.5910 0.1108054 1.090316 3
4595528.2276 5437421.7872  40.8339 0.1582003 1.876963 0
4595528.1422 5437422.2344  41.4076 0.0675125 0.987953 1
4595528.2262 5437422.0520  39.6001 0.1169900 1.274385 2
4595528.3290 5437421.8286  37.3812 0.0254773 1.014111 3
4595528.1056 5437422.5755  40.9376 0.0490799 0.937078 1
4595528.1866 5437422.4009  39.1826 0.1272077 1.227532 2
4595528.2974 5437422.1617  36.7886 0.0394326 1.100062 3
4595528.0682 5437422.9190  40.5200 0.0961751 0.992094 1
4595528.2048 5437422.6262  37.5258 0.0364104 1.167992 3
4595528.0745 5437423.1702  39.1393 0.1421231 1.166297 1
4595528.1427 5437423.0250  37.6400 0.0579831 1.403711 3
4595528.0771 5437423.4311  37.8300 0.1696971 1.155968 0
4595528.0147 5437423.8301  37.8990 0.0431961 1.157410 1
4595528.4630 5437422.8898  28.0315 0.1949794 1.300958 3
4595528.1395 5437423.8394  33.8702 0.1078397 1.080951 3
4595528.0724 5437424.2508  34.0197 0.2479439 1.085974 0
4595528.1670 5437424.3305  30.6165 0.0636878 0.912619 0
4595528.0976 5437424.7486  30.8143 0.1198503 1.055879 1
4595529.4874 5437421.9199  -0.2768 0.0371581 1.220390 3
4595528.4066 5437424.4024  22.6227 0.0338792 1.120106 3
4595528.4676 5437425.4333  15.6807 0.0285407 0.960626 2
4595529.0292 5437424.9429   0.0719 0.2284182 1.071252 3
4595528.9655 5437425.3713   0.0516 0.8353693 1.063591 0
4595528.9010 5437425.8012   0.0209 0.1446727 1.103303 3
4595528.8340 5437426.2358   0.0370 0.2770926 1.070084 3
4595528.4499 5437421.7947  40.6943 0.1108742 1.722778 1
4595528.5421 5437421.5925  38.6960 0.0514982 2.328271 3
4595528.7096 5437421.4906  33.7759 0.1477429 1.036884 0
4595528.3144 5437422.6121  41.1125 0.1871115 1.069231 0
4595528.3539 5437422.7898  39.0048 0.2313708 1.052736 1
4595528.4502 5437422.5829  36.8850 0.0363379 0.937505 3
4595528.3136 5437423.1406  38.6423 0.1031517 1.071546 1
4595528.4504 5437422.8489  35.6255 0.0541559 1.363564 2
4595528.5089 5437422.7241  34.3318 0.0757535 1.077751 2
4595528.7909 5437422.1225  28.1096 0.0367517 1.078903 3
4595528.3560 5437423.3175  36.4473 0.1759360 1.208836 0
4595528.2332 5437423.8439  37.8558 0.0574170 1.141489 1
4595528.3143 5437423.6733  36.0824 0.0541005 1.281594 2
4595528.5112 5437423.2593  31.7355 0.0368679 1.217801 3
4595528.1711 5437424.2425  37.9080 0.0330158 0.994637 1
4595528.4589 5437423.6417  31.5969 0.0688225 1.152372 2
4595528.6147 5437423.3164  28.1145 0.0659002 1.230907 3
4595528.5547 5437423.7170  28.1404 0.1273172 1.112208 0
4595528.2225 5437424.6775  34.1476 0.0514167 1.098602 1
4595528.4614 5437424.1862  28.8750 0.1015142 1.172903 2
4595528.4981 5437424.1106  28.0637 0.0209403 0.941406 3
4595528.5660 5437424.8141  22.4562 0.0397828 1.159536 3
4595528.6266 5437425.8487  15.4503 0.0700721 1.015003 1
4595529.1807 5437424.7712   2.8741 0.0404232 1.127914 2
4595529.2162 5437424.7021   2.0626 0.0444421 1.203128 2
4595529.3059 5437424.5278   0.0137 0.0857475 1.134943 3
4595529.2382 5437424.9641   0.0927 0.3993766 1.192382 0
4595529.1771 5437425.3868   0.0208 0.5805056 1.064872 0
4595529.1118 5437425.8187   0.0070 0.2589477 1.093376 3
4595529.0448 5437426.2530   0.0202 0.2670000 1.056540 3
4595528.5589 5437421.6413  40.6779 0.1047555 1.600109 0
4595528.5654 5437421.8860  39.2601 0.0362027 1.304376 1
4595528.6199 5437421.7656  38.0625 0.1560509 1.453122 2
4595528.4275 5437422.4490  41.0027 0.1164920 1.050747 0
4595528.4663 5437422.6250  38.8795 0.2063708 1.178823 0
4595528.4200 5437422.9879  38.6462 0.0867717 1.046044 1
4595528.5773 5437422.6477  35.1305 0.0632530 0.987530 2
4595528.6159 5437422.5641  34.2649 0.1942857 1.115877 3
4595528.4294 5437423.2315  37.1652 0.0619941 0.970467 1
4595528.4645 5437423.1563  36.3824 0.0825438 1.144448 3
4595528.3793 5437423.6042  36.9921 0.0779301 1.062117 1
4595528.4165 5437423.5248  36.1703 0.0530490 1.061428 3
4595528.3711 5437423.8881  35.8537 0.0465715 1.080493 1
4595528.5601 5437423.4879  31.6442 0.0671010 1.197668 2
4595528.7131 5437423.1640  28.1679 0.1031226 1.020158 3
4595528.6577 5437423.5548  28.0978 0.1914791 1.140283 0
4595528.5605 5437424.0321  28.9450 0.1358830 1.033646 1
4595528.2629 5437424.9238  34.2465 0.1969285 1.041422 0
4595528.5625 5437424.5804  26.1670 0.0374292 1.041795 3
4595528.4783 5437425.8770  22.4503 0.0580612 1.013370 3
4595529.2744 5437424.5911   2.7843 0.0849921 1.254907 3
4595529.2696 5437424.9019   1.4146 0.0461554 1.141692 1
4595529.3294 5437424.7848   0.0295 0.3678224 1.077016 3
4595529.2658 5437425.2119   0.0167 0.6256394 1.052245 0
4595529.2000 5437425.6435   0.0286 0.3495994 1.092579 3
4595529.1329 5437426.0782   0.0397 0.2412820 1.062297 3
4595529.0648 5437426.5137   0.0797 0.5263238 1.123215 0
4595528.6058 5437421.5956  40.4380 0.0729937 1.090504 1
4595528.6516 5437421.4924  39.4211 0.0263744 0.971846 2
4595528.6874 5437421.4116  38.6199 0.0437374 1.268613 3
4595528.6670 5437421.7158  37.7814 0.1435611 1.545426 1
4595528.4602 5437422.4355  41.0880 0.0962971 1.085166 0
4595528.4969 5437422.6132  38.9795 0.1784276 1.056957 1
4595528.6471 5437422.2816  35.6071 0.0345570 0.947727 3
4595528.4528 5437422.9706  38.6951 0.1725893 1.042625 1
4595528.6489 5437422.5405  34.2490 0.1219299 1.271805 3
4595528.3739 5437423.4052  39.1902 0.0267112 0.938596 1
4595528.4623 5437423.2126  37.1903 0.0778918 0.931728 2
4595528.4978 5437423.1351  36.3858 0.1065841 1.398304 3
4595528.4140 5437423.5809  36.9755 0.0878639 1.248777 1
4595528.4535 5437423.4956  36.0918 0.0298320 1.194197 2
4595528.6489 5437423.0729  31.6199 0.0247721 1.122260 3
4595528.5941 5437423.4592  31.5534 0.0720079 1.074759 1
4595528.7414 5437423.1429  28.1658 0.0996722 1.090035 3
4595528.6842 5437423.5370  28.1367 0.2496929 1.091048 0
4595528.5948 5437423.9992  28.8151 0.1395049 1.307088 0
4595528.2937 5437424.9053  34.2786 0.2434112 1.044547 0
4595528.2332 5437425.3019  34.2910 0.1322290 1.238428 0
4595528.6286 5437425.0361  22.4447 0.0427890 1.070274 3
4595528.7429 5437425.6592  15.4623 0.0418833 1.129944 2
4595529.2850 5437424.5730   2.8395 0.0536580 1.129513 2
4595529.3217 5437424.4996   1.9812 0.0582945 1.098004 2
4595529.4067 5437424.3292  -0.0332 0.0449846 1.059232 3
4595529.3401 5437424.7621   0.0479 0.3597439 1.125239 3
4595529.2776 5437425.1874   0.0053 0.6090147 1.056494 0
4595529.2121 5437425.6186   0.0139 0.3630137 1.079547 3
4595529.1448 5437426.0538   0.0277 0.2701204 1.069098 3
4595529.0765 5437426.4904   0.0693 0.4009697 1.126013 3
4595528.7610 5437421.6488  39.3870 0.1435478 1.075616 0
4595528.7847 5437421.8524  37.5503 0.1885263 1.271254 0
4595528.8304 5437422.0100  35.1995 0.0168746 0.860198 1
4595528.8973 5437421.8604  33.6909 0.1774677 1.033330 3
4595528.6947 5437422.5732  36.9415 0.0863198 1.078800 1
4595528.7521 5437422.4458  35.6401 0.1302722 1.103995 3
4595528.5426 5437423.1700  39.1258 0.1098422 1.173816 1
4595528.7806 5437422.6449  33.6694 0.0658058 1.328216 3
4595528.4925 5437423.5411  38.9722 0.0622960 1.542443 1
4595528.6923 5437423.1035  34.3674 0.1132107 1.042605 2
4595528.8503 5437422.7574  30.7399 0.0356180 1.079190 3
4595528.5476 5437423.6834  36.3721 0.1831109 1.441122 1
4595528.7623 5437423.2166  31.4231 0.0408516 0.945521 3
4595528.9725 5437423.0309  25.2134 0.0439200 1.074557 1
4595529.0688 5437422.8229  22.9955 0.0324021 1.039309 2
4595528.7424 5437423.7971  29.1726 0.1388245 1.050460 1
4595528.8401 5437423.5876  26.9092 0.0514988 1.679535 3
4595528.7394 5437424.0752  27.8662 0.0783301 1.225390 0
4595528.6972 5437424.4378  27.4557 0.0295754 1.045807 1
4595528.8995 5437424.0106  22.7578 0.1229151 1.119627 3
4595528.3333 5437425.4754  34.4276 0.0471337 1.170234 1
4595528.6940 5437424.7194  26.1230 0.1028565 1.149889 2
4595528.8820 5437424.3255  21.7664 0.0341519 1.300042 3
4595528.6293 5437425.1313  26.1993 0.0814746 1.099379 3
4595528.5840 5437425.5025  25.8220 0.0865840 1.032148 1
4595528.7289 5437425.2035  22.4639 0.0830638 1.172224 3
4595528.6740 5437425.5966  22.2936 0.1105852 1.035389 0
4595528.6402 5437425.9483  21.6125 0.0736647 1.996742 3
4595529.3572 5437425.0863   1.8275 0.0980159 1.763180 1
4595529.4337 5437424.9335   0.0154 0.1378470 1.165195 3
4595529.3688 5437425.3636   0.0303 0.5222414 1.049075 3
4595529.3053 5437425.7909  -0.0256 0.1114989 1.096826 3
4595529.2380 5437426.2257  -0.0084 0.1274758 1.069576 3
4595529.1664 5437426.6685   0.1162 0.1692271 1.077985 3
4595528.8801 5437421.7318  39.3026 0.0850474 1.252182 1
4595528.9509 5437421.5703  37.7006 0.0307340 1.181293 2
4595528.9178 5437421.9018  37.1298 0.0335846 1.095218 1
4595529.0788 5437421.5370  33.4758 0.0995511 0.962554 3
4595528.9509 5437422.0860  35.0424 0.1065817 1.033279 1
4595528.8136 5437422.6533  36.8417 0.0565871 1.031753 1
4595528.8638 5437422.5411  35.6920 0.1644636 1.079634 2
4595529.0738 5437422.0714  30.8954 0.0312243 1.067085 3
4595528.6536 5437423.2688  39.2110 0.1655387 1.227257 1
4595528.8801 5437422.7659  33.9802 0.0320673 1.215002 3
4595528.6181 5437423.6074  38.7074 0.1495123 1.115145 1
4595528.7172 5437423.3887  36.4091 0.0244552 1.037789 3
4595528.6686 5437423.7574  36.1926 0.1049677 1.177204 0
4595528.9552 5437423.3982  28.1549 0.0680139 1.013075 1
4595529.0807 5437423.1253  25.2328 0.0183789 0.921419 2
4595529.1752 5437422.9199  23.0401 0.1003480 1.023094 3
4595528.8630 5437423.8669  28.9360 0.0674457 1.062433 1
4595528.8933 5437423.8014  28.2262 0.0785927 1.257121 2
4595529.0738 5437423.4118  23.9962 0.0213721 0.963447 3
4595528.8540 5437424.1566  27.7585 0.0177300 0.882392 1
4595528.8878 5437424.0841  26.9673 0.0625030 1.247931 2
4595529.0614 5437423.7123  22.8914 0.0586608 1.185530 3
4595528.8067 5437424.5298  27.4652 0.2011761 1.064966 0
4595528.4430 5437425.5710  34.4926 0.1678292 1.066540 1
4595528.8104 5437424.7955  25.9572 0.0384197 1.130290 3
4595528.7415 5437425.2155  26.1349 0.2140632 1.065412 0
4595528.8400 5437425.2867  22.3912 0.1276910 1.037951 1
4595529.0646 5437424.8199  17.1181 0.0256269 1.193209 3
4595529.5341 5437425.0229  -0.0192 0.5598467 1.058094 0
4595529.4686 5437425.4536   0.0117 0.4209987 1.045419 3
4595529.4013 5437425.8880   0.0325 0.0840010 1.052706 3
4595529.3351 5437426.3207   0.0188 0.1415564 1.071257 3
4595528.9333 5437421.6656  39.2810 0.0670214 1.243206 1
4595529.0028 5437421.5047  37.6890 0.0368419 1.174876 2
4595528.9741 5437421.8256  37.0057 0.0680640 1.410362 1
4595528.9214 5437422.2024  36.8701 0.0529722 1.052642 1
4595529.0020 5437422.0183  35.0140 0.0812984 1.077655 2
4595529.0646 5437421.8754  33.5717 0.0581000 1.235175 2
4595529.1095 5437421.7728  32.5359 0.0853853 1.117545 3
4595528.8654 5437422.5866  36.8150 0.0252873 1.030028 1
4595528.9160 5437422.4718  35.6431 0.1839607 1.021477 2
4595529.1231 5437422.0017  30.8541 0.0390642 1.107799 3
4595528.7156 5437423.1827  38.9668 0.1783471 1.766030 1
4595528.8798 5437422.8124  35.1276 0.0399547 1.350987 3
4595528.6693 5437423.5446  38.7108 0.1331209 1.127942 1
4595528.7696 5437423.3200  36.3508 0.0480104 1.474078 3
4595528.7225 5437423.6852  36.0961 0.1213472 1.354301 0
4595529.0008 5437423.3326  28.1489 0.2148383 1.047655 1
4595529.1241 5437423.0606  25.2460 0.0177313 0.946404 2
4595529.2190 5437422.8511  23.0176 0.1004596 0.961081 3
4595528.9067 5437423.8066  28.9841 0.1219678 1.192483 1
4595529.0175 5437423.5636  26.3510 0.0270767 1.019553 3
4595528.8990 5437424.0917  27.7623 0.0344462 1.052187 1
4595528.9305 5437424.0232  27.0151 0.0649077 1.028855 2
4595529.1072 5437423.6387  22.8049 0.0595414 1.069253 3
4595528.8524 5437424.4629  27.4518 0.1312386 1.065409 0
4595528.4926 5437425.5056  34.4858 0.1531757 1.038358 0
4595528.7830 5437425.1555  26.2040 0.2131785 1.172957 0
4595528.8808 5437425.2235  22.4250 0.1512129 1.009865 0
4595528.7200 5437426.3946  21.7601 0.0850707 1.045985 1
4595529.5464 5437424.6918   1.9428 0.0691687 1.480304 2
4595529.6275 5437424.5246  -0.0346 0.0550975 1.092987 3
4595529.5630 5437424.9533  -0.0107 0.4082905 1.155241 0
4595529.4976 5437425.3839   0.0214 0.4469616 1.065415 0
4595529.4316 5437425.8156   0.0166 0.0554999 1.121657 3
4595529.3650 5437426.2491   0.0117 0.2253844 1.069847 3
4595529.0582 5437421.5245  39.4275 0.1184087 1.121536 0
4595529.0447 5437422.0629  37.0410 0.0684921 1.218832 1
4595529.1975 5437421.7094  33.4888 0.0352604 1.289866 2
4595528.9903 5437422.4437  36.9454 0.1209912 1.039434 0
4595528.8416 5437423.0399  39.0734 0.0599843 1.041658 1
4595528.9916 5437422.6976  35.5505 0.0430574 1.219499 3
4595528.8008 5437423.3889  38.6841 0.0379561 1.196885 1
4595528.9452 5437423.0616  35.2709 0.1154154 1.106824 2
4595528.9881 5437422.9643  34.2590 0.0443004 1.161493 3
4595528.8351 5437423.5691  36.5054 0.1035138 1.074656 0
4595528.7836 5437423.9440  36.3533 0.0748921 1.015592 1
4595528.9862 5437423.4909  31.5292 0.0363718 1.185717 3
4595529.0684 5437423.5731  28.1611 0.3082769 1.048541 0
4595529.0269 5437423.9321  27.7513 0.2765637 1.722221 0
4595528.9693 5437424.3266  27.7209 0.1662194 1.235559 0
4595528.5638 5437425.7421  34.4808 0.1972465 1.092469 0
4595529.0947 5437424.8739  20.3532 0.0578651 1.070770 0
4595528.9468 5437425.4661  22.4193 0.1112265 1.107460 1
4595529.1644 5437425.0043  17.1824 0.0551849 1.030312 3
4595528.8940 5437425.8545  22.1799 0.1115928 1.225906 0
4595528.8294 5437426.2681  22.2147 0.0310319 1.072814 3
4595529.6200 5437424.9103   1.5157 0.0732466 1.076593 2
4595529.6816 5437424.7828  -0.0007 0.1523238 1.088344 3
4595529.6168 5437425.2124   0.0340 0.4012768 1.079487 3
4595529.5512 5437425.6432   0.0558 0.3418811 1.060508 3
4595529.4859 5437426.0737   0.0209 0.2662693 1.080768 3
4595529.4142 5437426.5178   0.1434 0.2559872 1.074879 3
4595529.4281 5437421.8817  32.7565 0.1501775 1.387734 1
4595529.1877 5437422.6920  36.9998 0.0998224 1.069755 0
4595529.1789 5437422.9688  35.8295 0.0482683 1.197473 1
4595529.3741 5437422.5241  31.2556 0.0699201 1.169157 2
4595529.5064 5437422.2227  28.1488 0.0502024 1.238988 3
4595529.3152 5437422.9190  31.2307 0.0326939 0.943941 1
4595529.4090 5437422.7068  29.0274 0.0732858 1.017270 3
4595528.9246 5437424.0586  39.1210 0.0830619 1.324604 1
4595529.1148 5437423.6313  34.5846 0.0406108 1.170525 3
4595529.1817 5437423.7438  31.6015 0.3099738 1.037861 0
4595529.1291 5437424.1244  31.4747 0.0740623 1.050925 1
4595529.2220 5437424.1854  27.8400 0.2123899 1.069592 0
4595529.1845 5437424.5360  27.3308 0.1365631 1.207717 0
4595529.1186 5437424.9489  27.4604 0.0723216 1.003320 0
4595528.7625 5437425.9856  34.4949 0.1460994 1.028658 1
4595529.2480 5437424.9417  22.8956 0.0406869 1.315057 3
4595529.4390 5437424.8093  16.8074 0.2052692 1.157917 0
4595529.1435 5437425.7150  22.4426 0.0809070 1.018284 1
4595529.3453 5437425.2878  17.5851 0.0709928 1.205747 3
4595529.0786 5437426.1288  22.4849 0.1488865 1.054255 1
4595529.1423 5437425.9950  20.9531 0.0242157 1.099480 3
4595529.0131 5437426.5444  22.5433 0.2251553 1.111031 0
4595529.8108 5437425.4712   0.0713 0.1134633 1.061483 3
4595529.7457 5437425.9005   0.0403 0.2289378 1.091842 3
4595529.6800 5437426.3317   0.0175 0.2901144 1.050217 3
4595529.5834 5437421.8126  32.8300 0.1526550 1.435854 1
4595529.3471 5437422.6169  36.9577 0.0537610 1.042148 1
4595529.4282 5437422.4293  35.0532 0.0623334 1.336006 2
4595529.3342 5437422.9016  35.8647 0.0612937 1.149256 1
4595529.5316 5437422.4481  31.2333 0.0527045 1.247330 2
4595529.5643 5437422.6329  29.0543 0.0808326 1.136141 2
4595529.0825 5437423.9877  39.1072 0.0903952 1.208844 1
4595529.3385 5437423.6685  31.5485 0.1871421 1.147155 0
4595529.2865 5437424.0473  31.4167 0.0473861 1.100079 1
4595529.4229 5437423.7423  28.0994 0.0774343 1.083213 2
4595529.3762 5437424.1115  27.8346 0.1303403 1.022064 1
4595529.4078 5437424.0414  27.0647 0.0660053 1.258911 2
4595529.4450 5437423.9589  26.1569 0.0248934 0.984413 3
4595529.3364 5437424.4665  27.3903 0.1079877 1.143496 0
4595529.2732 5437424.8735  27.4600 0.1231809 1.060088 1
4595529.5188 5437424.3365  21.4984 0.0383603 1.082196 3
4595528.9209 5437425.9078  34.4659 0.1132764 1.023711 1
4595529.4030 5437424.8613  22.8521 0.0452678 1.023762 3
4595529.5915 5437424.7292  16.7708 0.2077789 1.172670 0
4595529.2985 5437425.6342  22.4057 0.1215438 1.047735 1
4595529.5003 5437425.2029  17.5011 0.0527273 1.055422 3
4595529.2337 5437426.0475  22.4428 0.1268899 1.100406 0
4595529.1644 5437426.4705  22.5915 0.2156259 1.093380 0
4595529.9569 5437425.3888   0.0720 0.1504361 1.100490 3
4595529.8917 5437425.8185   0.0615 0.2753485 1.060761 3
4595529.8261 5437426.2487   0.0358 0.2381579 1.097706 3
4595529.4880 5437422.0963  36.8862 0.0695070 1.095903 1
4595529.4996 5437422.3220  35.2184 0.0782836 1.071978 1
4595529.3581 5437422.9068  37.1770 0.1294233 1.111286 1
4595529.1723 5437423.8443  38.8626 0.1221818 1.236406 1
4595529.3137 5437423.5188  35.4115 0.0431272 1.173412 2
4595529.3499 5437423.4354  34.5349 0.0307266 0.981171 3
4595529.5152 5437423.3160  29.1112 0.0367584 1.204314 1
4595529.6648 5437422.9740  25.5813 0.0871402 1.129748 2
4595529.7288 5437422.8277  24.0718 0.0418142 1.099060 3
4595529.3577 5437423.9359  31.5350 0.1117167 1.166367 1
4595529.5682 5437423.4580  26.3865 0.0238926 1.035370 3
4595529.4436 5437424.0041  28.0031 0.0245986 1.039648 1
4595529.5090 5437423.8568  26.3897 0.1473301 1.631585 3
4595529.3990 5437424.3691  27.6783 0.1335863 1.064514 0
4595529.3382 5437424.7707  27.7109 0.0230884 0.855717 1
4595529.3743 5437424.6906  26.8295 0.1028578 1.269376 2
4595529.6479 5437424.0827  20.0794 0.0577114 0.920213 3
4595529.4775 5437424.7311  22.8154 0.1345307 1.122089 1
4595529.5774 5437424.5110  20.3502 0.0683661 1.126915 2
4595529.7232 5437424.1894  16.7336 0.0268676 1.009500 3
4595529.6636 5437424.5959  16.7071 0.1840127 1.184124 0
4595529.3713 5437425.5071  22.4290 0.0369358 0.926790 1
4595529.5708 5437425.0738  17.4999 0.0702944 1.216227 3
4595529.3081 5437425.9173  22.4280 0.1635485 1.035350 0
4595529.2410 5437426.3365  22.5220 0.2314244 1.053300 0
4595530.0202 5437425.2525   0.0299 0.1427528 1.113497 3
4595529.8181 5437426.5557   0.1482 0.0880169 0.997107 3
4595529.8644 5437421.9039  32.9719 0.1429851 1.220043 0
4595529.5575 5437423.1311  37.2770 0.1490324 1.238658 0
4595529.5061 5437423.5043  37.0592 0.0594278 1.112328 1
4595529.7071 5437423.2974  30.8814 0.0501964 1.000772 1
4595529.7735 5437423.1448  29.3148 0.0935087 1.160218 3
4595529.4513 5437424.1411  35.6448 0.1215634 1.147841 0
4595529.4462 5437424.4111  34.3724 0.0414147 1.201462 1
4595529.5499 5437424.1760  31.8169 0.0944082 0.982987 2
4595529.7768 5437423.6617  26.3007 0.0429192 1.173809 3
4595529.4877 5437424.5772  31.9351 0.0669501 1.085104 1
4595529.8143 5437423.8423  23.9291 0.0559969 1.163886 3
4595529.5725 5437424.6504  28.3962 0.1503533 1.275368 0
4595529.5295 5437425.0116  27.9865 0.1287721 1.084421 0
4595529.4698 5437425.4106  27.9749 0.1394327 1.141935 1
4595529.6864 5437424.9340  22.6268 0.0271319 1.123268 3
4595529.6780 5437425.2242  21.3428 0.0972905 1.310093 1
4595529.7303 5437425.1099  20.0421 0.0201723 0.975634 3
4595529.5705 5437425.7305  22.4722 0.0534110 1.070803 1
4595529.6080 5437425.6492  21.5547 0.0892185 1.065720 3
4595529.5762 5437425.9924  20.7792 0.0516380 1.546715 3
4595529.4665 5437426.5032  21.9153 0.1679703 1.165996 0
4595530.2697 5437425.0801   0.3210 0.0474411 1.110261 3
4595530.2178 5437425.4818   0.0854 0.0940916 1.111023 3
4595530.1511 5437425.9147   0.0909 0.1946782 1.054356 3
4595529.9218 5437422.2916  37.0602 0.0445709 1.515330 1
4595529.7864 5437423.1130  37.3677 0.0344804 1.337839 1
4595530.1684 5437422.2201  28.4296 0.0866995 1.013134 2
4595530.2120 5437422.1184  27.4196 0.0512663 1.545010 3
4595529.7360 5437423.4829  37.1185 0.0625502 0.932053 1
4595529.7798 5437423.3813  36.0873 0.1570696 1.300737 3
4595530.0078 5437423.1103  29.2526 0.0480568 1.054856 1
4595530.2074 5437422.6503  24.5403 0.0905363 1.125732 3
4595529.6794 5437424.1222  35.6559 0.1660253 1.148514 0
4595529.6741 5437424.3918  34.3623 0.0528096 1.365026 1
4595529.7167 5437424.5544  31.8754 0.1939055 1.185065 0
4595529.7968 5437424.6360  28.4463 0.2497372 1.057192 0
4595529.7546 5437424.9951  28.0316 0.1547754 1.050373 1
4595529.9360 5437424.5915  23.5132 0.0298270 1.408610 3
4595529.7103 5437425.3591  27.6602 0.0675202 1.163002 1
4595529.8681 5437425.2807  22.2526 0.0252039 0.927360 1
4595529.9050 5437425.1997  21.3296 0.1372121 1.041313 3
4595529.7402 5437425.8305  23.8848 0.1244974 1.127532 1
4595529.8353 5437425.6238  21.5536 0.0327097 1.150380 3
4595529.6260 5437426.3490  25.1392 0.0920360 1.034684 1
4595529.7478 5437426.0863  22.1430 0.1092596 1.084941 3
4595529.6990 5437426.4654  21.7758 0.0726432 1.095648 3
4595529.7457 5437426.6420  19.0464 0.0434086 1.191004 2
4595529.8535 5437426.4129  16.3660 0.0383560 1.379059 3
4595530.3716 5437425.8934   0.1885 0.0832535 1.011233 3
4595530.3089 5437426.3172   0.0826 0.0462623 1.011977 3
4595529.9717 5437422.1086  37.2723 0.1132425 1.212959 1
4595530.2223 5437422.0115  28.4537 0.0425086 1.087754 1
4595529.7925 5437423.2848  37.1738 0.0917691 1.020807 1
4595530.0607 5437422.9066  29.2886 0.0513532 1.119648 1
4595530.2711 5437422.4122  24.2628 0.0681819 1.438008 3
4595529.7380 5437423.9176  35.5950 0.1182970 1.106349 1
4595529.9242 5437423.4832  31.0732 0.0479807 1.033249 3
4595529.6729 5437424.3231  35.7585 0.1142106 1.250288 0
4595529.7690 5437424.3571  31.9145 0.1991342 1.055067 0
4595529.8540 5437424.4220  28.3104 0.1737945 1.137523 1
4595529.9115 5437424.2907  26.8842 0.0380880 1.315735 3
4595529.8087 5437424.7877  27.9664 0.2235461 1.026553 1
4595529.9622 5437424.4395  24.0952 0.0598215 0.996102 3
4595529.7525 5437425.1781  27.8975 0.0951166 1.102520 1
4595529.9809 5437424.6637  22.1166 0.0889188 1.678542 3
4595529.9187 5437425.0714  22.1947 0.0619311 1.015930 1
4595529.9522 5437424.9965  21.3426 0.0206967 0.994524 2
4595530.0242 5437424.8356  19.5087 0.0266404 1.138607 3
4595529.6753 5437426.1485  25.2078 0.1264614 1.055346 1
4595529.7981 5437425.8780  22.1429 0.0898444 1.227660 2
4595529.8698 5437425.7201  20.3531 0.0393256 1.226727 3
4595529.7460 5437426.2638  21.8597 0.1370010 1.052117 0
4595529.7891 5437426.4440  19.1747 0.0210366 0.961524 3
4595529.8384 5437426.6141  16.3192 0.0572242 1.408013 3
4595530.4133 5437425.6675   0.1041 0.0809393 1.044955 3
4595530.3491 5437426.0945   0.0406 0.0601572 1.117126 3
4595530.2808 5437426.5308   0.0727 0.1113152 1.041190 3
4595530.1561 5437422.2448  37.2959 0.1143014 1.107686 1
4595529.9617 5437423.4564  37.5468 0.0715027 1.317859 1
4595530.3527 5437422.5296  28.1795 0.0735510 1.104103 3
4595529.9665 5437423.6966  35.9609 0.0410433 1.177147 1
4595530.2399 5437423.0528  29.3818 0.0298440 1.314962 3
4595530.1051 5437423.6251  31.1248 0.2552439 1.041881 0
4595529.8494 5437424.4767  35.8859 0.1585897 1.167928 0
4595529.9470 5437424.5067  31.9717 0.1192978 1.027733 0
4595530.0332 5437424.5681  28.3238 0.0461088 1.104463 2
4595530.2175 5437424.1461  23.7546 0.0570748 1.260826 3
4595529.9638 5437424.9879  28.6149 0.1565577 1.171909 1
4595530.0313 5437424.8345  26.8994 0.0525792 1.090511 3
4595529.9260 5437425.3362  28.0920 0.1160422 1.102592 1
4595530.0427 5437425.0730  25.1237 0.0354634 0.958534 2
4595530.1314 5437424.8729  22.8574 0.0405523 1.179742 3
4595530.0901 5437425.2331  22.4146 0.1294648 1.056708 1
4595530.1271 5437425.1503  21.4677 0.0255842 1.216356 3
4595529.9760 5437425.7556  23.7592 0.1359048 1.056979 0
4595529.8618 5437426.2770  25.0393 0.0877386 1.078918 1
4595529.9801 5437426.0160  22.0710 0.1377357 1.045992 3
4595529.9338 5437426.3890  21.6371 0.0435847 1.133877 2
4595530.0427 5437426.1506  18.8939 0.0696556 1.065379 3
4595530.0757 5437426.3545  16.4410 0.0374788 1.085929 3
4595530.6537 5437425.3875  -0.0278 0.0545406 1.058825 3
4595530.5223 5437426.2484   0.0546 0.0749859 1.059353 3
4595530.2377 5437423.3878  37.7067 0.0292971 1.109969 1
4595530.6214 5437422.4769  28.4940 0.1710809 1.069044 3
4595530.2274 5437423.6633  36.4633 0.2334062 1.124409 0
4595530.4506 5437423.3930  29.6201 0.2008348 1.099998 0
4595530.1322 5437424.3912  35.7554 0.0263919 1.182899 1
4595530.1850 5437424.2685  34.4678 0.0968304 1.039965 2
4595530.0602 5437424.8129  36.1144 0.1896644 1.062741 0
4595530.1629 5437424.8330  32.0734 0.0393712 1.092964 1
4595530.5718 5437423.8954  21.9543 0.1333820 1.224847 3
4595530.1072 5437425.2188  32.0423 0.0735771 1.155070 1
4595530.3117 5437424.7533  26.8270 0.0359811 1.148277 3
4595530.1799 5437425.3154  28.7320 0.1365904 1.080487 0
4595530.1331 5437425.6841  28.3986 0.0401931 1.245752 1
4595530.3109 5437425.2854  23.9069 0.0575595 1.087490 3
4595530.2563 5437425.6744  23.7678 0.1251141 1.067791 1
4595530.3122 5437425.5500  22.3727 0.0455577 1.359786 3
4595530.2050 5437426.0569  23.4696 0.0331258 1.250905 1
4595530.2576 5437425.9407  22.1514 0.1562467 1.074096 3
4595530.0728 5437426.6172  25.2070 0.0449329 1.324107 1
4595530.8675 5437425.7343  -0.0778 0.0990988 1.043970 3
4595530.7347 5437426.5982   0.0751 0.1623888 1.059401 3
4595530.3253 5437423.4175  37.8958 0.1200892 1.142387 1
4595530.7124 5437422.4884  28.4716 0.0422367 1.349630 3
4595530.3230 5437423.6716  36.4368 0.2167493 1.469377 1
4595530.8564 5437422.3999  23.4191 0.0370319 1.035089 3
4595530.5418 5437423.4045  29.6113 0.1562156 1.095410 0
4595530.2225 5437424.4115  35.8102 0.0305950 1.112230 1
4595530.4131 5437423.9631  31.1525 0.1093567 1.108851 3
4595530.1497 5437424.8343  36.2022 0.1431932 1.076988 0
4595530.5099 5437424.5142  23.9729 0.0334568 1.028587 3
4595530.2635 5437425.3410  28.8920 0.1200908 1.059355 0
4595530.2237 5437425.6931  28.3752 0.0290410 1.096586 1
4595530.3707 5437425.3596  24.6299 0.0505977 1.110421 2
4595530.3982 5437425.2970  23.9132 0.0896091 1.328683 3
4595530.3443 5437425.6839  23.7529 0.1463828 1.006722 1
4595530.3913 5437425.5781  22.5663 0.0807968 1.974852 3
4595530.3457 5437425.9485  22.1128 0.1590384 1.058760 0
4595530.1682 5437426.6114  25.0131 0.0591493 1.312002 1
4595530.2468 5437426.4371  23.0133 0.0343630 1.058163 2
4595530.2939 5437426.3327  21.8152 0.1021341 1.156773 3
4595530.9436 5437425.7442  -0.1120 0.0389769 0.957991 3
4595530.8797 5437426.1704  -0.0660 0.0386354 1.137968 3
4595530.4410 5437423.6812  36.4169 0.2068626 1.166939 0
4595530.6548 5437423.4195  29.6063 0.2323801 1.083258 0
4595530.5244 5437423.9838  31.2209 0.1428419 1.049375 0
4595530.2676 5437424.8438  36.1476 0.1739598 1.085704 0
4595530.7856 5437423.8827  21.4941 0.2460033 1.271990 0
4595530.2969 5437425.2819  32.4597 0.0844782 1.211427 0
4595530.3760 5437425.3559  28.9155 0.1677793 1.142953 0
4595530.3400 5437425.6985  28.2938 0.0620213 1.000336 1
4595530.4926 5437425.3487  24.3596 0.0710658 2.111084 3
4595530.4564 5437425.6952  23.7292 0.1899582 1.057892 0
4595530.4540 5437425.9658  22.1735 0.1427565 1.087723 0
4595530.2870 5437426.6078  24.8345 0.1217398 1.204652 1
4595530.4067 5437426.3395  21.7568 0.0577138 1.555383 3
4595530.9802 5437426.1854  -0.0655 0.0628509 1.250359 3
4595530.9118 5437426.6210   0.0660 0.0843374 1.024746 3
4595530.6701 5437424.1459  31.1941 0.1378275 1.094814 0
4595530.4063 5437425.0247  36.4608 0.0214636 0.931993 1
4595530.4410 5437424.9424  35.5508 0.0314638 1.114229 2
4595530.7995 5437424.0938  26.3391 0.1173232 1.118628 3
4595530.9337 5437424.0364  21.3293 0.0443549 1.121544 1
4595530.4380 5437425.4554  32.7032 0.1521424 1.148956 0
4595530.5151 5437425.5332  29.1635 0.1495142 1.125251 0
4595530.4804 5437425.8726  28.4660 0.1716664 1.073358 0
4595530.5880 5437425.8878  24.0457 0.0565467 0.924492 1
4595530.6442 5437425.7595  22.5624 0.2879492 1.970286 3
4595530.5678 5437426.1982  22.9620 0.1131459 0.967340 0
4595530.5075 5437426.6004  22.9020 0.0792909 1.201726 2
4595530.5527 5437426.4989  21.7242 0.0356308 1.388014 3
4595531.2562 5437425.4820  -0.5318 0.0530638 1.085056 3
4595530.7473 5437423.9753  36.4634 0.0336599 1.002954 1
4595530.8371 5437424.2585  30.9951 0.0849319 1.113081 1
4595531.1562 5437423.7538  21.3864 0.0411772 1.317928 3
4595530.9760 5437424.4392  24.2022 0.1704247 1.099463 1
4595531.0911 5437424.1677  21.3155 0.0340819 1.135098 3
4595530.6022 5437425.5751  32.6264 0.0973138 1.018855 1
4595530.8455 5437425.0050  26.0942 0.0203388 0.874168 2
4595530.8865 5437424.9089  24.9987 0.0429795 1.845288 3
4595530.8296 5437425.3017  24.9809 0.1138723 1.211091 0
4595530.6397 5437426.0022  28.4797 0.1624279 1.053593 0
4595530.7898 5437425.9186  22.8970 0.1597760 1.009990 1
4595530.8262 5437425.8351  21.9213 0.0393002 2.500071 3
4595530.7163 5437426.3505  23.2531 0.1723948 1.197311 0
4595530.6967 5437426.6607  22.1342 0.0290977 1.133438 3
4595531.4752 5437425.1853  -0.6179 0.0524191 1.142936 3
4595531.4080 5437425.6191  -0.4892 0.1368933 1.031936 3
4595530.9176 5437423.6945  36.5905 0.1101325 1.309970 1
4595531.1333 5437423.4132  29.5936 0.1109055 1.108272 1
4595530.9562 5437424.3446  30.7161 0.1046711 1.316136 1
4595531.1300 5437423.9254  26.3530 0.0625036 1.107038 3
4595531.1399 5437424.1565  24.4163 0.0865415 1.098727 1
4595531.2615 5437423.8653  21.3613 0.0785032 1.099829 3
4595531.0767 5437424.5646  24.3416 0.1265800 1.037521 1
4595531.1958 5437424.2813  21.2926 0.0648001 1.216431 3
4595530.8466 5437425.3658  28.9659 0.0407666 0.974247 1
4595530.9385 5437425.4075  24.9109 0.1377246 1.262067 0
4595530.7492 5437426.1079  28.4413 0.1201054 1.058857 0
4595530.8660 5437426.0977  23.7018 0.0380997 0.972845 1
4595530.8926 5437426.0362  22.9818 0.1283862 1.148522 3
4595530.7476 5437426.6319  25.2545 0.0615279 1.182096 1
4595530.8208 5437426.4642  23.3132 0.1355987 1.125154 3
4595531.5020 5437425.7403  -0.3870 0.0686020 1.162456 3
4595531.3741 5437423.8643  28.8181 0.0429247 1.043038 1
4595531.2182 5437424.4917  31.0394 0.2338443 1.175963 0
4595531.3591 5437424.6654  24.1926 0.1614258 1.045388 0
4595531.2506 5437425.1795  25.4861 0.2053163 1.136409 0
4595531.0551 5437425.8955  29.2236 0.1622271 1.118073 1
4595531.2431 5437425.4563  24.0953 0.0448356 1.238981 3
4595531.0202 5437426.2349  28.6215 0.0938029 1.090007 1
4595531.1830 5437425.8574  24.1961 0.0638887 1.343421 3
4595531.1023 5437426.3057  24.8442 0.1317062 1.136431 0
4595531.1055 5437426.5613  23.1760 0.0988429 1.244109 3
4595531.4582 5437424.8174  31.0762 0.1707419 1.159339 0
4595531.8922 5437424.0420  18.3739 0.0466762 1.133347 1
4595531.5263 5437425.1654  26.1201 0.0803823 1.111973 1
4595531.6078 5437424.9737  23.9808 0.1349495 1.382904 2
4595531.6535 5437424.8660  22.7791 0.0315458 1.140815 2
4595531.6934 5437424.7723  21.7331 0.0355312 0.998869 2
4595531.4685 5437425.5589  26.0727 0.0398184 0.889893 1
4595531.5831 5437425.2913  23.0156 0.1905031 1.504886 2
4595531.6259 5437425.1911  21.8853 0.0113043 0.649875 3
4595531.2870 5437426.2395  29.5618 0.1008632 1.135836 0
4595531.4195 5437426.1927  24.4251 0.0805975 0.977462 1
4595531.3550 5437426.6031  24.6298 0.1123249 0.954596 1
4595531.3886 5437426.5264  23.7417 0.1735177 1.160789 3
4595531.8242 5437423.9301  26.1660 0.1004796 1.043558 1
4595531.5649 5437424.8091  31.1010 0.1596853 1.108877 0
4595531.9998 5437424.0179  18.2562 0.0466286 1.003786 1
4595531.6331 5437425.1507  26.0817 0.1153858 1.132315 1
4595531.7074 5437424.9738  24.1099 0.1307422 1.135192 2
4595531.6778 5437425.3014  23.2608 0.3890154 1.671773 0
4595531.5181 5437426.1940  24.5644 0.0244917 1.137174 1
4595531.5647 5437426.0855  23.2568 0.1497818 1.127782 3
4595531.4605 5437426.5872  24.5995 0.0599722 1.009405 2
4595531.4953 5437426.5068  23.6685 0.1102190 1.226170 3
4595532.2163 5437425.3935   0.2205 0.0367310 1.163215 3
4595531.9726 5437423.5549  29.3516 0.0474978 1.026276 1
4595531.9779 5437424.0415  25.7556 0.1181271 1.127359 1
4595531.7047 5437424.9574  31.1412 0.1262907 1.097159 0
4595531.9796 5437424.5456  22.2092 0.0921331 1.242931 1
4595532.0238 5437424.4393  21.0650 0.0542167 1.260155 2
4595531.7694 5437425.3053  26.1777 0.2632580 1.456254 1
4595531.8849 5437425.0292  23.0901 0.0448911 1.054492 3
4595531.7640 5437425.5739  24.7131 0.0233385 1.114051 1
4595531.8168 5437425.4485  23.2625 0.2477924 1.073125 2
4595531.8863 5437425.2836  21.3969 0.0369354 1.065788 3
4595531.7710 5437425.8152  22.9766 0.1795765 1.077900 1
4595531.7053 5437426.2287  23.2724 0.1623116 1.073686 0
4595531.6378 5437426.6465  23.5677 0.0161418 0.802835 2
4595531.6621 5437426.5900  22.9023 0.0567731 1.307472 3
4595532.4175 5437425.1118   0.1269 0.0433375 1.152107 3
4595532.1949 5437423.6954  29.2313 0.1963469 1.114938 1
4595532.4161 5437423.4007  21.9609 0.1659495 1.069358 0
4595532.3546 5437423.8054  21.7386 0.1378804 1.042563 0
4595532.2806 5437424.2404  21.8091 0.1519973 1.418076 0
4595532.0219 5437425.1192  26.9175 0.0301030 1.027279 1
4595532.1957 5437424.7009  22.2769 0.1465066 1.026799 2
4595532.0004 5437425.4246  25.8568 0.0208525 0.971580 1
4595532.0789 5437425.2370  23.7520 0.1188479 1.061281 2
4595532.0380 5437425.5909  23.2374 0.1623565 1.044261 1
4595532.1160 5437425.4058  21.0995 0.0975433 1.649397 3
4595531.9867 5437426.2306  21.5468 0.1705882 1.049540 1
4595532.0199 5437426.1529  20.6092 0.0771202 1.157747 3
4595531.9399 5437426.6013  21.2636 0.0276725 1.202600 3
4595532.5637 5437425.7045   0.3613 0.0914904 1.080749 3
4595532.4981 5437426.1325   0.5025 0.0658171 1.128503 3
4595532.3607 5437423.6489  29.3576 0.0922630 1.022816 1
4595532.5894 5437423.3293  21.8331 0.0998020 1.144933 1
4595532.5321 5437423.7227  21.5311 0.0628654 1.234404 1
4595532.4633 5437424.1452  21.4442 0.1641683 1.310065 0
4595532.3635 5437424.6424  22.2492 0.2603259 1.076148 0
4595532.2791 5437425.1006  22.8589 0.0486006 0.964110 1
4595532.3177 5437425.0077  21.8184 0.0580051 1.259084 2
4595532.3450 5437424.9417  21.0804 0.0504833 1.147932 3
4595532.2041 5437425.5362  23.2315 0.2201333 1.130175 1
4595532.2916 5437425.3268  20.8475 0.0447499 1.655083 3
4595532.1577 5437425.9037  22.9563 0.1737330 1.088465 1
4595532.2584 5437425.6644  20.1197 0.0321574 1.009071 3
4595532.1551 5437426.1680  21.4431 0.1640406 1.096904 2
4595532.1875 5437426.0917  20.5267 0.0742566 1.156885 3
4595532.0619 5437426.6462  22.4619 0.0377740 1.171070 1
4595532.0892 5437426.5824  21.7027 0.0612806 1.069117 2
4595532.3877 5437425.8835  13.2383 0.0736730 1.039810 3
4595532.7932 5437425.2086   0.3044 0.0807995 1.372504 3
4595532.7261 5437425.6395   0.3555 0.1307939 1.096264 3
4595532.6364 5437424.1131  20.4561 0.0690842 1.304305 1
4595532.4986 5437424.7051  22.2178 0.1585672 1.032459 0
4595532.3274 5437425.3748  25.1946 0.0406944 1.162015 1
4595532.4210 5437425.1473  22.6457 0.0753772 1.076089 2
4595532.5306 5437424.8813  19.6791 0.0614094 1.058561 3
4595532.3404 5437425.5972  23.1938 0.0939328 1.153186 1
4595532.4193 5437425.4068  21.0009 0.1117207 1.860100 2
4595532.2944 5437425.9631  22.8975 0.0807452 0.987381 1
4595532.4042 5437425.7004  19.7844 0.0464931 1.555562 3
4595532.2235 5437426.3889  23.3178 0.0438575 1.074960 1
4595532.2555 5437426.3128  22.4022 0.0647823 1.086893 2
4595532.2940 5437426.2213  21.3023 0.1358609 1.132294 3
4595532.2241 5437426.6455  21.6546 0.0319411 0.971119 3
4595532.7783 5437424.4453  21.9774 0.1146494 1.072628 1
4595532.6941 5437424.9046  22.5076 0.1102639 1.055773 1
4595532.7665 5437424.7276  20.5758 0.1340245 1.147330 3
4595532.5475 5437425.7684  23.1557 0.0954011 1.080679 1
4595532.6407 5437425.5438  20.5624 0.1271114 1.085901 3
4595532.5469 5437426.0258  21.5571 0.1461340 1.240648 1
4595532.7024 5437425.6537  17.2054 0.0168206 1.044069 3
4595532.6319 5437426.0814  17.5257 0.0407936 1.598629 3
4595532.8038 5437425.7430  21.5450 0.0870522 1.300020 3
4595532.8023 5437425.2272  22.8758 0.0732586 1.338653 1
4595532.7219 5437425.5697  20.8165 0.1362810 1.270735 3
4595532.7775 5437424.9017  22.1382 0.1258410 1.074636 1
4595532.7287 5437425.1083  20.8744 0.0563393 1.225161 3
4595532.7255 5437424.6896  20.6953 0.1936248 1.013681 0
4595532.7525 5437424.1435  21.4818 0.0290190 0.996874 1
4595532.4921 5437426.0072  21.7028 0.1431095 1.085701 0
4595532.5448 5437425.3462  22.7950 0.0213127 0.979392 1
4595532.4310 5437425.8356  19.9901 0.0664454 1.325566 3
4595532.5269 5437424.9903  22.2380 0.0319328 0.968423 1
4595532.4851 5437425.1690  21.1576 0.1146251 1.486057 3
4595532.5182 5437424.5933  21.9169 0.0619318 0.904126 1
4595532.4943 5437424.6947  21.2978 0.1175170 1.302288 3
4595532.4980 5437424.2449  21.4503 0.1278424 1.102938 3
4595532.1163 5437426.1941  23.0773 0.0579737 1.196695 1
4595532.0489 5437426.4868  21.4868 0.1111127 1.392847 2
4595532.1997 5437425.3994  24.8383 0.1004685 1.052032 1
4595532.1726 5437425.5163  24.1545 0.0450891 1.706921 2
4595532.1348 5437425.6794  23.2570 0.1573050 1.089254 2
4595532.0626 5437425.9907  21.5479 0.0345574 1.097385 3
4595532.1213 5437425.3038  22.7572 0.1596348 1.285148 1
4595532.0878 5437425.4472  21.9052 0.0181870 0.721409 2
4595532.0597 5437425.5680  21.2154 0.1066136 1.249440 2
4595531.9643 5437425.9769  18.9582 0.0458391 1.418105 3
4595532.3638 5437423.8363  29.2324 0.0885754 1.056501 1
4595531.9616 5437425.5490  18.6262 0.0379387 1.245822 3
4595531.8703 5437425.4962  16.1949 0.3330877 1.206171 0
4595532.1056 5437424.0649  22.3365 0.1448065 1.077590 0
4595531.9125 5437425.9613  25.8327 0.1048842 0.987261 1
4595531.8055 5437426.4295  23.3107 0.0837738 1.117920 3
4595531.9173 5437425.5076  25.6796 0.1167282 1.207018 1
4595531.8098 5437425.9747  23.1389 0.0939951 1.037007 3
4595531.8620 5437425.3142  24.1827 0.0218166 0.956395 1
4595531.8094 5437425.5415  22.8558 0.4013530 1.322901 3
4595531.9311 5437424.5850  25.8670 0.0900994 1.058030 1
4595531.7149 5437425.5129  20.3448 0.1261973 1.653385 3
4595531.5739 5437426.5814  23.6268 0.1517904 1.078649 1
4595531.6928 5437425.6213  26.2011 0.0654292 1.087504 1
4595531.5721 5437426.1521  23.3415 0.1206771 1.007734 3
4595531.6543 5437425.3563  25.0803 0.0487495 1.037551 1
4595531.6214 5437425.5000  24.2321 0.0864182 1.384907 2
4595531.5381 5437425.8638  22.2585 0.0455065 1.851972 3
4595531.6146 5437425.0948  23.9845 0.0974028 1.394339 1
4595531.5641 5437425.3141  22.6817 0.0530780 1.094830 2
4595531.4937 5437425.6197  20.9257 0.1468614 1.173836 3
4595531.8137 5437423.7996  29.3864 0.1608117 1.192914 1
4595531.6971 5437424.3028  26.1301 0.0238561 1.014285 3
4595531.5107 5437424.6686  21.1580 0.1721039 1.177394 0
4595531.4274 5437424.5861  18.9337 0.1182976 1.049003 0
4595531.4996 5437423.8402  21.0074 0.0483475 1.119896 3
4595531.3670 5437426.3829  29.7030 0.0843636 1.085085 1
4595531.3544 5437426.0075  29.1626 0.1019672 1.040914 0
4595531.1826 5437426.3311  24.7980 0.1701685 1.015044 1
4595531.1306 5437426.5605  23.5016 0.0732527 1.278772 3
4595531.4459 5437424.7420  31.1403 0.2312279 1.032919 0
4595531.2360 5437425.2253  25.7421 0.1773583 1.114125 0
4595531.1744 5437425.0560  24.0912 0.0228679 0.891527 1
4595531.1462 5437425.1779  23.3857 0.1010208 1.056337 2
4595531.1162 5437425.3076  22.6375 0.0239155 1.076751 3
4595531.3769 5437423.7482  29.4857 0.1289550 1.084252 0
4595531.0766 5437424.5977  21.4056 0.0686498 1.092574 1
4595531.0351 5437424.7748  20.3665 0.0678667 1.201885 3
4595531.1142 5437423.9988  22.4802 0.0510820 0.905914 1
4595531.0721 5437424.1769  21.3309 0.1806210 1.022301 3
4595531.3372 5437422.6218  28.5322 0.1312150 1.141429 3
4595530.8967 5437426.1265  28.5655 0.0766068 1.073912 1
4595530.9192 5437425.5953  28.9868 0.0521555 1.194944 1
4595530.6762 5437426.6625  22.8644 0.0736731 1.569763 3
4595530.7264 5437426.0034  24.0705 0.0555396 0.978837 1
4595530.6811 5437426.2010  22.9231 0.0960633 1.176363 2
4595530.6255 5437426.4437  21.5003 0.0469533 1.423574 3
4595531.0051 5437424.3569  30.9056 0.0950644 1.445983 1
4595530.7778 5437425.3426  25.2337 0.0753857 1.173591 3
4595530.9294 5437424.2530  28.9398 0.0646967 1.075295 1
4595530.7497 5437425.0271  24.3826 0.0301847 1.074286 2
4595530.6753 5437425.3475  22.5776 0.0399973 1.197280 3
4595530.9489 5437423.7382  29.5563 0.1207182 1.055837 0
4595530.5653 5437424.9369  19.5371 0.0389338 1.056327 3
4595530.7358 5437423.7753  23.9375 0.0350815 1.295366 1
4595530.6653 5437424.0734  22.0309 0.0713156 1.089483 2
4595530.6020 5437424.3405  20.3271 0.0372707 1.498730 3
4595530.9118 5437422.5995  28.5926 0.0400216 1.108417 3
4595530.4650 5437424.0298  16.7587 0.0838901 1.046555 3
4595530.7193 5437422.5312  23.4788 0.0753227 1.138805 3
4595529.8271 5437425.3008   0.1172 0.0598498 1.001181 3
4595529.8416 5437422.0100  -0.1221 0.0741261 1.025946 3
4595530.7026 5437426.4199  28.6324 0.1121899 1.154817 1
4595530.7330 5437425.8487  29.3287 0.1621734 1.071808 0
4595530.5566 5437426.1983  24.7225 0.0896816 1.066704 1
4595530.4919 5437426.4855  23.0254 0.0708210 1.088387 3
4595530.8142 5437424.6234  31.0731 0.0646495 1.174488 1
4595530.6342 5437425.4169  26.6427 0.0560912 1.488997 3
4595530.7370 5437424.0979  29.0619 0.0372820 1.130950 1
4595530.5111 5437425.0805  23.2711 0.1185551 1.819705 3
4595530.7508 5437423.6041  29.5238 0.1526401 1.128094 0
4595530.5534 5437424.0199  24.2048 0.0619307 1.035637 1
4595530.4604 5437424.4194  21.6701 0.0366888 1.071265 2
