    X-Koord.     Y-Koord. Z-Koord.      Int.   Pulsb. W
4595533.4961 5437422.5610  -0.3674 0.0845771 1.772140 3
4595533.6932 5437422.0968   1.3529 0.1664840 1.549985 3
4595533.6080 5437420.4698  -0.2410 0.1312918 1.022581 3
4595532.4637 5437422.5868  -0.1589 0.2038419 1.059038 3
4595532.5031 5437422.1113  -0.0112 0.0888564 1.209526 3
4595532.5218 5437421.5501  -0.1177 0.3783801 1.043642 3
4595532.6592 5437420.1974   0.3857 0.1064962 1.098017 3
4595534.9603 5437421.1332  24.0247 0.0527358 1.343269 0
4595535.5555 5437420.0669  29.7478 0.1957071 1.061990 0
4595531.6565 5437422.6042  -0.1420 0.0668624 1.110040 3
4595531.6869 5437422.0911  -0.1160 0.1674391 1.109941 3
4595531.7200 5437421.5883  -0.0618 0.2251783 1.046562 3
4595531.7517 5437421.0792  -0.1033 0.1051008 1.012897 3
4595532.1774 5437420.2604   3.5640 0.0609372 1.083710 3
4595532.6466 5437420.2924   8.3148 0.1710581 1.073080 3
4595534.2051 5437421.8837  24.5015 0.0540139 1.098281 3
4595534.8980 5437421.2244  31.1809 0.2276846 1.148397 0
4595535.1191 5437420.9833  33.3805 0.1260710 1.077102 1
4595530.9490 5437421.7844  -0.0426 0.0660122 1.056697 3
4595532.3580 5437420.5668  13.1909 0.0605581 1.007477 1
4595532.2448 5437420.0971  11.6519 0.1399653 1.140021 2
4595532.4092 5437420.1533  13.3569 0.3877877 1.359226 0
4595532.6264 5437420.4366  15.7691 0.0277736 0.826549 1
4595532.5582 5437420.1506  14.8412 0.3588564 1.229643 3
4595532.6935 5437420.0943  16.1236 0.5817939 1.135101 0
4595532.8767 5437420.2444  18.0637 0.1455523 1.008062 1
4595533.4972 5437421.6430  24.8703 0.1037747 1.258585 1
4595533.4170 5437421.3011  23.9381 0.1003236 1.399760 3
4595533.7824 5437422.2506  27.9968 0.0360518 0.982481 1
4595533.6908 5437421.8581  26.8785 0.1510865 1.072178 3
4595533.8334 5437421.8603  28.2714 0.0643384 1.082781 1
4595533.7124 5437421.3401  26.8347 0.0666839 1.073256 3
4595533.7596 5437420.9297  27.1652 0.0536756 1.103556 3
4595533.9791 5437421.2696  29.4219 0.1627234 1.112829 0
4595534.3084 5437421.4859  32.6855 0.0724416 1.964368 1
4595534.2407 5437421.1898  31.9656 0.0595713 1.364023 3
4595534.3763 5437421.1768  33.2933 0.1027166 1.096355 0
4595534.4971 5437421.1027  34.4668 0.0595595 1.108458 1
4595534.5442 5437420.7029  34.8815 0.0339826 0.994237 1
4595534.4463 5437420.2686  33.7594 0.0302899 0.900756 2
4595531.8052 5437420.3323  16.9601 0.1123720 1.057084 1
4595532.1101 5437420.3628  20.0193 0.0495706 0.984323 1
4595532.6259 5437421.9094  25.9856 0.1801284 1.103101 0
4595532.8843 5437422.3887  28.7067 0.1671378 1.101787 0
4595532.7130 5437421.0549  26.3804 0.1237848 1.524702 1
4595532.5963 5437420.5605  24.9874 0.0228813 0.789151 3
4595532.7586 5437420.6366  26.6064 0.0542236 1.035164 1
4595532.6303 5437420.0907  24.9240 0.0388672 1.197761 2
4595533.1409 5437421.0496  30.5033 0.1007744 1.175164 1
4595533.2810 5437421.0458  31.8527 0.0965764 1.271845 1
4595533.2072 5437420.7274  31.0052 0.0727974 1.420060 3
4595533.2787 5437420.4266  31.5386 0.1167576 1.048503 1
4595533.4726 5437420.0526  33.0845 0.0614479 0.985536 1
4595533.7443 5437420.6351  36.2102 0.1600776 1.491520 0
4595531.7040 5437422.0184  25.1301 0.0904654 1.205654 1
4595531.4456 5437420.9499  21.9276 0.0651295 1.044881 3
4595531.7542 5437421.6157  25.4009 0.1469330 1.162436 1
4595531.6835 5437421.3222  24.5298 0.0363879 1.098617 3
4595532.0671 5437422.3112  28.7723 0.0683616 1.138915 1
4595531.9407 5437421.7838  27.2845 0.0828771 1.136670 3
4595532.1179 5437421.9165  29.0576 0.1741556 1.094027 0
4595532.1110 5437421.2804  28.6387 0.1888713 1.102278 0
4595532.5672 5437422.5996  33.7103 0.1392633 1.112443 0
4595532.5851 5437422.0738  33.6196 0.2704432 1.065570 0
4595532.6101 5437421.5787  33.6094 0.2192381 1.058027 0
4595532.6328 5437421.0709  33.5575 0.0383201 0.964000 1
4595532.7755 5437421.0793  34.9241 0.0436557 1.056641 1
4595532.5417 5437420.0737  32.0000 0.0568033 1.265741 3
4595532.8114 5437420.6305  35.0445 0.1580647 1.062707 0
4595532.8069 5437420.0066  34.4971 0.1200601 1.189384 0
4595533.1263 5437420.1897  37.7408 0.0225049 0.891682 1
4595530.9634 5437422.1576  24.3028 0.1283039 1.143507 3
4595531.2262 5437422.6273  27.1082 0.0257630 0.876524 2
4595531.0758 5437422.0090  25.3168 0.0617977 2.558733 3
4595531.3721 5437422.6228  28.5228 0.1091006 1.184452 1
4595531.1410 5437421.6683  25.7698 0.0383481 1.152912 3
4595531.4549 5437422.3600  29.1922 0.1241744 1.156627 0
4595531.2903 5437420.4573  26.2565 0.2049854 1.150977 0
4595531.5789 5437420.4509  29.1326 0.1350077 1.054483 0
4595531.9083 5437420.6307  32.4913 0.1635712 1.063669 0
4595532.3627 5437421.3666  37.3583 0.1024416 1.119442 1
4595532.2084 5437420.7041  35.4670 0.0611343 1.715803 3
4595532.4543 5437420.5588  37.7823 0.1765238 1.024863 0
4595532.4957 5437420.1357  37.8348 0.2287338 1.078299 0
4595530.1708 5437420.6030  23.3190 0.0782886 1.103942 1
4595530.4643 5437421.1982  26.9467 0.1606148 1.632185 0
4595530.6164 5437421.2174  28.4630 0.1166688 1.033186 0
4595530.4921 5437420.0945  26.0759 0.0787985 0.978480 1
4595531.0695 5437421.8894  33.3312 0.1045161 1.203322 1
4595531.0774 5437420.7168  32.5007 0.0597660 1.059072 1
4595530.9311 5437420.1013  30.4687 0.0578905 0.903402 3
4595531.3305 5437420.5781  34.8926 0.0396562 0.997333 1
4595531.5251 5437420.2016  36.4913 0.1507991 1.078468 0
4595529.5097 5437421.4939  26.1980 0.1645179 1.193103 0
4595529.7741 5437421.3582  28.7308 0.2195421 1.068761 0
4595529.8158 5437420.9241  28.6995 0.0508992 1.221447 3
4595530.1216 5437421.5772  32.4367 0.0233389 0.887090 1
4595530.4116 5437420.3762  34.1342 0.1261906 1.223192 1
4595530.5818 5437420.4885  35.9309 0.1251113 1.074985 0
4595528.7353 5437420.6639  23.9507 0.0895594 1.321078 3
4595528.9320 5437420.8503  25.9009 0.1081503 1.109220 3
4595529.4960 5437421.3299  31.5613 0.0712966 1.092603 1
4595529.7626 5437421.2240  34.1265 0.1826328 1.181663 0
4595529.8552 5437421.0080  34.8306 0.1318600 1.169262 1
4595530.0270 5437421.1233  36.6758 0.1605307 1.109933 1
4595529.9574 5437420.8330  35.6715 0.0769975 1.262072 3
4595527.8897 5437420.6860  22.4495 0.0662520 1.367817 3
4595528.1134 5437420.9680  24.7278 0.0437132 1.307852 3
4595528.5727 5437420.9961  29.0206 0.0962943 1.298934 3
4595528.9349 5437421.2633  32.5669 0.0486167 1.378098 3
4595529.1116 5437421.3873  34.3134 0.0296093 0.923047 3
4595529.2394 5437421.3124  35.4297 0.1515638 1.443079 0
4595529.3751 5437421.2752  36.6502 0.1816126 1.081090 0
4595528.2765 5437420.9141  34.2032 0.0641321 1.181322 3
4595528.3560 5437420.0395  34.5209 0.0294142 1.015626 1
4595528.1048 5437421.0337  39.0711 0.1466317 1.702722 0
4595528.1185 5437420.4950  38.8326 0.1427376 1.309558 0
4595527.5422 5437420.3484  39.1360 0.0471248 1.177994 1
4595527.4595 5437420.0092  38.1821 0.1032172 1.148373 3
4595527.4595 5437420.2958  -0.2552 0.1212156 1.022865 3
4595527.1780 5437420.1177  22.3584 0.0472489 1.243089 3
4595527.8769 5437420.8724  -0.2377 0.0637881 1.182319 3
4595527.1970 5437420.2512  35.8966 0.1769554 1.089470 0
4595527.3806 5437420.0475  37.0143 0.0950329 1.316054 1
4595527.4509 5437420.7285  32.0571 0.0900506 1.166650 3
4595527.5758 5437420.0109  39.2668 0.0853144 0.951095 0
4595527.5750 5437420.2835  38.0900 0.1682388 1.059601 1
4595527.6204 5437420.1900  37.2057 0.0614799 1.215043 2
4595527.6376 5437420.0868  38.1198 0.1626729 1.122288 1
4595527.7272 5437420.1698  35.1342 0.0261318 0.893050 3
4595528.7777 5437421.2427  -0.2991 0.0502610 1.056210 3
4595527.7048 5437420.0030  38.1921 0.1515374 1.066227 0
4595527.4880 5437420.7275  41.3177 0.0309000 0.981236 1
4595527.8024 5437420.0647  35.0216 0.1069775 1.163423 3
4595527.8941 5437420.1852  38.9797 0.0956852 1.008314 1
4595527.8870 5437420.4679  37.8707 0.0891468 1.064634 1
4595527.9353 5437420.3660  36.9127 0.0709347 1.232254 3
4595527.8314 5437420.8529  37.8055 0.1026532 0.978579 2
4595527.8711 5437420.7697  36.9943 0.0694310 1.678102 3
4595528.0295 5437420.2292  38.9256 0.1278759 1.055176 1
4595528.0924 5437420.0949  37.6848 0.0549175 1.146777 3
4595528.0928 5437420.0737  37.6528 0.1821361 1.196147 0
4595528.1969 5437420.0095  38.8965 0.2321155 1.264807 0
4595528.0293 5437420.8997  39.7996 0.0265042 1.099674 1
4595528.0690 5437420.8139  38.9664 0.1216336 1.081734 2
4595528.3630 5437420.0267  38.5823 0.0910773 1.170660 1
4595528.1890 5437420.9314  39.6104 0.1080996 1.075520 1
4595528.2461 5437420.8072  38.4034 0.1158304 1.208705 3
4595528.3530 5437420.3968  38.7469 0.1533404 1.430734 0
4595528.3115 5437420.7488  38.3504 0.1268925 1.106747 3
4595528.6888 5437420.1859  29.0967 0.0479249 1.066857 3
4595528.4471 5437420.5226  39.8552 0.1826937 1.108805 0
4595528.4049 5437420.8760  39.5196 0.1008430 1.254511 1
4595528.7809 5437420.0426  31.5610 0.0279006 1.047588 3
4595528.9981 5437420.0597  31.4252 0.0559328 1.057981 1
4595528.6817 5437421.0240  36.9014 0.0499414 1.062762 1
4595528.7246 5437420.7554  39.5393 0.0683868 0.985216 1
4595528.7921 5437420.8623  36.7892 0.0646856 0.991474 1
4595528.8131 5437421.3390  33.7966 0.0258198 0.989955 3
4595528.8274 5437420.8369  36.7514 0.0782925 1.088980 1
4595528.8495 5437421.3073  33.6947 0.0558984 1.054092 3
4595528.9501 5437420.9615  36.3892 0.0905471 1.252673 1
4595528.9975 5437420.8533  35.3057 0.0723750 1.344948 3
4595530.0996 5437420.5973  -0.5879 0.1232320 1.070942 3
4595528.9813 5437421.2447  38.2972 0.0602823 1.082892 1
4595529.0535 5437421.0790  36.6375 0.0656968 1.144521 3
4595529.1186 5437421.1877  33.8506 0.0507633 1.207335 3
4595529.0788 5437421.5370  33.4758 0.0995511 0.962554 3
4595529.0356 5437421.1752  38.2245 0.0473939 1.391226 1
4595529.1084 5437421.0055  36.5245 0.0797160 1.116621 3
4595529.0028 5437421.5047  37.6890 0.0368419 1.174876 2
4595529.1713 5437421.1147  33.7546 0.0616046 1.169146 3
4595529.1280 5437421.4717  33.4629 0.0764164 1.150600 2
4595529.2458 5437421.2007  30.6939 0.0436054 1.095971 3
4595529.2380 5437420.8498  36.4864 0.0589117 0.959929 1
4595529.2871 5437420.7339  35.3190 0.1582517 1.080036 3
4595529.0582 5437421.5245  39.4275 0.1184087 1.121536 0
4595529.3692 5437421.0532  30.7593 0.1905333 1.089670 0
4595529.3071 5437421.4557  30.9262 0.0354363 1.131114 3
4595529.4147 5437420.8975  38.3281 0.1530823 1.027753 0
4595529.4430 5437421.0817  36.3798 0.0269873 1.123331 1
4595529.5471 5437420.8366  33.9267 0.1314016 1.083849 3
4595529.6306 5437420.8965  30.6956 0.2469819 1.024116 1
4595529.7170 5437420.6943  28.6871 0.0268644 1.240226 3
4595529.6664 5437421.0709  28.5618 0.1539188 1.110231 0
4595529.6872 5437421.2833  26.7624 0.0340052 1.360615 3
4595529.5743 5437420.8246  38.3061 0.1231994 1.100251 0
4595529.6000 5437421.0134  36.4291 0.0269563 0.978625 1
4595529.7042 5437420.7659  33.9996 0.1354365 1.039915 3
4595529.7878 5437420.8220  30.7461 0.1641625 1.073439 1
4595529.8765 5437420.6128  28.6701 0.0235706 1.069422 3
4595529.8244 5437420.9923  28.5779 0.2246938 1.059378 0
4595529.5834 5437421.8126  32.8300 0.1526550 1.435854 1
4595529.8441 5437421.2052  26.7910 0.0440212 1.465489 3
4595529.7677 5437421.6436  27.2086 0.0767186 1.059410 3
4595529.6474 5437420.7175  38.4824 0.0229426 1.008175 1
4595529.7763 5437420.4051  35.5141 0.1491393 1.081058 3
4595529.6778 5437420.8921  36.4737 0.0839425 1.041216 1
4595529.7713 5437420.6667  34.2670 0.0416203 1.904883 3
4595529.6235 5437421.2720  36.4514 0.0511079 1.144469 1
4595529.8638 5437420.6966  30.7654 0.0969967 1.192441 3
4595529.9022 5437420.8602  28.5243 0.0802541 1.033316 1
4595530.0261 5437420.5653  25.5759 0.0579581 1.087764 3
4595529.6511 5437421.7107  33.1000 0.1026155 1.070503 3
4595529.8458 5437421.5087  27.1826 0.0848756 1.148939 3
4595530.0251 5437420.2647  35.9792 0.1592559 1.909614 0
4595529.9458 5437420.7051  36.4454 0.1400774 1.197666 0
4595530.1241 5437420.5245  30.9149 0.2099916 1.066311 0
4595530.0780 5437420.8887  30.6868 0.0570601 1.224595 1
4595530.2658 5437420.4396  26.2299 0.0434230 1.117993 3
4595529.9471 5437421.4544  32.4787 0.0454297 1.340842 1
4595530.1106 5437421.0659  28.5790 0.1139495 1.030215 3
4595529.8644 5437421.9039  32.9719 0.1429851 1.220043 0
4595529.9923 5437421.8593  28.5740 0.1570713 1.052151 0
4595530.2244 5437420.3226  36.7753 0.1402890 1.109129 0
4595530.2736 5437420.4501  34.2659 0.1123657 1.543089 1
4595530.4154 5437420.1056  30.9494 0.0640476 1.081586 3
4595530.3538 5437420.5060  31.0298 0.1790160 1.065981 0
4595530.4953 5437420.4186  26.3300 0.1673986 1.056904 0
4595530.3427 5437421.0390  28.6297 0.1525819 1.074714 0
4595530.0981 5437421.8739  32.9864 0.0787697 1.083433 2
4595530.3418 5437421.2968  27.3082 0.0396270 1.214461 3
4595530.2276 5437421.8238  28.5410 0.1015251 1.043502 1
4595530.4047 5437421.4072  24.4354 0.0626148 1.074485 3
4595530.2120 5437422.1184  27.4196 0.0512663 1.545010 3
4595531.1098 5437421.1272  -0.0844 0.0470850 1.017890 3
4595530.2851 5437420.1114  36.7019 0.0476659 0.983567 1
4595530.3242 5437420.0141  35.7755 0.0749751 1.347961 3
4595530.2267 5437420.5009  36.6806 0.1143478 1.153432 1
4595530.3230 5437420.2627  34.4216 0.0586586 1.095190 3
4595530.4082 5437420.3002  31.0127 0.2397342 1.060176 0
4595530.5489 5437420.2060  26.2462 0.1638302 1.049302 0
4595530.3926 5437420.8401  28.6552 0.1686630 1.042158 1
4595530.4874 5437420.6098  26.3498 0.0326025 1.246287 3
4595530.1528 5437421.6716  33.0469 0.0336185 1.141495 3
4595530.2784 5437421.6226  28.6415 0.0370149 1.044774 1
4595530.4514 5437421.2081  24.4796 0.0704193 1.093485 2
4595530.2223 5437422.0115  28.4537 0.0425086 1.087754 1
4595530.2652 5437421.9093  27.4487 0.0972699 1.077806 3
4595530.4606 5437420.2698  36.9529 0.1422807 1.064087 1
4595530.5043 5437420.1607  35.9011 0.0369647 1.377931 3
4595530.4971 5437420.4238  34.7205 0.1244472 1.072351 0
4595530.5994 5437420.4182  30.8842 0.0754829 1.111403 1
4595530.7323 5437420.3427  26.2783 0.1749950 1.073558 0
4595530.5836 5437420.9580  28.5336 0.1046942 1.007579 1
4595530.6660 5437420.7576  26.5020 0.0976777 0.990254 3
4595530.3306 5437421.8229  33.2159 0.0504807 1.097615 3
4595530.6066 5437421.4110  25.1924 0.0820044 1.015942 1
4595530.6327 5437421.3481  24.5382 0.0596384 1.077913 3
4595530.4445 5437422.0550  27.5392 0.1609865 1.056072 1
4595531.0172 5437420.2505  26.2234 0.2405607 1.030493 0
4595531.0350 5437420.4605  24.3799 0.0523398 0.972627 1
4595531.0741 5437420.3653  23.4326 0.1348253 1.077230 2
4595530.6119 5437421.7409  33.2596 0.1237408 1.146340 0
4595530.5559 5437422.1264  33.0898 0.0651479 1.152331 1
4595530.8758 5437421.3570  25.4324 0.0568442 1.053069 2
4595530.9048 5437421.2871  24.7133 0.0344494 1.499768 3
4595530.6775 5437422.0881  28.6805 0.0512604 1.011773 1
4595530.7264 5437421.9713  27.5159 0.1050459 1.044214 3
4595530.8654 5437420.3740  34.9355 0.0575079 1.057217 1
4595531.0402 5437420.1823  29.2958 0.0854832 1.137422 1
4595531.1118 5437420.2531  26.1390 0.2298156 1.061553 0
4595531.1227 5437420.4780  24.4362 0.0236757 0.856918 1
4595531.1688 5437420.3645  23.3074 0.0778159 1.078942 3
4595530.7021 5437421.7608  33.3117 0.1913152 1.083869 0
4595530.9023 5437421.5226  26.9908 0.0441976 1.097951 1
4595530.9664 5437421.3667  25.3970 0.0546626 1.372139 2
4595530.9961 5437421.2945  24.6569 0.0407231 1.027136 3
4595530.7716 5437422.0929  28.5880 0.0250330 1.070880 1
4595530.8193 5437421.9776  27.4380 0.0910953 1.129549 2
4595530.9373 5437421.6924  24.5945 0.0444764 1.410588 3
4595530.8564 5437422.3999  23.4191 0.0370319 1.035089 3
4595530.9771 5437420.3988  35.0886 0.0381462 1.039114 1
4595531.1022 5437420.0820  32.0282 0.0277604 0.889345 2
4595531.0286 5437420.5120  32.4196 0.0492181 1.038241 1
4595531.1550 5437420.1940  29.3186 0.0942222 1.137645 3
4595531.2226 5437420.2717  26.2224 0.3022473 1.075358 0
4595531.2364 5437420.4868  24.4349 0.0674757 1.093138 1
4595531.2797 5437420.3794  23.3672 0.0915936 1.051645 2
4595531.3376 5437420.2353  21.9368 0.0661063 1.256934 2
4595530.8177 5437421.7737  33.2997 0.1750889 1.071855 0
4595530.7676 5437422.1441  32.9781 0.0682823 1.084417 1
4595531.0741 5437421.3917  25.5135 0.0391487 1.198501 2
4595531.1054 5437421.3150  24.7296 0.0447141 0.995276 3
4595530.8818 5437422.1140  28.6596 0.0557852 0.936192 1
4595530.9332 5437421.9886  27.4095 0.0882302 1.067621 3
4595531.1323 5437420.5381  35.0267 0.0288489 1.012132 1
4595531.1679 5437420.6908  32.7205 0.1614760 1.089042 0
4595531.3605 5437420.4515  26.5256 0.0321207 0.969633 1
4595531.3761 5437420.6617  24.6547 0.1584109 1.124114 1
4595531.4867 5437420.3857  21.9255 0.0295882 1.052820 3
4595530.9645 5437421.9340  33.3185 0.1777784 1.098521 0
4595531.2092 5437421.5774  25.8034 0.1690180 1.045952 0
4595531.0203 5437422.2929  28.8480 0.1076418 1.509834 0
4595532.0308 5437420.0866   2.0612 0.0777827 1.607785 3
4595531.7838 5437422.0379  -0.0118 0.4925778 1.075359 3
4595531.3565 5437420.0260  36.4278 0.1231631 1.057935 1
4595531.3727 5437420.2230  34.6172 0.1034003 1.167466 1
4595531.3934 5437420.4115  32.6800 0.1162925 1.065947 0
4595531.2317 5437421.0646  35.2216 0.0895061 1.119319 1
4595531.3274 5437420.8218  32.8501 0.0273702 1.096066 3
4595531.5194 5437420.5811  26.6395 0.0873585 0.941293 1
4595531.5659 5437420.4639  25.4822 0.0441293 1.195927 3
4595531.1862 5437421.6645  33.4059 0.0703658 1.077310 1
4595531.4971 5437420.8856  25.6846 0.0963160 0.996202 2
4595531.5346 5437420.7917  24.7502 0.0321176 1.487613 3
4595531.3017 5437421.6223  29.0334 0.1280627 1.114358 1
4595531.4406 5437421.2766  25.5784 0.0605059 1.346982 3
4595531.2306 5437422.0477  29.2067 0.0707242 1.090485 1
4595531.3888 5437421.6563  25.3200 0.0529784 1.033711 3
4595531.1954 5437422.3842  28.5008 0.1658538 1.079161 0
4595532.2387 5437420.0875   0.7467 0.3405894 1.208278 0
4595532.2040 5437420.4419   0.0312 0.2897121 1.069576 3
4595531.5792 5437420.0864  32.3299 0.1250446 1.178026 0
4595531.4042 5437420.7775  35.2319 0.0998952 1.116081 1
4595531.5020 5437420.5260  32.8175 0.0647410 1.084743 3
4595531.3430 5437421.1734  35.2888 0.0671626 1.012873 1
4595531.4368 5437420.9339  32.9501 0.0479320 1.045033 2
4595531.6903 5437420.2860  26.6047 0.0443415 1.041287 3
4595531.6724 5437420.5783  25.5586 0.1173488 1.061671 1
4595531.7086 5437420.4864  24.6541 0.0240711 0.954087 3
4595531.3000 5437421.7659  33.3431 0.1470722 1.201449 0
4595531.4112 5437421.7314  29.0296 0.1043667 1.048410 1
4595531.3423 5437422.1506  29.1511 0.1063194 1.341558 0
4595531.3098 5437422.4797  28.3690 0.1442234 1.353996 1
4595532.3098 5437420.2689   1.4957 0.0244333 0.967106 2
4595532.3541 5437420.1600   0.3536 0.1157917 1.125958 3
4595532.3023 5437420.5559   0.0460 0.0936390 1.046596 3
4595532.2386 5437420.9804  -0.0455 0.4989035 1.061531 0
4595531.7064 5437420.3445  37.5962 0.0439371 0.979691 1
4595531.7491 5437420.4723  35.1006 0.1262253 1.129280 1
4595531.8509 5437420.2098  32.5483 0.0505869 1.011013 3
4595531.6888 5437420.8662  35.1158 0.0765438 0.928014 1
4595531.8849 5437420.3638  30.2471 0.0486738 1.238024 3
4595531.9688 5437420.3942  26.6615 0.1970741 1.015067 0
4595531.8402 5437420.9667  28.3410 0.0951046 1.052479 1
4595531.9521 5437420.6834  25.5588 0.0329864 0.993600 3
4595531.5807 5437421.8663  33.2729 0.1371190 1.069604 1
4595531.7569 5437421.4229  28.9034 0.0945599 1.162957 3
4595531.6787 5437421.8662  29.2752 0.1647589 1.266701 0
4595532.5037 5437420.0648   6.9611 0.2555703 1.856292 1
4595531.5931 5437422.5760  28.2393 0.1031377 1.165964 1
4595532.5913 5437420.3788   1.4986 0.0590968 0.936668 1
4595532.6444 5437420.2487   0.1205 0.4098241 1.045503 3
4595532.5828 5437420.6684   0.0403 0.7926399 1.038453 0
4595532.5183 5437421.0955  -0.0433 0.3499981 1.031264 3
4595532.3765 5437421.9803   0.0941 0.4895544 1.160163 0
4595531.9956 5437420.3086  38.0200 0.0638257 1.003917 1
4595532.0203 5437420.4819  35.9805 0.1027074 1.331878 1
4595532.1800 5437420.3111  30.5428 0.1503998 1.074706 0
4595532.2265 5437420.4364  27.9077 0.2672242 1.587945 1
4595532.3385 5437420.1513  25.0934 0.0620956 0.953369 3
4595532.1357 5437420.9116  28.6160 0.1876712 1.114010 0
4595532.1239 5437421.1877  27.3646 0.0286318 1.095309 1
4595532.3711 5437420.5658  21.2554 0.0652692 1.419619 3
4595531.9916 5437421.7666  29.0850 0.1223149 1.046580 1
4595532.1636 5437421.3366  24.8166 0.0361012 1.163396 3
4595532.7293 5437420.1821   9.0402 0.1311190 1.075687 1
4595531.9825 5437422.2872  26.1279 0.0702069 0.982497 1
4595532.9007 5437420.2872   1.4352 0.0425177 1.001836 1
4595532.9577 5437420.1475  -0.0424 0.4526630 1.040966 3
4595532.8926 5437420.5755  -0.0003 0.6738863 1.025906 0
4595532.8293 5437420.9988  -0.1401 0.4840194 1.045441 0
4595532.7594 5437421.4388  -0.1091 0.2146332 1.011520 3
4595532.6219 5437422.3124  -0.0873 0.3436434 1.064183 3
4595532.5568 5437422.7403  -0.1779 0.1143168 1.057576 3
4595532.1086 5437420.2997  38.0708 0.1404660 1.080295 0
4595532.1515 5437420.4227  35.5422 0.1008557 1.199130 1
4595532.2949 5437420.2882  30.4582 0.0380008 1.138634 1
4595532.3105 5437420.4894  28.5724 0.1312125 1.132150 0
4595532.2461 5437420.8974  28.6058 0.1320165 1.099897 1
4595532.3875 5437420.5355  25.0998 0.0418031 1.125116 3
4595532.1598 5437421.3604  29.1987 0.1426811 1.057828 0
4595532.1032 5437421.7481  29.0267 0.0942444 0.978782 1
4595532.2709 5437421.3241  24.8261 0.0874775 1.363758 3
4595532.0457 5437422.1385  28.8569 0.0338769 1.004781 1
4595532.1548 5437421.8647  26.1240 0.0634103 1.229578 2
4595532.7660 5437420.8480   7.3821 0.0228414 0.848210 1
4595533.0561 5437420.1288  -0.0798 0.6158088 1.135382 3
4595532.9907 5437420.5571  -0.0297 0.4322538 1.061745 0
4595532.9265 5437420.9823  -0.1651 0.3675418 1.046686 3
4595532.8555 5437421.4235  -0.1136 0.0854354 1.047872 3
4595532.7193 5437422.2933  -0.1385 0.3537556 1.066489 3
4595532.6519 5437422.7257  -0.1693 0.1825004 1.037910 3
4595532.3255 5437420.0126  37.7305 0.0999010 1.103145 1
4595532.2599 5437420.4183  37.9413 0.1099025 1.039270 1
4595532.3418 5437420.2028  35.8705 0.0319274 1.260914 3
4595532.2195 5437420.7583  37.4360 0.0872444 1.006833 0
4595532.1476 5437421.1806  37.6996 0.0311636 1.104368 1
4595532.5202 5437420.2114  28.3774 0.0683946 1.454265 2
4595532.4521 5437420.6294  28.5754 0.1774219 1.157384 0
4595532.1915 5437421.5417  33.5160 0.1106955 1.147408 1
4595532.3675 5437421.0894  29.1010 0.0339980 1.171389 3
4595532.3005 5437421.5033  29.2045 0.2182177 1.088642 0
4595532.2482 5437421.8805  28.9030 0.0333548 1.075702 1
4595532.3555 5437421.6082  26.2086 0.0708474 1.077708 2
4595532.4231 5437421.4364  24.5046 0.0336890 1.283994 3
4595532.9685 5437420.5669   7.3592 0.0692396 1.042230 1
4595533.1337 5437420.4157   1.4086 0.0571361 1.010032 1
4595533.1916 5437420.2715  -0.1198 0.3600796 1.059579 3
4595533.1247 5437420.7037  -0.0961 0.3792150 1.028882 3
4595533.0596 5437421.1317  -0.2206 0.7043225 1.045444 0
4595532.9420 5437421.6871   1.0369 0.0329784 0.972915 3
4595532.8561 5437422.4346  -0.2851 0.0542078 1.059511 3
4595532.5556 5437420.1337  37.5889 0.0453495 1.288811 1
4595532.5154 5437420.4726  37.1557 0.1599530 1.206529 0
4595532.5326 5437420.6618  35.2000 0.0837147 1.134851 1
4595532.6027 5437420.4785  33.4574 0.0321730 1.599330 2
4595532.7196 5437420.1725  30.4582 0.0402831 1.084210 2
4595532.7621 5437420.0613  29.3672 0.0326189 1.193668 3
4595532.4611 5437421.0847  35.4202 0.1362348 1.088153 0
4595532.3912 5437421.5027  35.6096 0.2075755 1.065289 0
4595532.3207 5437421.9222  35.7943 0.1005185 1.094489 0
4595532.3411 5437422.1084  33.7003 0.0833474 1.274273 1
4595532.5272 5437421.6332  29.0295 0.0530140 1.205441 3
4595532.4688 5437422.0255  28.8849 0.1007222 1.143616 1
4595532.5743 5437421.7577  26.2173 0.0321996 1.270491 3
4595533.2623 5437420.2694   7.0620 0.0766305 1.091764 1
4595533.1939 5437420.7009   7.1544 0.0636733 1.022790 1
4595533.1289 5437421.1235   7.0554 0.0340108 0.997637 1
4595533.4115 5437420.4198  -0.1367 0.5083279 1.204324 3
4595533.3453 5437420.8497  -0.2110 0.1204973 1.004735 3
4595532.9879 5437423.0646   0.1503 0.0519110 1.013074 3
4595532.6954 5437420.3987  36.9634 0.0308908 1.224859 1
4595532.7683 5437420.2055  35.0899 0.1591778 1.104393 3
4595532.7046 5437420.6075  35.2108 0.1361974 1.103223 1
4595532.6365 5437421.0214  35.3379 0.1194899 1.053305 1
4595532.7059 5437420.8394  33.6001 0.0272584 0.988772 3
4595532.5667 5437421.4390  35.5217 0.0734132 1.046102 1
4595532.6392 5437421.2500  33.6906 0.0336403 1.201554 2
4595532.4976 5437421.8543  35.6777 0.0363802 1.199735 1
4595532.5749 5437421.6542  33.7265 0.2011566 1.043135 3
4595532.5081 5437422.0647  33.8145 0.1673377 1.107818 0
4595532.4408 5437422.4763  33.9107 0.2320818 1.021077 1
4595532.6448 5437421.9544  28.7236 0.0322840 1.198539 3
4595533.4293 5437420.2025   7.0013 0.0971574 1.052238 1
4595533.4787 5437420.0769   5.6937 0.0457830 1.276048 2
4595533.3606 5437420.6343   7.1284 0.0355633 1.049017 1
4595533.5837 5437420.0706   1.2967 0.0281383 1.132491 2
4595533.5774 5437420.3489  -0.2072 0.3748314 1.122056 3
4595533.5108 5437420.7798  -0.2617 0.1977654 1.117196 3
4595533.4435 5437421.2129  -0.3629 0.0436510 1.126454 3
4595533.3026 5437421.8263   1.5045 0.1076994 1.295048 3
4595532.9029 5437420.0467  36.6926 0.0236156 1.235072 1
4595532.9127 5437420.2516  34.9562 0.0232183 1.039454 1
4595532.9565 5437420.1346  33.8203 0.1521538 1.090208 3
4595532.9045 5437420.5065  33.6731 0.0468231 1.251244 1
4595532.9592 5437420.3613  32.2529 0.0783825 1.061525 3
4595533.0547 5437420.5836  26.6740 0.2238153 1.035682 1
4595533.1013 5437420.4615  25.4905 0.0581874 1.660994 3
4595532.9695 5437421.0470  27.1769 0.1015141 1.055653 1
4595532.9975 5437420.9738  26.4669 0.0563219 1.245149 3
4595532.9364 5437421.3739  26.3709 0.1586141 1.201768 0
4595532.7748 5437422.0339  28.8683 0.1433783 1.033222 0
4595532.7202 5437422.4159  28.6271 0.0884615 0.994184 1
4595532.8281 5437422.1396  25.8441 0.0649711 1.075260 3
4595533.4928 5437420.6928   7.0465 0.0677575 1.181987 1
4595533.4315 5437421.1058   6.8250 0.1163712 1.092767 1
4595533.7061 5437420.4112  -0.2064 0.2800772 1.035847 3
4595533.5103 5437421.4295   1.1727 0.1164680 1.229112 2
4595533.5732 5437421.2726  -0.4493 0.0440982 1.372481 3
4595533.4074 5437421.9489   2.0899 0.0800738 1.005820 1
4595533.4331 5437421.8853   1.4117 0.0590194 0.942579 3
4595533.3657 5437422.3169   1.3992 0.0934582 1.635892 3
4595533.0799 5437420.0700  38.9606 0.0742212 1.015569 1
4595533.2489 5437420.3130  30.0942 0.1419171 1.079028 3
4595533.0357 5437421.1124  33.8945 0.1328356 1.108115 0
4595532.9693 5437421.5223  33.9555 0.2587132 1.081031 0
4595532.9062 5437421.9231  33.9642 0.1980708 1.061658 0
4595533.0018 5437422.1535  28.2451 0.1036400 1.119390 1
4595533.0099 5437422.3750  26.3831 0.0505872 1.096287 1
4595533.7053 5437420.8505   6.7303 0.0386623 0.909550 1
4595533.9782 5437420.1560  -0.2936 0.4287642 1.063233 3
4595533.6401 5437421.2735   6.5854 0.0741535 1.034279 1
4595533.9102 5437420.5905  -0.2866 0.2606614 1.024416 3
4595533.5891 5437421.6608   6.1177 0.0863982 1.069163 1
4595533.7167 5437421.6025   0.9830 0.0704867 1.398127 1
4595533.7451 5437421.5316   0.2315 0.0296535 0.670679 2
4595533.7753 5437421.4562  -0.5562 0.0766506 1.086619 3
4595533.6380 5437422.0629   1.2689 0.1911552 1.497056 0
4595533.3217 5437420.0744  37.9003 0.0299144 0.959749 1
4595533.5131 5437420.0218  29.9207 0.0666879 1.146692 3
4595533.5492 5437420.1608  27.4608 0.0315608 1.083824 3
4595533.3269 5437420.9870  31.5203 0.2456441 1.145284 1
4595533.2894 5437421.3219  30.8176 0.2103918 1.063160 0
4595533.0465 5437422.4304  33.8011 0.0766070 1.018765 1
4595533.2543 5437421.8904  28.4328 0.1429148 1.073416 3
4595533.1945 5437422.2855  28.3349 0.1788355 1.065280 0
4595534.1723 5437420.2788  -0.2767 0.5075625 1.044610 0
4595533.8411 5437421.3796   6.3553 0.0633478 1.417488 1
4595534.1054 5437420.7099  -0.3759 0.2955949 1.091490 3
4595533.7838 5437421.7826   6.0723 0.0668298 1.057524 1
4595534.0383 5437421.1421  -0.5444 0.4153773 1.089053 3
4595533.7117 5437422.2233   6.2058 0.0681044 1.086865 1
4595533.9173 5437421.7092   0.7504 0.1038677 1.871974 3
4595533.8189 5437422.2180   1.5707 0.0725445 1.640214 3
4595533.4585 5437420.0786  37.8002 0.0884278 0.990943 1
4595533.5638 5437420.2506  32.0361 0.0325883 1.349172 2
4595533.6419 5437420.0396  30.0033 0.0292678 0.999639 3
4595533.5832 5437420.4316  29.9871 0.2739471 1.027285 0
4595533.4607 5437420.9930  31.4285 0.2027076 1.092033 0
4595533.4177 5437421.3423  30.8482 0.1352426 1.626162 0
4595533.3620 5437421.7253  30.6290 0.1962688 1.137486 0
4595533.3836 5437421.9059  28.4157 0.2209088 1.046572 0
4595533.3251 5437422.2977  28.2806 0.1787171 1.046318 0
4595533.2639 5437422.6967  28.2278 0.1602878 1.090425 0
4595534.2936 5437420.2882  -0.2913 0.5062245 1.042585 0
4595533.9733 5437421.3682   6.0714 0.0289672 0.954180 1
4595534.0712 5437421.1179   3.5549 0.0244870 0.953837 2
4595534.2248 5437420.7250  -0.3727 0.4101841 1.158865 3
4595533.9048 5437421.7990   6.0806 0.0642720 1.015324 1
4595534.1581 5437421.1555  -0.5627 0.2620099 1.239975 3
4595533.6451 5437420.1406  36.8810 0.0641971 1.105251 1
4595533.6854 5437420.0301  35.8370 0.0427220 1.247666 2
4595533.6145 5437420.4514  36.1589 0.1364716 1.187921 1
4595533.6863 5437420.2556  34.2820 0.0253956 1.198543 3
4595533.6572 5437420.5641  33.4725 0.1117625 1.110966 0
4595533.7344 5437420.5873  29.8690 0.1618650 1.179991 0
4595533.6763 5437420.9771  29.6353 0.1122543 1.046294 1
4595533.7822 5437420.6935  26.9704 0.0602581 1.185461 3
4595533.5473 5437421.5566  31.2302 0.1457984 1.049747 1
4595533.7159 5437421.1076  26.9276 0.0508237 1.118910 3
4595533.4852 5437421.9566  31.2062 0.1506810 1.038947 1
4595533.5154 5437421.8765  30.4155 0.0337784 1.169721 3
4595533.4456 5437422.2964  30.5910 0.1309574 1.073554 1
4595533.5361 5437422.0582  28.2151 0.0238255 0.982542 3
4595533.6150 5437422.0910  24.4630 0.0263276 0.953515 1
4595533.6492 5437422.0014  23.5602 0.0358721 1.128887 2
4595534.2425 5437420.7020   6.4044 0.0574901 1.003246 1
4595534.5010 5437420.0297  -0.2734 0.2652309 1.333907 3
4595534.4304 5437420.4711  -0.2671 0.0355464 0.961678 3
4595534.1170 5437421.5355   5.8997 0.0465799 1.079357 1
4595534.3622 5437420.9061  -0.4341 0.3771397 1.096709 3
4595534.0438 5437421.9791   6.0785 0.0490143 1.045184 1
4595534.2291 5437421.5066   1.0873 0.0952387 1.060254 2
4595534.2948 5437421.3389  -0.6204 0.0903479 1.607617 3
4595533.9711 5437422.4211   6.2438 0.0278193 0.968456 1
4595534.1578 5437421.9481   1.2005 0.1014500 0.955641 2
4595534.1741 5437421.9067   0.7584 0.0127407 0.717881 2
4595534.2048 5437421.8289  -0.0721 0.1308427 2.034219 3
4595533.8414 5437420.6083  36.6575 0.1633383 1.104288 0
4595533.7941 5437420.9650  36.1729 0.0765266 1.121327 1
4595533.9866 5437420.4436  31.3652 0.0559453 1.085634 3
4595533.8409 5437421.0680  33.3345 0.1774211 1.080939 0
4595533.9272 5437421.0692  29.4675 0.1470990 1.055641 0
4595533.7996 5437421.6440  31.0261 0.0373601 1.108738 1
4595534.0236 5437421.0478  25.3157 0.1008354 1.690869 3
4595533.8503 5437421.7446  28.0518 0.0538150 1.100782 1
4595533.8941 5437421.6286  26.9009 0.0538015 1.467711 3
4595533.6797 5437422.4315  30.8655 0.0831863 1.217012 1
4595533.7950 5437422.1282  27.8352 0.0239485 1.060269 3
4595533.8615 5437422.1932  24.4027 0.1190333 1.057002 0
4595534.4462 5437421.1702   5.5187 0.0768129 1.866713 1
4595534.6648 5437420.6058  -0.0213 0.3091441 1.099403 3
4595534.5889 5437421.0595  -0.0135 0.1705839 1.112508 3
4595534.5037 5437421.5369   0.2367 0.0699310 1.126632 3
4595534.0320 5437420.5277  36.6557 0.1645072 1.091689 0
4595533.9808 5437420.8942  36.2490 0.1505208 1.071590 0
4595534.0279 5437420.9943  33.3751 0.2867424 1.076748 0
4595534.1155 5437420.9879  29.4620 0.0864545 1.094714 1
4595534.2782 5437420.5491  25.3918 0.0520636 1.210085 3
4595534.2132 5437420.9598  25.2533 0.1594361 1.173799 0
4595534.0315 5437421.6814  28.1701 0.0668594 1.063583 1
4595534.0813 5437421.5485  26.8529 0.0652856 1.244844 3
4595533.8706 5437422.3438  30.7512 0.0325346 1.230339 1
4595533.9819 5437422.0489  27.8075 0.0660607 1.150167 3
4595534.0494 5437422.1083  24.3260 0.0987825 1.112477 3
4595534.9234 5437420.0600  -0.1372 0.0563046 1.145249 3
4595534.6226 5437421.0998   5.7160 0.0729133 2.177763 1
4595534.8459 5437420.5188   0.0302 0.3424879 1.046603 3
4595534.7689 5437420.9755   0.0714 0.3246000 1.038479 3
4595534.6842 5437421.4517   0.3020 0.1195214 1.035005 3
4595534.1444 5437420.5280  36.5808 0.0336678 1.236626 1
4595534.2091 5437420.3487  34.9157 0.1680872 1.299386 3
4595534.0864 5437420.9133  36.3357 0.1957063 1.085414 0
4595534.1459 5437420.9763  33.1180 0.1811388 1.325750 0
4595534.0803 5437421.3842  33.0557 0.0299042 1.106439 1
4595534.1174 5437421.2831  32.1121 0.0933940 1.120924 3
4595534.1614 5437421.3942  29.2437 0.1838413 1.020279 1
4595534.3184 5437420.9683  25.2427 0.0455378 1.098300 3
4595534.1997 5437421.5239  26.5026 0.2018394 1.079146 0
4595534.2096 5437421.7327  24.5455 0.1524538 1.055512 0
4595534.1533 5437422.1207  24.3457 0.1886813 1.122130 0
4595535.0160 5437420.0754  -0.0542 0.0281327 0.829181 3
4595534.9410 5437420.5282   0.0508 0.3109295 1.037082 3
4595534.8637 5437420.9863   0.1089 0.1125728 1.103966 3
4595534.7797 5437421.4615   0.3351 0.3223080 1.081055 3
4595534.5744 5437420.0751  33.8154 0.1106844 1.108854 1
4595534.4639 5437420.6064  34.9404 0.1382001 1.025681 0
4595534.4524 5437420.8648  33.4991 0.0780110 1.066699 1
4595534.5364 5437420.6343  31.4151 0.1030865 1.040437 3
4595534.7863 5437420.1820  23.3512 0.1395393 1.100268 1
4595534.3296 5437421.6563  33.1843 0.1440322 1.324867 0
4595534.2630 5437422.0667  33.3032 0.0510453 1.043814 1
4595534.3011 5437421.9637  32.2875 0.0600794 1.202952 2
4595534.5844 5437421.1999  24.9127 0.0319965 1.125150 3
4595534.5216 5437421.6044  24.7350 0.0394693 1.007875 3
4595535.0576 5437420.9109   5.5219 0.0699379 1.049254 1
4595535.2657 5437420.3631   0.1234 0.3394366 1.088830 3
4595534.8275 5437420.1545  33.7695 0.1477387 1.070367 0
4595534.7162 5437420.6871  34.8917 0.1596380 1.077126 0
4595534.7832 5437420.7301  31.4984 0.2783439 1.028167 0
4595535.0411 5437420.2562  23.2411 0.2135642 1.159978 0
4595534.6014 5437421.6831  32.6076 0.1377855 1.107922 0
4595534.9201 5437420.1195  33.6772 0.0297187 1.049839 1
4595534.8049 5437420.6656  34.9223 0.1815980 1.049744 0
4595534.8745 5437420.6963  31.4283 0.1597725 1.037757 0
4595535.1272 5437420.2255  23.1970 0.1792269 1.130693 0
4595535.0575 5437420.5203  33.8138 0.2062290 1.085562 0
4595535.0130 5437421.0933  31.4304 0.0723310 1.072003 1
4595535.3465 5437420.1675  22.8594 0.0569131 1.096962 3
4595535.2817 5437420.5785  22.7840 0.0492706 1.155737 1
4595535.2854 5437420.5749  33.8318 0.1582204 1.015611 0
4595535.3741 5437420.5820  33.6921 0.0718195 1.086177 1
4595535.6955 5437420.2714   0.1599 0.2779043 1.182453 3
4595535.6309 5437420.4576   3.6398 0.0293373 1.029504 2
4595535.4114 5437420.4939   0.0898 0.2243636 1.046944 3
4595535.4121 5437420.0570  -0.0448 0.2299490 1.009139 3
4595535.3992 5437420.5696   0.1178 0.3794796 1.080011 0
4595535.3961 5437420.1419  -0.0660 0.4944002 1.079497 3
4595535.5947 5437420.3615   8.2460 0.0605174 0.931693 1
4595535.5323 5437420.0725   7.1044 0.0545048 1.975962 2
4595535.0999 5437421.0277   0.0894 0.1816691 1.039259 3
4595535.0999 5437420.5943   0.0396 0.3497350 1.048311 3
4595535.0983 5437420.1627  -0.1140 0.2406100 1.121695 3
4595535.5752 5437420.1285   8.8081 0.0541393 1.147196 1
4595535.0504 5437420.8740   0.1061 0.3824354 1.088803 0
4595535.0509 5437420.4398   0.0519 0.3138633 1.127926 3
4595535.0487 5437420.0107  -0.1352 0.3330842 1.055769 3
4595535.6916 5437420.3264  10.0925 0.0467181 1.027812 1
4595535.6250 5437420.0539   8.8502 0.0618783 1.361135 1
4595535.5146 5437420.3057   7.0465 0.0297707 1.149753 2
4595535.1056 5437420.3700   0.0447 0.3339861 1.096973 3
4595535.4298 5437420.1870   8.3742 0.0788234 1.076220 1
4595534.9581 5437421.2725   0.3954 0.1636114 1.015928 3
4595535.2973 5437420.0633   6.0377 0.0642898 2.542428 2
4595534.9483 5437420.8608   0.1843 0.0990341 1.243557 3
4595534.9353 5437420.0226  -0.2399 0.4261905 1.073300 0
4595535.1927 5437420.8026   8.0496 0.0513378 1.070187 1
4595534.8515 5437421.1694   2.1234 0.0481423 1.038743 2
4595534.7445 5437421.4177   0.2680 0.1458010 1.066645 3
4595534.7211 5437421.0388  -0.1696 0.1193290 1.275105 3
4595534.7280 5437420.5898  -0.0832 0.2443076 1.083546 3
4595534.7290 5437420.1545  -0.1927 0.3570469 1.248597 3
4595534.8638 5437421.1005  -0.0355 0.2216823 1.042220 3
4595534.8681 5437420.6566   0.0001 0.3415153 1.047088 0
4595534.8644 5437420.2305  -0.1747 0.2979142 1.071274 3
4595535.3016 5437420.6679   8.0869 0.0623611 1.022270 1
4595534.8719 5437421.2711   0.3960 0.3864335 1.080420 0
4595535.2120 5437420.0292   6.2785 0.0536850 1.357784 2
4595534.8621 5437420.8615   0.1784 0.0801780 1.164248 3
4595534.8559 5437420.4435   0.0113 0.3912083 1.029426 0
4595534.8529 5437420.0162  -0.1957 0.4020019 1.046568 3
4595534.9736 5437420.8385   5.8193 0.0613521 1.170966 1
4595534.6611 5437421.5962   0.2326 0.3159549 1.043506 3
4595534.6628 5437421.1587   0.1949 0.0364427 1.106107 2
4595534.6224 5437421.2560  -0.5353 0.0826004 1.100183 3
4595534.6334 5437420.7963  -0.3609 0.1724514 1.065422 3
4595534.6415 5437420.3424  -0.2846 0.2397090 1.164307 3
4595535.2509 5437420.3734   8.4453 0.0290035 0.930897 1
4595535.0879 5437420.3493   5.4213 0.0413304 1.286931 2
4595534.7894 5437421.0815   0.0041 0.0977714 1.289366 3
4595535.0029 5437420.1281   3.7689 0.0301489 1.256731 2
4595534.7858 5437420.2236  -0.2133 0.3023192 1.072734 3
4595535.3171 5437420.3279   8.3199 0.0937279 1.040709 1
4595535.2379 5437420.5270   6.8937 0.0377205 1.397568 2
4595535.0460 5437421.0094   3.3378 0.0486589 1.102076 2
4595534.8757 5437421.0050   0.1155 0.1335657 1.117820 3
4595534.8754 5437420.5729   0.0652 0.3138095 1.043929 3
4595534.8712 5437420.1508  -0.1478 0.3423933 1.074087 3
4595535.0774 5437420.9441   8.0101 0.0370195 0.962571 1
4595534.6657 5437421.5627   0.2564 0.3227640 1.075877 0
4595534.6305 5437421.2181  -0.4633 0.1537281 1.214960 3
4595534.6406 5437420.7593  -0.2972 0.1773092 1.092026 3
4595534.6479 5437420.3067  -0.2400 0.2915734 1.143461 3
4595534.6108 5437421.5800   0.1903 0.3299400 1.058670 0
4595534.5748 5437421.2383  -0.5598 0.3209150 1.049755 0
4595534.5869 5437420.7740  -0.3517 0.2470584 1.065527 3
4595534.5959 5437420.3179  -0.2561 0.3962247 1.065050 0
4595535.1348 5437421.0052   8.0156 0.0806103 1.073591 1
4595535.1452 5437420.5538   8.1586 0.0703164 1.084776 1
4595535.0202 5437420.8824   5.7462 0.0475312 1.590921 2
4595535.1828 5437420.0303   8.7184 0.0929909 1.340410 1
4595534.7242 5437421.2273  -0.0453 0.1383094 1.167229 3
4595534.7213 5437420.8019  -0.1354 0.3948368 1.067327 3
4595534.7215 5437420.3690  -0.2028 0.4032598 1.046626 0
4595534.7954 5437421.2430   3.3206 0.0325431 0.886725 1
4595535.0674 5437420.0935   8.5084 0.0526756 1.062951 1
4595534.9405 5437420.4289   6.1120 0.0570011 1.215129 2
4595534.8061 5437420.7841   3.4989 0.0319978 1.130567 2
4595534.6228 5437421.2685  -0.1115 0.1132797 1.738948 3
4595534.6132 5437420.8593  -0.3248 0.1426556 1.185055 3
4595534.6221 5437420.4014  -0.1998 0.3327122 1.077079 0
4595535.6684 5437420.0712  22.5412 0.0349731 0.929856 3
4595534.5359 5437421.4647   0.0642 0.0716397 1.363804 1
4595534.4915 5437421.5838  -0.7819 0.1457133 1.018252 3
4595534.7279 5437420.5196   3.8757 0.0452722 1.144055 2
4595534.5051 5437421.1139  -0.5671 0.3087258 1.074427 3
4595534.5174 5437420.6459  -0.3338 0.3100923 1.145601 3
4595534.5302 5437420.1777  -0.1924 0.3496970 1.052252 0
4595535.0715 5437420.3189   8.4961 0.0672247 1.097794 1
4595534.9496 5437420.6534   6.0801 0.0275021 0.877948 2
4595534.8199 5437421.0092   3.4531 0.0255545 0.894412 2
4595534.6484 5437421.4799  -0.0424 0.1160962 1.398137 3
4595534.6427 5437421.0630  -0.1824 0.1152554 1.620483 3
4595534.6415 5437420.6318  -0.2303 0.2830069 1.172800 3
4595534.6495 5437420.1762  -0.1849 0.2533267 1.056432 3
4595535.1123 5437420.9251   7.9868 0.0783284 1.021429 1
4595535.1276 5437420.4564   8.2446 0.0405979 1.059784 1
4595535.0102 5437420.7858   5.8392 0.0442226 1.328939 2
4595534.7279 5437421.1428  -0.0344 0.1532373 1.181684 3
4595534.7277 5437420.7097  -0.0637 0.2441104 1.063968 3
4595534.7260 5437420.2788  -0.1848 0.3927926 1.065810 3
4595535.0185 5437420.3682   8.4698 0.0404416 1.096954 1
4595534.6174 5437421.5060   0.1028 0.1927678 1.233865 3
4595534.5875 5437421.1561  -0.5406 0.3530597 1.059052 3
4595534.5983 5437420.6895  -0.3241 0.2728403 1.089071 3
4595534.6073 5437420.2288  -0.2261 0.5553887 1.046575 0
4595534.9825 5437420.2977   8.5204 0.0429770 1.034658 1
4595534.5748 5437421.4716  -0.1042 0.1169423 1.361768 3
4595534.8796 5437420.1653   6.2804 0.0557625 1.012110 1
4595534.5587 5437421.0829  -0.4581 0.2313635 1.346367 3
4595534.5677 5437420.6215  -0.2746 0.2186329 1.045214 3
4595534.5768 5437420.1611  -0.1906 0.2242892 1.101651 3
4595534.9030 5437420.9547   5.6942 0.0419808 1.167477 1
4595535.0414 5437420.1193   8.5610 0.1306636 1.027453 1
4595534.6378 5437421.3023  -0.0895 0.2006738 1.221333 3
4595534.6324 5437420.8833  -0.2175 0.1589700 1.024161 3
4595534.6338 5437420.4433  -0.2132 0.2954052 1.131249 3
4595535.8730 5437420.0505  29.9385 0.1445883 1.074567 0
4595534.5057 5437421.6885   0.1434 0.1398146 1.031436 1
4595534.4647 5437421.8112  -0.6926 0.0825471 1.113833 3
4595534.4705 5437421.3561  -0.7081 0.4254604 1.036224 0
4595534.4834 5437420.8811  -0.4242 0.2971317 1.060289 3
4595534.4904 5437420.4232  -0.2874 0.3376548 1.044073 3
4595534.6120 5437421.4786   5.8438 0.0733770 1.037621 1
4595534.3879 5437421.7253   0.9947 0.0698512 1.206225 1
4595534.3086 5437421.9653  -0.6351 0.1240058 1.137180 3
4595534.3132 5437421.5146  -0.7349 0.4205482 1.037985 0
4595534.6306 5437420.1321   6.1484 0.0662733 1.082482 1
4595534.3347 5437420.5780  -0.2940 0.2659396 1.112742 3
4595534.3451 5437420.1104  -0.2076 0.4143326 1.005257 3
4595535.7730 5437420.1905  29.8802 0.0977800 1.149749 1
4595534.4959 5437421.6996   1.0883 0.0208149 0.740522 1
4595534.4559 5437421.8234   0.2488 0.2299275 1.112687 3
4595534.8305 5437420.2357   8.5306 0.0675839 1.102422 1
4595534.7243 5437420.5622   6.1983 0.0391615 1.341570 2
4595534.4613 5437421.3706   0.2249 0.0255846 0.974437 2
4595534.4210 5437421.4946  -0.6788 0.1049413 1.104287 3
4595534.4312 5437421.0260  -0.4459 0.3426854 1.048993 0
4595534.4383 5437420.5672  -0.2828 0.2577988 1.021939 3
4595534.4487 5437420.0985  -0.1729 0.2786280 1.081229 3
4595534.6781 5437421.1743   5.1912 0.0348507 1.243322 1
4595534.5969 5437421.4309   3.3040 0.0469658 1.280534 2
4595534.4959 5437421.7495   1.0737 0.0852429 1.185564 2
4595534.4216 5437421.5457  -0.7056 0.3248420 1.065718 0
4595534.4300 5437421.0816  -0.5245 0.2824103 1.059482 0
4595534.4382 5437420.6167  -0.3237 0.3375361 1.194362 3
4595534.4495 5437420.1431  -0.1648 0.4288373 1.049069 3
4595535.2736 5437420.5376  23.2849 0.1330721 1.059131 1
4595534.5277 5437421.2623   5.9214 0.0431382 1.140356 1
4595534.4140 5437421.6260   3.3446 0.0389201 1.041761 3
4595534.5385 5437420.7956   6.1948 0.0585043 1.008883 1
4595534.2367 5437421.7544  -0.6686 0.2725979 1.068997 3
4595534.4292 5437420.7082   3.6674 0.0572606 1.180428 1
4595534.2447 5437421.2902  -0.5905 0.3850839 1.059388 3
4595534.4412 5437420.2356   3.8764 0.0392933 0.959550 2
4595534.2548 5437420.8196  -0.3616 0.2200497 1.062749 3
4595534.2618 5437420.3596  -0.2548 0.4708996 1.045355 0
4595535.5487 5437420.1327  29.8975 0.0889717 1.087322 3
4595535.2528 5437420.7192  23.0016 0.0739766 1.610434 1
4595534.5319 5437421.4142   5.8870 0.0621932 1.055517 1
4595534.5041 5437421.0713   5.2452 0.0479173 0.958242 1
4595534.4252 5437421.3278   3.3816 0.0343457 1.028346 2
4595534.3270 5437421.6466   1.1427 0.0790000 1.085582 2
4595534.2837 5437421.7874   0.1871 0.0300090 1.153569 2
4595534.2475 5437421.9050  -0.6115 0.1161183 1.009395 3
4595534.2525 5437421.4505  -0.6583 0.4568916 1.033369 0
4595534.5501 5437420.0583   6.2516 0.0359429 1.080128 1
4595534.4390 5437420.4140   3.7159 0.0481603 1.318317 2
4595534.2627 5437420.9786  -0.4180 0.2438843 1.073223 3
4595534.2698 5437420.5161  -0.2498 0.3984989 1.127591 3
4595534.2806 5437420.0434  -0.1569 0.3154838 1.051041 3
4595535.6321 5437420.0026  29.7844 0.0462225 1.326736 3
4595534.6452 5437421.2533   5.9806 0.0632762 1.071769 1
4595534.7509 5437420.4678   8.5740 0.0333659 1.034417 1
4595534.4025 5437421.6263   0.1521 0.0933251 1.157419 2
4595534.3660 5437421.7475  -0.6716 0.0880269 1.078840 3
4595534.6568 5437420.3472   6.2693 0.0458624 1.079114 1
4595534.5470 5437420.7100   3.6313 0.0278969 0.906632 2
4595534.3742 5437421.2806  -0.5639 0.3592240 1.087671 3
4595534.3833 5437420.8098  -0.3210 0.3946997 1.222330 3
4595534.3897 5437420.3483  -0.1960 0.4458747 1.067758 0
4595534.4956 5437420.8216   6.2217 0.0395359 1.051674 1
4595534.2459 5437421.6624   0.1967 0.0206719 0.640541 2
4595534.2090 5437421.7869  -0.6498 0.2368964 1.303990 3
4595534.2147 5437421.3263  -0.6081 0.3368499 1.057313 0
4595534.2239 5437420.8532  -0.3710 0.2622971 1.082918 3
4595534.2296 5437420.3924  -0.2557 0.3707915 1.032732 0
4595535.3747 5437420.5493  33.8815 0.1043502 1.199691 0
4595534.9690 5437421.1746  23.9009 0.1268572 1.135762 0
4595534.2317 5437421.6163   5.8594 0.0446990 0.930982 2
4595534.0330 5437422.2979   1.2728 0.0815004 1.336875 3
4595534.2430 5437421.1423   6.1107 0.0922901 1.033334 1
4595534.0277 5437421.8760   1.0027 0.0306228 1.016504 2
4595533.9970 5437421.9805   0.2936 0.0417462 1.276201 2
4595533.9616 5437422.1013  -0.5272 0.0973577 1.206512 3
4595533.9692 5437421.6342  -0.4954 0.0438157 1.231404 3
4595534.2563 5437420.2265   6.3829 0.0592348 1.492538 1
4595533.9720 5437421.1820  -0.4753 0.3448057 1.026047 3
4595533.9818 5437420.7078  -0.2417 0.2596063 1.338402 3
4595533.9891 5437420.2405  -0.1786 0.6095502 1.040275 0
4595534.2648 5437421.6058   6.0180 0.0607356 1.120208 1
4595534.1625 5437421.9650   3.6067 0.0274367 0.906542 2
4595534.2744 5437421.1362   6.2485 0.0381897 1.170787 1
4595534.1615 5437421.5298   3.4420 0.0305100 1.033656 2
4595534.0650 5437421.8662   1.1649 0.0559227 0.980969 2
4595533.9935 5437422.1151  -0.5238 0.0514572 1.176153 3
4595534.2450 5437420.8008   5.5465 0.0482898 1.223090 1
4595533.9989 5437421.6529  -0.5344 0.2606882 1.181679 3
4595534.2802 5437420.2416   6.3715 0.1178130 1.194465 1
4595534.0070 5437421.1804  -0.3741 0.1582740 1.132513 3
4595534.0112 5437420.7233  -0.2626 0.3495538 1.056804 3
4595534.0199 5437420.2490  -0.1418 0.6040955 1.062868 0
4595535.1979 5437420.6006  33.9687 0.2433150 1.022529 0
4595534.8146 5437421.1909  24.2360 0.1303697 1.186929 0
4595534.0934 5437421.2195   6.1059 0.0344616 1.123528 1
4595533.9043 5437421.8867   1.4929 0.0701228 1.081869 2
4595533.8782 5437421.9788   0.8680 0.0781103 2.229646 3
4595534.1158 5437420.2666   6.6248 0.1218244 1.113086 1
4595533.8314 5437421.2564  -0.4393 0.2657295 1.152272 3
4595533.8390 5437420.7852  -0.2503 0.4438179 1.077965 3
4595533.8460 5437420.3155  -0.1605 0.4798006 1.067211 3
4595534.8631 5437420.8558  35.0023 0.1685865 1.050991 0
4595534.7203 5437420.9778  31.3936 0.0367255 1.170362 1
4595534.8133 5437420.2209  33.7570 0.0341912 1.176670 1
4595534.4673 5437421.5015  24.9474 0.1187036 1.036788 3
4595534.4719 5437421.0645  25.1348 0.1683220 1.114086 0
4595533.7385 5437420.6916   6.8730 0.0731787 1.071772 1
4595533.5060 5437421.5064   1.1107 0.0649655 1.412346 3
4595533.4564 5437420.7888  -0.1642 0.4614600 1.047076 0
4595533.4625 5437420.3218  -0.1405 0.5333226 1.034630 0
4595534.7611 5437420.5400  33.9195 0.1712633 1.100325 1
4595534.6687 5437420.8908  31.5015 0.0311373 1.091411 3
4595534.4215 5437421.4097  25.1046 0.1754481 1.078405 0
4595534.4006 5437421.0677  24.6268 0.0721916 1.493290 3
4595534.5402 5437420.1282  28.2250 0.0306882 0.832508 2
4595534.3915 5437420.6811  24.4548 0.0564064 1.119161 3
4595533.6959 5437421.0762   6.7531 0.0474810 1.030966 1
4595533.4510 5437421.9566   0.6732 0.0916981 1.446649 2
4595533.4057 5437422.1194  -0.4338 0.1582369 1.083721 3
4595533.4174 5437421.1854  -0.2974 0.1015101 1.438414 3
4595533.4259 5437420.7102  -0.1164 0.5264243 1.050879 0
4595533.4347 5437420.2327  -0.0690 0.5182050 1.047361 0
4595534.7039 5437420.5851  33.9682 0.0438476 1.057875 1
4595534.6106 5437420.9467  31.4758 0.1743662 1.102337 3
4595534.3684 5437421.4642  25.1104 0.1716030 1.021490 0
4595534.3637 5437421.0613  25.0535 0.1957826 1.142838 0
4595533.3771 5437421.7073  -0.3369 0.2384367 1.080356 3
4595533.3880 5437420.7746  -0.1470 0.5978312 1.044318 0
4595533.3952 5437420.3019  -0.0962 0.6064179 1.025232 0
4595534.3540 5437421.6863  32.8923 0.2546801 1.950822 0
4595534.3428 5437421.3156  32.5897 0.0363918 1.057212 1
4595534.2092 5437421.8395  29.2078 0.1472705 1.074226 3
4595534.4316 5437420.5539  35.0307 0.1400582 1.213480 0
4595534.3872 5437420.3121  33.8632 0.0842805 1.081976 1
4595534.0392 5437421.6594  24.7966 0.0593506 2.219882 3
4595533.0722 5437420.9172  -0.1087 0.2531600 1.040332 3
4595533.0823 5437420.4308   0.0757 0.6925241 1.064748 0
4595534.2799 5437421.1275  36.6971 0.0684007 1.051375 1
4595534.1491 5437421.6495  33.2774 0.0948765 1.155698 3
4595534.1264 5437421.3242  32.6844 0.2758942 1.529793 0
4595534.2134 5437420.5660  35.0648 0.1577502 1.050239 0
4595533.8992 5437421.3813  26.7916 0.1293531 1.105588 0
4595534.0650 5437420.3161  31.1492 0.1308855 1.182396 0
4595533.8473 5437420.7379  25.4989 0.0554630 0.963861 3
4595532.8468 5437422.8013  -0.2264 0.2400163 1.048312 3
4595532.8604 5437421.4012  -0.0762 0.0739306 1.185877 3
4595532.8647 5437420.9359  -0.0214 0.1541662 1.022562 3
4595532.8735 5437420.4548   0.1340 0.5691500 1.041532 0
4595534.0656 5437421.8001  33.4736 0.1184418 1.046256 1
4595534.0538 5437421.4320  33.1138 0.0903834 1.200021 1
4595534.0235 5437421.5547  32.3181 0.0683444 1.157538 3
4595534.1216 5437420.7436  35.0048 0.1452854 1.126957 0
4595533.9192 5437421.1380  29.6031 0.0533404 0.981537 1
4595533.8170 5437421.5463  26.8840 0.0291948 1.175539 2
4595533.7322 5437421.8850  24.7131 0.0460100 1.047755 3
4595534.0772 5437420.0912  33.7571 0.0973185 1.092581 1
4595533.9828 5437420.4660  31.3497 0.0504599 1.169774 3
4595532.7791 5437422.9928  -0.1904 0.0535797 1.114948 3
4595532.7899 5437421.6007  -0.0906 0.0406901 0.943479 3
4595532.7935 5437421.1369  -0.0536 0.3847390 1.049677 0
4595532.8031 5437420.6511   0.1400 0.5384421 1.033101 0
4595532.8117 5437420.1698   0.1822 0.5085000 1.047720 0
4595533.6700 5437422.3904  31.2085 0.1255625 1.087485 0
4595533.8716 5437421.1462  36.4320 0.2012980 1.055773 0
4595533.8791 5437420.7015  36.6881 0.1303108 1.147448 0
4595533.8258 5437420.5005  35.3026 0.0432467 1.160031 1
4595533.7604 5437420.7639  33.5409 0.1690913 1.846521 3
4595533.7124 5437420.5387  32.2911 0.0754829 1.174581 3
4595533.1973 5437422.8100  28.2981 0.1414429 1.037703 0
4595533.3029 5437421.9535  30.9694 0.1076649 1.568426 0
4595533.3243 5437421.4441  31.4880 0.0591440 0.998521 1
4595533.2986 5437421.5488  30.8160 0.0687767 1.303505 3
4595533.5262 5437420.2100  36.7047 0.1864404 1.770291 0
4595533.1035 5437421.8324  30.8372 0.0455415 1.317856 1
4595533.3302 5437420.4811  36.8395 0.0443081 1.459777 1
4595533.1522 5437421.2102  32.1034 0.0437259 0.850749 2
4595533.1375 5437421.2707  31.7116 0.0760514 2.143214 3
4595532.9629 5437422.2839  34.0643 0.0568642 1.092630 1
4595532.9602 5437421.8738  33.9747 0.1851312 1.064853 0
4595532.9636 5437421.4387  34.0491 0.2315750 1.038728 0
4595532.9639 5437421.0162  34.0577 0.2069763 1.070655 0
4595532.5296 5437421.8595  33.7603 0.1692809 1.062684 0
4595532.5891 5437421.1900  35.3115 0.0500812 1.245048 1
4595532.5292 5437421.4386  33.7446 0.1402240 1.019875 3
4595532.6557 5437420.4942  37.0425 0.0272161 0.925469 1
4595532.5905 5437420.7625  35.3296 0.1439491 1.048567 2
4595532.3590 5437421.7165  29.2446 0.0406867 1.131734 3
4595531.3058 5437420.5730   0.9785 0.1321500 1.036579 1
4595531.2663 5437420.7229  -0.0356 0.1211478 1.179927 3
4595532.2294 5437422.8806  34.1000 0.0735848 1.102763 0
4595532.2260 5437422.4725  34.0174 0.0749643 1.230812 0
4595532.2897 5437421.7803  35.7044 0.1992232 1.071565 0
4595532.2822 5437421.3911  35.4906 0.1288858 1.215425 1
4595532.3529 5437420.6749  37.3099 0.1916165 1.121415 0
4595532.3799 5437420.1440  37.8799 0.0217963 0.865432 3
4595532.2712 5437420.1703  34.9770 0.0343820 1.054936 3
4595530.9536 5437421.4456   0.0681 0.0581726 1.023363 3
4595532.1216 5437421.2093  37.7116 0.0730954 1.078675 1
4595532.1128 5437420.8245  37.4308 0.0462171 1.022610 1
4595532.0435 5437421.1158  35.6073 0.0625609 1.136674 2
4595531.8039 5437422.1226  29.2570 0.0438652 1.196245 3
4595532.1340 5437420.3148  37.8957 0.1078091 1.023004 0
4595531.9997 5437420.0278  34.1663 0.0992150 1.095908 1
4595531.9376 5437420.2833  32.5903 0.0359440 1.170154 3
4595530.7236 5437420.2255  -0.3692 0.0361953 0.993973 3
4595531.5157 5437421.8699  33.2993 0.0385846 1.152968 1
4595531.3372 5437422.6218  28.5322 0.1312150 1.141429 3
4595531.6296 5437420.9658  36.2145 0.0437468 1.135494 1
4595531.3622 5437422.0838  29.2085 0.0573227 1.056383 2
4595531.2914 5437422.3802  27.3165 0.0411515 1.325863 3
4595531.5911 5437420.7013  35.1371 0.1339150 1.065381 0
4595531.6490 5437420.0374  36.4722 0.1516892 1.041572 0
4595531.2696 5437420.3010  26.3637 0.0456847 1.166617 3
4595530.2722 5437420.1784  -0.6013 0.3948349 1.035049 0
4595531.0911 5437421.8470  33.3596 0.1095598 1.174555 1
4595530.9187 5437422.1384  28.7770 0.0426517 1.119198 1
4595531.1697 5437420.6665  35.1729 0.0268318 0.925688 1
4595530.8552 5437421.9688  27.0918 0.0689359 1.133201 2
4595531.0700 5437420.6520  32.4948 0.0799457 1.138290 1
4595530.7852 5437421.8233  25.2371 0.0613347 1.139510 2
4595530.7575 5437421.9372  24.4999 0.0267315 1.270186 3
4595531.0619 5437420.2568  32.1235 0.0379905 1.062569 2
4595530.8430 5437420.7170  26.4324 0.0239751 0.982469 3
4595529.8406 5437420.1684  -0.7009 0.0360579 0.978433 3
4595530.8823 5437422.1778  33.0272 0.1145833 1.682971 0
4595530.8723 5437421.7915  32.7708 0.0998577 1.115850 1
4595530.6788 5437422.1775  27.5753 0.1776989 1.038826 0
4595530.7231 5437421.1241  28.6108 0.0403116 1.126253 1
4595530.8392 5437420.2124  31.3550 0.0969971 1.051123 3
4595530.7677 5437420.0756  29.3588 0.0956888 1.309068 1
4595530.6499 5437420.5578  26.3671 0.0712772 0.989054 3
4595529.6562 5437420.0026  -0.6312 0.2158107 1.033295 3
4595530.5751 5437422.2454  33.1760 0.0794310 1.013071 1
4595530.5642 5437421.8614  32.9053 0.1137811 1.177984 1
4595530.4093 5437422.0870  28.7044 0.0303017 0.903681 1
4595530.6542 5437420.6217  34.9357 0.0598428 1.444443 1
4595530.5160 5437420.7700  31.2689 0.0312721 1.027004 3
4595530.5200 5437420.3215  31.1696 0.1306571 1.057542 0
4595530.4399 5437420.2195  28.9609 0.0778442 1.098698 3
4595530.0817 5437421.7169  32.7154 0.1326567 1.400647 0
4595530.2515 5437420.5732  36.8625 0.1513335 1.090091 0
4595530.2176 5437420.2882  35.8755 0.1401935 1.140824 1
4595530.1791 5437420.4488  34.8600 0.0457777 1.514177 3
4595530.0971 5437420.3599  32.6393 0.0703829 1.097980 1
4595530.0282 5437420.6450  30.8524 0.0935197 1.048911 3
4595529.9462 5437420.5494  28.5891 0.0259637 1.117983 3
4595529.9659 5437420.0344  29.1208 0.0619232 1.097346 1
4595529.8385 5437420.5546  25.6756 0.1137318 1.120037 3
4595529.8296 5437420.1531  25.4641 0.1464546 1.414790 0
4595528.9351 5437420.0779   1.8904 0.0411576 1.107732 2
4595528.8982 5437420.2190   0.8730 0.0973039 1.405739 3
4595529.7649 5437421.8887  32.9093 0.1419622 1.179074 0
4595529.9227 5437420.7899  36.8310 0.1800580 1.127197 0
4595529.8866 5437420.5150  35.7288 0.1739650 1.172148 0
4595529.7639 5437420.5985  32.4419 0.0387157 1.029760 1
4595529.6990 5437420.8689  30.8040 0.1661050 1.144247 3
4595529.7605 5437420.1813  32.3783 0.0616032 1.564377 1
4595529.6985 5437420.4380  30.6439 0.0744063 1.106755 3
4595529.6292 5437420.2892  28.8187 0.1773297 1.041019 0
4595529.4997 5437420.3834  25.2940 0.1726098 1.102128 0
4595528.5217 5437421.1148  -0.2546 0.0466856 1.105366 3
4595528.5988 5437420.3524   1.7348 0.2751755 1.818856 0
4595529.6255 5437421.1838  36.7988 0.0658387 1.089124 1
4595529.5834 5437420.9336  35.5505 0.1648286 1.363259 0
4595529.4468 5437421.0794  31.9434 0.1371471 1.121598 1
4595529.4055 5437421.2535  30.9207 0.0427967 1.552502 3
4595529.4596 5437420.5918  32.0883 0.1598568 1.452133 0
4595529.2897 5437420.8651  27.7265 0.0942220 1.227879 1
4595529.2162 5437421.1706  25.8926 0.1258125 1.030105 3
4595529.2146 5437420.7370  25.7111 0.0304088 1.085929 1
4595529.1636 5437420.9477  24.4357 0.1432185 1.388895 3
4595529.1521 5437420.5532  24.0147 0.1313988 1.399521 3
4595529.1407 5437420.1580  23.8455 0.1117805 1.051186 0
4595528.2920 5437420.8196   1.4343 0.1973403 1.308627 1
4595528.2301 5437421.0611  -0.1864 0.0991363 1.178468 3
4595528.3013 5437420.3175   1.7085 0.1531394 1.037344 1
4595528.2703 5437420.4374   0.8511 0.0798280 1.136788 2
4595528.2305 5437420.5916  -0.2147 0.0770622 1.127484 3
4595528.2274 5437420.1365  -0.2021 0.4711390 1.048060 0
4595529.1910 5437421.4519  39.3428 0.0186904 0.798053 1
4595529.0951 5437421.4321  36.8276 0.0477881 0.950361 1
4595529.0838 5437421.0506  36.4288 0.1811645 1.414928 0
4595528.9789 5437421.0604  33.6984 0.0732002 1.089394 1
4595528.9421 5437421.2144  32.7759 0.0897254 1.528448 3
4595528.8020 5437421.3632  29.1455 0.1558933 1.715876 0
4595528.8030 5437420.9215  29.0898 0.1656461 1.091146 1
4595528.8913 5437420.1225  31.4537 0.1539472 1.148800 1
4595528.8040 5437420.4809  29.0454 0.0345953 1.372784 3
4595528.7957 5437420.0765  28.9960 0.1596657 1.249367 1
4595528.5885 5437420.9212  23.5117 0.0281972 0.879652 3
4595528.5849 5437420.0502  23.5416 0.0466215 0.938827 3
4595528.4735 5437420.0510  20.6453 0.0466911 1.291860 3
4595527.6820 5437420.4017  -0.2275 0.5993547 1.093520 0
4595528.7176 5437420.5721  39.6624 0.0544350 1.019746 1
4595528.5526 5437421.2637  35.4962 0.0510453 1.829671 3
4595528.6531 5437420.4143  38.0297 0.0773105 1.039769 1
4595528.5028 5437421.0403  34.1851 0.0260186 1.178547 2
4595528.5044 5437420.6014  34.1876 0.1556702 1.133823 1
4595528.4201 5437420.9498  32.0298 0.0201033 0.853842 3
4595528.5096 5437420.1481  34.4459 0.2025216 1.094612 0
4595528.3964 5437420.1778  31.4901 0.0485596 2.057319 3
4595528.4833 5437421.0716  39.7679 0.1628603 1.084401 0
4595528.4961 5437420.5898  40.0701 0.0303567 1.040202 1
4595528.4297 5437420.4419  38.3497 0.1065712 1.045956 1
4595528.2708 5437421.1104  34.2130 0.0281464 1.027898 3
4595528.2763 5437420.6529  34.3309 0.0368594 0.979155 1
4595528.1872 5437421.0256  32.0200 0.1149938 1.144619 2
4595528.1584 5437420.7099  31.2507 0.2566479 1.130998 0
4595528.1639 5437420.2500  31.4553 0.0682967 1.138436 3
4595527.9827 5437420.5559  26.6526 0.0425566 1.947371 3
4595528.0591 5437420.8705  39.0602 0.0820423 1.113410 1
4595528.0433 5437420.5080  38.6337 0.0479211 1.934464 1
4595527.9788 5437420.7796  36.9623 0.0730584 1.280590 2
4595528.0565 5437420.0242  39.1017 0.1051983 0.991290 1
4595528.0108 5437420.2153  37.8565 0.0250034 1.188461 2
4595527.9799 5437420.3446  37.0170 0.0285753 1.075530 3
4595527.4328 5437420.2953  37.1057 0.0848705 1.055430 1
4595527.3813 5437420.5082  35.7479 0.0674762 1.456321 3
4595527.2531 5437420.1641  32.4600 0.0931096 1.019613 3
4595527.4596 5437420.6141  -0.2431 0.0551652 0.957860 3
4595535.2259 5437419.8645  -0.2063 0.1577339 1.041198 3
4595535.2545 5437419.3425  -0.2018 0.0284673 0.750437 3
4595535.2943 5437418.8686  -0.1385 0.1132820 1.112017 3
4595533.6441 5437419.9796  -0.2985 0.0402789 0.960441 3
4595532.9696 5437418.9269   2.5054 0.1086505 1.032101 0
4595535.4617 5437419.0296  28.1981 0.0738787 1.098560 2
4595535.8947 5437419.7543  33.0284 0.2242529 1.053953 0
4595532.1421 5437416.2747   0.2687 0.0625906 1.031957 1
4595532.0774 5437416.0030  -0.4810 0.3123100 1.079595 3
4595532.1209 5437415.5395  -0.2664 0.5588863 1.028972 0
4595534.0428 5437419.3282  21.6219 0.0434941 1.132529 1
4595534.3298 5437419.9591  25.0040 0.2769957 1.029346 0
4595534.3487 5437419.4233  24.8900 0.0462503 1.019008 1
4595534.8848 5437419.3274  30.2927 0.0870037 1.079755 1
4595534.8245 5437419.0581  29.4579 0.0957897 1.186479 2
4595535.1364 5437419.8396  33.1344 0.1090499 1.044842 1
4595535.0152 5437418.0642  30.6570 0.1785443 1.093252 0
4595535.2990 5437418.1206  33.6060 0.1375186 1.146508 0
4595531.5914 5437419.2943   4.3806 0.0836812 1.185029 2
4595531.5298 5437419.0420   3.5883 0.0668580 1.117971 3
4595531.8121 5437418.9342   6.3582 0.1144327 1.022957 0
4595531.3098 5437416.2150  -0.2313 0.2491027 1.042804 3
4595532.8131 5437419.9753  17.1941 0.1652810 2.020963 2
4595532.9444 5437419.9093  18.4277 0.0780781 1.162869 1
4595534.0715 5437419.2235  29.2839 0.0557087 1.338340 2
4595533.9023 5437418.4761  27.0660 0.0487915 1.017389 3
4595534.2839 5437419.5487  31.7217 0.1183529 1.238443 3
4595534.2945 5437418.3688  30.9221 0.0548723 1.161315 1
4595534.0142 5437417.1150  27.2633 0.0578808 1.152796 2
4595534.3978 5437418.2160  31.8612 0.1667406 1.050207 1
4595534.7121 5437419.0183  35.6725 0.1902040 1.074469 0
4595534.7054 5437418.3765  35.0856 0.0309251 0.931118 1
4595534.4902 5437417.4011  32.2816 0.1686686 1.344638 3
4595534.5733 5437417.1626  32.9686 0.0523050 1.293375 1
4595530.2790 5437417.2314  -0.2774 0.0865723 1.106147 3
4595530.3443 5437416.2135   0.0463 0.1033668 1.201441 3
4595530.3737 5437415.6910  -0.0175 0.5763605 1.049811 0
4595532.0075 5437419.9336  18.6129 0.0768077 1.396905 2
4595532.5288 5437419.6587  23.5553 0.1530065 1.100930 2
4595532.3638 5437418.9565  21.3938 0.0397668 1.399677 3
4595532.7074 5437419.8045  25.4194 0.2953945 1.162827 0
4595532.8525 5437419.8115  26.8356 0.0656387 1.377087 3
4595533.1786 5437419.9929  30.1692 0.0669974 2.223567 3
4595533.2913 5437419.8719  31.1556 0.1674725 2.060804 0
4595533.3674 5437419.5930  31.6403 0.2768214 1.484090 3
4595533.5743 5437419.2808  33.5029 0.1738631 1.415485 0
4595533.7373 5437419.3918  35.2304 0.1744900 1.825412 0
4595533.9733 5437419.8322  37.9577 0.1250711 1.028959 0
4595533.8997 5437418.8977  36.5915 0.2000369 1.042322 0
4595529.4758 5437416.6753  -0.1725 0.3465972 1.036664 3
4595529.5059 5437416.1550  -0.1679 0.2470532 1.052685 3
4595532.3164 5437419.7160  29.4716 0.1554807 1.223232 3
4595532.9194 5437419.8892  35.4768 0.0978395 1.089396 2
4595532.8122 5437419.4224  34.0504 0.0427626 1.314637 3
4595533.0240 5437419.7421  36.3526 0.3122209 1.393914 2
4595532.8880 5437419.1469  34.6134 0.1380001 1.093785 3
4595533.1883 5437419.8587  38.0401 0.2358071 1.611165 0
4595533.2478 5437419.5161  38.3028 0.1766175 1.076025 1
4595532.8878 5437417.9275  33.8329 0.0534043 1.024722 3
4595532.9175 5437417.4489  33.7928 0.1059844 1.150032 1
4595528.9441 5437417.1033   1.2053 0.0823539 1.821996 3
4595530.7159 5437418.6753  19.0680 0.1093271 1.042675 1
4595531.2222 5437419.5589  24.7315 0.1104781 1.252909 0
4595531.5931 5437419.8997  28.7681 0.1202119 1.381896 1
4595531.2307 5437418.3635  24.0409 0.0739070 0.984247 3
4595531.3553 5437417.6592  24.8397 0.0702489 1.266287 0
4595532.1594 5437419.8880  34.3164 0.0352870 1.146754 1
4595531.9715 5437419.0780  31.8358 0.0737766 1.480927 3
4595532.4369 5437419.2752  36.5419 0.1733805 1.170294 0
4595532.6428 5437419.5725  38.7501 0.1012970 1.628641 1
4595532.3374 5437418.2323  34.8441 0.0471612 1.390644 3
4595532.6166 5437418.8526  37.9979 0.1425715 1.154944 0
4595530.4462 5437419.9037  25.4462 0.0532387 1.019123 2
4595530.0466 5437418.2455  20.6906 0.0348073 1.186860 3
4595530.4696 5437419.3891  25.2253 0.0386683 1.087379 2
4595530.4001 5437419.0998  24.4176 0.0410466 1.394246 3
4595530.7602 5437419.9924  28.6556 0.0897277 1.013886 1
4595531.0317 5437419.9185  31.3026 0.1464650 1.183674 0
4595531.4847 5437419.4250  35.4066 0.1414106 1.078699 0
4595531.6517 5437419.5402  37.1251 0.1972983 1.105973 1
4595529.4786 5437418.3182  24.1412 0.1801205 1.284433 0
4595530.3077 5437419.9414  32.7468 0.0317953 1.211491 3
4595530.4103 5437417.9516  32.5496 0.1468575 1.086054 0
4595529.3663 5437418.9788  29.0891 0.0765666 1.594327 3
4595529.4705 5437417.5815  29.4043 0.0471324 1.095479 1
4595528.2674 5437419.6764  33.5793 0.0215332 0.765409 2
4595528.2286 5437419.5170  33.1595 0.1374806 2.452387 3
4595528.3055 5437419.2301  33.7078 0.0741201 1.105833 1
4595528.3589 5437418.8476  33.9567 0.1275683 1.661447 1
4595528.5327 5437418.3635  35.2547 0.0835047 1.150633 1
4595528.1375 5437419.9771  38.8253 0.0836405 1.077841 1
4595527.7821 5437417.9069  34.2946 0.0337826 1.028772 1
4595527.2709 5437418.6358  35.6419 0.0852383 1.049538 1
4595527.4638 5437418.3741   0.0762 0.0632140 1.469121 3
4595527.0226 5437417.5674  22.8853 0.0925285 1.032034 1
4595527.0453 5437417.7727  30.2200 0.1801854 1.118316 0
4595527.0192 5437418.1047  29.5637 0.1547463 1.223000 1
4595527.3139 5437417.5056  24.0397 0.0284305 0.966924 3
4595527.0532 5437419.1706  24.2570 0.1142102 1.011771 3
4595527.2600 5437417.4207  30.3483 0.0615860 1.116193 1
4595527.2090 5437417.8033  30.1778 0.2272508 1.242473 0
4595526.9378 5437418.6358  34.1250 0.0492348 1.073580 1
4595527.1800 5437418.1410  29.5713 0.0582161 1.300457 3
4595526.8977 5437418.9936  33.7278 0.1673895 1.157748 0
4595527.2145 5437419.2018  24.2239 0.1068359 1.009963 3
4595527.2665 5437417.6791  30.1979 0.1377194 1.202027 1
4595527.2303 5437418.0312  29.7246 0.1821361 1.421084 1
4595527.5228 5437417.4258  24.1256 0.0230290 1.071386 3
4595526.9526 5437418.8804  33.8452 0.1651585 1.104477 0
4595526.9056 5437419.2532  33.5753 0.1954725 1.182545 0
4595527.1357 5437419.3455  26.8143 0.0358458 1.245986 1
4595527.2685 5437419.0779  24.2662 0.0974616 1.109319 3
4595527.2708 5437418.0264  35.8969 0.0262019 1.017091 1
4595527.2194 5437418.4057  35.7297 0.0373120 0.994805 1
4595527.0367 5437419.0562  38.0435 0.1623379 1.138450 0
4595527.4024 5437418.5779  29.9388 0.0701963 1.100323 1
4595527.3376 5437418.9896  29.9922 0.1983993 1.079238 0
4595527.3004 5437419.3447  29.5216 0.0340306 1.226821 2
4595527.5038 5437418.9326  25.6289 0.0571526 1.163297 3
4595527.2918 5437419.9248  27.2925 0.1093417 1.128757 3
4595527.7532 5437417.2746  33.1606 0.0660615 1.010682 1
4595527.5666 5437417.9385  35.6412 0.0377373 1.143101 1
4595527.7078 5437417.6427  32.9516 0.0953296 1.111310 2
4595527.5040 5437418.3414  35.6901 0.0823617 1.017436 1
4595527.3293 5437418.9753  37.8494 0.1833579 1.178617 0
4595527.2275 5437419.4570  38.6269 0.1669172 1.143388 1
4595528.1363 5437417.8737  20.0637 0.0842452 1.053810 1
4595527.2882 5437419.8799  35.1342 0.0612264 1.538841 1
4595527.5628 5437419.3231  29.9005 0.1643570 1.097245 3
4595527.5154 5437419.6985  29.6097 0.0459461 1.081360 3
4595527.7193 5437417.5239  32.8743 0.1158964 0.999535 1
4595527.5133 5437418.2321  35.6981 0.1127169 1.067730 1
4595527.3358 5437418.8764  37.9422 0.1481512 1.144644 0
4595527.2335 5437419.3607  38.7411 0.1329284 1.117695 1
4595527.2096 5437419.9524  36.8420 0.0373481 1.120820 1
4595527.5672 5437419.2157  29.9366 0.1766565 1.225252 3
4595527.8921 5437417.6153  32.9780 0.0772444 1.024936 1
4595527.6977 5437418.2992  35.6008 0.1378146 1.190343 1
4595527.8367 5437418.0043  32.9007 0.0342896 1.053792 3
4595527.6425 5437418.6861  35.5032 0.0572046 1.231414 1
4595527.7828 5437418.3904  32.7858 0.1530348 1.099675 3
4595527.4251 5437419.4129  38.5224 0.1118004 1.089689 1
4595527.4692 5437419.3206  37.6702 0.1012856 1.185860 3
4595527.3809 5437419.7757  38.1958 0.1821813 1.129295 0
4595527.8797 5437419.0160  27.3356 0.0703882 1.228349 3
4595527.5582 5437419.9558  32.3637 0.0297357 0.875133 2
4595527.6874 5437419.6905  29.8578 0.0358074 1.078180 3
4595528.0875 5437417.8545  34.0372 0.0269489 1.017954 1
4595528.0299 5437418.2477  34.0090 0.1540332 1.166865 1
4595527.9000 5437418.7929  35.3718 0.0875423 1.092305 1
4595527.9237 5437419.0151  33.7408 0.0400019 1.147616 1
4595528.0024 5437418.8506  32.2121 0.0258473 1.058528 3
4595527.7127 5437419.9996  35.4147 0.0257319 1.182455 3
4595528.1471 5437417.6604  34.0703 0.0917885 1.154692 1
4595528.0902 5437418.0508  34.0293 0.1548511 1.082473 1
4595527.9533 5437418.6132  35.5520 0.1148414 1.311989 1
4595528.0293 5437418.4507  34.0577 0.0286168 0.971564 3
4595527.8080 5437419.1901  37.2148 0.0306890 0.964828 1
4595527.8984 5437418.9983  35.4460 0.0614083 1.420619 2
4595527.9817 5437418.8214  33.8107 0.0662420 1.160247 3
4595527.6379 5437419.8181  39.3242 0.0395981 0.983706 1
4595527.7375 5437419.6081  37.3920 0.1426913 1.103586 3
4595527.6826 5437419.9924  37.2372 0.0337878 1.249397 2
4595527.7786 5437419.7913  35.3668 0.0276516 1.239895 3
4595528.2050 5437417.5919  34.2744 0.0337092 1.007584 1
4595528.1547 5437417.9681  34.1005 0.2862180 1.134240 0
4595527.9614 5437418.9201  35.5733 0.0691460 1.179756 1
4595527.8102 5437419.5116  37.3643 0.2100317 1.193877 0
4595528.6270 5437416.7311  32.7344 0.0281471 0.938241 1
4595528.5665 5437417.3980  31.6364 0.1383242 1.100919 1
4595528.4793 5437417.8566  32.2045 0.0787368 1.033366 1
4595528.5138 5437417.7815  31.5136 0.0834925 1.167347 2
4595528.4478 5437418.1940  31.6576 0.3456142 1.116282 1
4595528.3885 5437418.5921  31.6613 0.2308663 1.146466 0
4595527.9590 5437419.7802  38.9603 0.1545424 1.215142 1
4595528.3244 5437418.9997  31.7467 0.0321985 1.310538 3
4595528.1562 5437419.6291  33.8619 0.0596254 1.327788 3
4595528.7567 5437416.7857  32.8256 0.0704770 1.164033 1
4595528.7104 5437417.1532  32.5860 0.1965440 1.165630 0
4595528.5145 5437417.8515  35.3294 0.0895832 1.349667 1
4595528.6528 5437417.5467  32.5674 0.0445884 1.313521 3
4595528.4743 5437418.2047  34.9634 0.1096305 1.093767 1
4595528.5995 5437417.9305  32.4398 0.0707071 1.153620 3
4595528.4599 5437418.5018  34.0737 0.0458786 1.180200 1
4595528.5448 5437418.3171  32.3537 0.1206429 1.115163 3
4595528.1491 5437419.4419  39.1143 0.0575768 1.126202 1
4595528.4864 5437418.7122  32.3447 0.1318351 1.260220 3
4595528.0912 5437419.8317  38.9824 0.1418332 1.316666 0
4595528.3150 5437419.8897  32.0242 0.2204696 1.056712 1
4595528.7325 5437419.0042  23.6255 0.0586868 1.079507 3
4595528.7537 5437416.7660  32.8075 0.0543355 1.044865 1
4595528.7033 5437417.1428  32.6400 0.1762959 1.127525 0
4595528.5208 5437417.8151  35.1520 0.1084418 1.057808 1
4595528.4725 5437418.1852  34.9412 0.0349873 1.105354 1
4595528.5964 5437417.9099  32.4104 0.1194211 1.115449 2
4595528.4576 5437418.4817  34.0480 0.0608177 1.133049 1
4595528.5395 5437418.3007  32.3650 0.0949021 1.263995 3
4595528.1406 5437419.4433  39.2778 0.0960316 1.156688 1
4595528.4839 5437418.6897  32.2916 0.0496091 1.647625 3
4595528.0897 5437419.8166  39.0109 0.1474077 1.103902 0
4595528.7216 5437418.9847  23.6191 0.1227335 1.052114 0
4595528.8565 5437416.9641  32.8276 0.0794956 1.008147 1
4595528.8077 5437417.3364  32.6236 0.0528300 1.093708 1
4595528.6102 5437418.0443  35.4325 0.1122782 1.038070 1
4595528.7542 5437417.7208  32.4941 0.0382418 1.205388 3
4595528.5695 5437418.3977  35.0609 0.1150282 1.177520 0
4595528.5189 5437418.7731  34.8978 0.0652020 1.094694 1
4595528.6439 5437418.4957  32.2991 0.0694606 1.195940 2
4595528.4721 5437419.1412  34.6432 0.0391764 1.355590 1
4595528.5862 5437418.8896  32.2650 0.1490500 1.082244 3
4595528.7770 5437418.0578  35.0895 0.0625735 1.164495 1
4595528.7293 5437418.4265  34.8403 0.0496572 1.324470 1
4595528.6713 5437418.8184  34.8176 0.1992369 1.367387 1
4595528.6161 5437419.2043  34.7410 0.1775247 1.086984 0
4595528.5598 5437419.5931  34.6491 0.0631531 1.288221 3
4595528.7378 5437418.7539  34.7034 0.1623156 1.426276 0
4595528.6773 5437419.1513  34.7302 0.1486232 1.118030 0
4595528.4297 5437419.9662  38.5423 0.0337977 1.187369 1
4595528.6213 5437419.5388  34.6522 0.0659144 1.084729 3
4595529.5572 5437416.6930  23.3206 0.0977513 1.184875 1
4595529.4162 5437417.5500  23.6368 0.1180547 1.122347 1
4595529.0852 5437418.5659  29.1641 0.0829447 1.095891 1
4595529.3192 5437418.0370  24.2809 0.0841922 1.155189 3
4595529.0242 5437418.9689  29.1548 0.0293266 1.032303 1
4595529.2813 5437418.3915  23.7198 0.1221102 1.043082 3
4595529.4773 5437417.3951  29.4542 0.1269517 1.178714 0
4595529.4159 5437417.7980  29.3950 0.1363255 1.186277 1
4595529.3523 5437418.2060  29.3702 0.1804838 1.097959 0
4595529.2943 5437418.6017  29.2499 0.2006498 1.077075 0
4595529.2366 5437418.9961  29.1582 0.1630414 1.134256 0
4595529.4274 5437418.8355  23.7753 0.0934634 1.150922 1
4595529.5688 5437418.5192  20.7717 0.0279106 0.988256 3
4595529.1224 5437419.7835  28.8535 0.0388075 1.015788 3
4595529.2237 5437419.8272  25.3196 0.0394871 1.129788 2
4595529.4227 5437419.3879  21.1610 0.0285955 1.144235 3
4595529.6433 5437416.8371  29.4980 0.0275582 1.055708 1
4595529.8803 5437416.5426  23.2874 0.0427863 1.488288 1
4595529.5228 5437417.6370  29.4020 0.1300557 1.078905 0
4595529.4618 5437418.0382  29.3172 0.1840361 1.074583 0
4595529.3991 5437418.4438  29.2714 0.1982855 1.035991 0
4595529.3392 5437418.8433  29.2026 0.1778172 1.037938 0
4595529.6718 5437418.3531  20.7429 0.1829125 1.063524 0
4595529.2289 5437419.6201  28.8536 0.0710111 1.136427 3
4595529.5224 5437419.2288  21.1886 0.0382644 1.000221 3
4595529.6227 5437417.1892  29.2335 0.0830825 1.648576 1
4595529.9031 5437416.5247  23.3624 0.0444398 1.680864 2
4595529.5499 5437417.6188  29.4512 0.1955269 1.062160 0
4595529.4886 5437418.0212  29.3804 0.2372444 1.059807 0
4595529.4318 5437418.4130  29.2035 0.1656833 1.119126 0
4595529.3712 5437418.8134  29.1478 0.1279347 1.073447 0
4595529.6948 5437418.3319  20.7715 0.0893122 1.037288 1
4595529.7479 5437418.2098  19.6261 0.0344443 1.175670 3
4595529.2600 5437419.5927  28.8175 0.0841565 1.068769 0
4595529.5491 5437419.1997  21.1443 0.0367556 1.093054 3
4595529.9630 5437416.7890  24.1935 0.1025324 1.015110 1
4595530.0045 5437416.6901  23.3327 0.0350603 0.984439 2
4595529.6484 5437417.7943  29.4955 0.0530032 1.097990 1
4595529.9326 5437417.1212  23.4174 0.1066664 1.056094 3
4595529.8482 5437417.5824  23.8057 0.0414645 1.169242 1
4595529.7673 5437418.0343  24.1430 0.1657081 1.057678 0
4595529.6670 5437418.5306  24.9048 0.0368354 1.117237 1
4595529.7272 5437418.3909  23.5990 0.0389647 1.242810 2
4595529.9318 5437417.9152  19.1637 0.0302231 0.965860 2
4595530.8224 5437415.8445   0.1351 0.0859179 1.060024 3
4595529.5857 5437418.9821  25.2986 0.0446761 1.010520 1
4595529.6304 5437418.8790  24.3190 0.0317418 1.294473 2
4595529.6880 5437418.7458  23.0538 0.0476495 1.061618 3
4595529.5127 5437419.4139  25.5104 0.1629722 1.560735 0
4595530.0779 5437416.8740  24.0728 0.0525996 1.077100 1
4595529.7630 5437417.8833  29.3855 0.0906551 0.995673 1
4595530.0423 5437417.2178  23.3789 0.0540247 1.088663 3
4595529.7726 5437418.1174  27.7792 0.1254764 1.122296 0
4595529.8841 5437418.1137  23.9393 0.0680847 1.131613 1
4595530.0462 5437417.7320  20.4082 0.0559335 1.274316 2
4595530.9830 5437415.5259   0.2975 0.0751018 1.120248 3
4595529.7750 5437418.6304  24.9102 0.0721466 0.998365 1
4595529.8228 5437418.5186  23.8553 0.0976813 2.108730 3
4595529.6966 5437419.0754  25.2411 0.0370401 1.029667 1
4595529.7426 5437418.9683  24.2215 0.0880848 1.060001 3
4595529.6192 5437419.5165  25.5486 0.1381124 1.694601 0
4595529.9357 5437417.0052  29.4979 0.0260733 0.957567 1
4595530.1178 5437416.8157  24.2011 0.0412556 0.938502 1
4595529.8147 5437417.8056  29.2941 0.1120102 1.071843 1
4595530.0895 5437417.1413  23.3322 0.0463541 0.981800 2
4595529.8149 5437418.0597  27.8729 0.1020893 1.170136 1
4595529.9992 5437417.6167  23.8245 0.0447172 1.149804 3
4595529.9284 5437418.0445  23.9478 0.0679929 1.096515 1
4595530.0951 5437417.6463  20.2730 0.0445151 1.255010 2
4595531.0129 5437415.4537   0.3260 0.1043980 1.139318 3
4595529.8154 5437418.5729  25.0052 0.0790551 1.003706 1
4595529.8660 5437418.4527  23.8785 0.0959552 2.045935 2
4595529.8884 5437418.3996  23.3835 0.0154154 0.699623 3
4595529.7421 5437419.0057  25.2271 0.0815852 0.968783 1
4595529.7897 5437418.8935  24.1612 0.1068654 1.099020 3
4595529.6591 5437419.4611  25.6681 0.1918123 1.858163 0
4595530.2931 5437415.7697  27.3743 0.0774289 1.121474 1
4595530.2463 5437416.6435  24.2380 0.0394261 1.140274 1
4595530.1460 5437417.4011  23.3826 0.1746021 1.126217 0
4595530.0495 5437417.8918  24.0598 0.1308990 1.076786 0
4595529.9574 5437418.3714  24.6601 0.0587380 1.090795 1
4595530.1354 5437417.9436  20.6923 0.0634687 1.194777 2
4595531.0734 5437415.6893   0.1166 0.0539192 0.992646 3
4595529.8769 5437418.8228  25.0349 0.0625544 1.155093 1
4595529.9199 5437418.7200  24.0624 0.0852729 1.077646 3
4595529.8480 5437419.1507  24.2572 0.0503684 1.500441 1
4595529.9162 5437418.9889  22.7116 0.1096551 1.142942 3
4595530.4798 5437416.0517  27.6498 0.0452320 1.133884 1
4595530.2240 5437416.9382  31.6992 0.1264417 1.085842 1
4595530.4712 5437416.5765  25.0764 0.0314557 1.120110 1
4595530.4426 5437416.9012  24.1421 0.0312429 0.959039 1
4595530.3765 5437417.3183  24.0076 0.1280527 1.082432 0
4595530.1362 5437418.1583  27.8413 0.1450964 1.049603 0
4595530.2348 5437418.1746  24.2067 0.0756218 1.022555 1
4595530.2646 5437418.1027  23.5424 0.0325697 1.019837 2
4595531.3367 5437415.5151   0.0655 0.0451685 1.175500 3
4595530.1633 5437418.6045  24.3590 0.0390833 0.927323 1
4595530.2030 5437418.5093  23.4601 0.0812470 1.103081 2
4595530.3242 5437418.2184  20.7463 0.0317626 0.943377 3
4595529.8773 5437419.5448  29.4124 0.0358892 1.132284 1
4595530.0840 5437419.0519  24.7291 0.1166357 1.089020 3
4595530.3842 5437416.8601  31.6932 0.1246603 1.077941 1
4595530.6227 5437416.5129  25.1808 0.0562248 1.276803 1
4595530.5332 5437417.2405  24.0056 0.1410844 1.042438 0
4595530.2961 5437418.0758  27.7356 0.1485686 1.064520 0
4595530.4023 5437418.0706  23.9037 0.1348920 1.739607 0
4595530.3197 5437418.5273  24.2963 0.0397664 0.893920 1
4595530.3591 5437418.4320  23.4063 0.1124850 1.096558 2
4595530.4765 5437418.1480  20.7627 0.0411189 1.101058 3
4595530.0358 5437419.4668  29.3395 0.0455413 1.173453 1
4595530.2387 5437418.9788  24.7070 0.0970069 0.989642 3
4595530.8223 5437419.7611  -0.5422 0.0665401 1.017879 3
4595530.4630 5437416.7250  31.7343 0.0936095 1.063977 1
4595530.6489 5437416.2525  27.6458 0.1045222 1.138391 3
4595530.6857 5437416.4084  25.4089 0.1903237 1.137392 1
4595530.2756 5437417.6893  32.7789 0.1192392 1.086858 1
4595530.6043 5437417.1147  24.1238 0.1753869 1.082491 1
4595530.6573 5437416.9822  22.9860 0.0567182 1.643170 3
4595530.5742 5437417.4424  23.2083 0.0571081 1.563462 1
4595530.4812 5437417.9262  23.7834 0.1476479 1.112082 1
4595530.6204 5437417.5827  20.6834 0.0369474 1.311430 3
4595530.4336 5437418.2981  23.3856 0.1914309 1.045521 1
4595530.5532 5437418.0044  20.6917 0.0407732 1.198165 3
4595530.1106 5437419.3420  29.3629 0.0914412 1.046464 1
4595530.3193 5437418.8327  24.5440 0.0289506 0.982134 3
4595530.9704 5437415.6800  27.7394 0.0331843 0.981442 1
4595530.9105 5437416.0794  27.6539 0.0855343 1.066800 1
4595530.6028 5437417.3524  31.4094 0.1643117 1.189049 0
4595530.4865 5437417.8902  32.4940 0.1863454 1.053753 0
4595530.8283 5437417.2841  23.5242 0.1330266 1.087020 1
4595530.7421 5437417.7509  23.9230 0.1509619 1.135272 1
4595530.9037 5437417.3501  20.3472 0.0338053 0.929366 3
4595530.5224 5437418.5461  27.3439 0.0650668 1.049672 1
4595530.6882 5437418.1373  23.6596 0.0483389 1.164939 3
4595530.0811 5437419.8801  36.1044 0.0745788 1.099805 0
4595531.0780 5437419.8666  -0.3177 0.0513570 0.966792 3
4595530.9233 5437416.6206  32.4688 0.1044196 1.025214 0
4595531.0783 5437416.4695  27.5810 0.1423740 1.105973 0
4595530.8327 5437417.3376  31.4550 0.1138323 1.103708 0
4595530.7194 5437417.8686  32.4921 0.1767722 1.071462 0
4595530.9920 5437417.4319  24.9892 0.0448191 1.188396 1
4595530.9738 5437417.7282  23.9270 0.1642110 1.261384 1
4595531.1321 5437417.3342  20.3907 0.0241896 1.054099 3
4595530.7523 5437418.5280  27.4271 0.1077611 1.106875 0
4595530.3115 5437419.8635  36.1145 0.0607193 1.061270 1
4595530.4600 5437419.4983  32.5817 0.1082264 1.210794 3
4595531.1898 5437415.8614  27.7531 0.0881006 1.107808 0
4595531.1328 5437416.2526  27.5649 0.1120208 1.033703 0
4595530.8849 5437417.1361  31.5992 0.1001682 1.048516 1
4595531.0671 5437416.6669  27.5656 0.0189877 0.806988 3
4595530.7746 5437417.6616  32.5400 0.1355266 1.093348 0
4595531.0521 5437417.1975  24.8710 0.0964995 1.151351 1
4595531.0273 5437417.5092  23.8941 0.1716371 1.091917 0
4595530.7990 5437418.3339  27.6125 0.1609032 1.031190 0
4595530.3628 5437419.6747  36.2196 0.1234750 1.131110 1
4595530.5191 5437419.2835  32.5189 0.0283131 1.245395 3
4595531.2656 5437419.2565   4.6714 0.0314053 1.014761 3
4595531.1087 5437416.9285  32.0906 0.0441230 0.941518 1
4595531.2502 5437416.8047  27.4265 0.1972866 1.104333 0
4595530.9702 5437417.7683  32.2370 0.0329725 1.105682 1
4595531.0133 5437417.6576  31.2570 0.1033264 1.135354 3
4595530.9045 5437418.1783  32.2825 0.0213568 0.790963 1
4595531.2247 5437417.3610  25.0003 0.3153228 1.129232 3
4595531.1725 5437417.7417  24.7059 0.1126858 1.096737 1
4595531.2038 5437417.6624  23.9872 0.0196596 0.893470 3
4595530.9819 5437418.4717  27.5975 0.1799101 1.122903 0
4595530.5976 5437419.6843  35.0134 0.1166310 1.209483 0
4595530.8120 5437419.8945  25.7531 0.0710156 1.406892 3
4595531.4305 5437419.7026   3.4647 0.0253221 0.893318 3
4595531.3376 5437417.2225  31.7365 0.0515872 1.202291 1
4595531.4733 5437417.1162  27.1934 0.0831706 1.089397 1
4595531.1828 5437418.1038  32.3721 0.0898418 1.004795 1
4595531.2311 5437417.9805  31.2701 0.0645855 1.102760 3
4595531.4516 5437417.6646  24.7534 0.0812345 1.353250 1
4595531.5436 5437417.4309  22.6295 0.0916169 1.118350 3
4595531.3728 5437418.1125  25.1156 0.1980784 1.031347 0
4595530.8673 5437419.6314  35.3244 0.1815674 1.144799 0
4595530.9838 5437419.5847  31.1859 0.0587138 1.065654 1
4595531.0627 5437419.3878  29.3423 0.1101777 1.088390 3
4595530.9243 5437419.9797  31.2393 0.1859000 1.096768 0
4595531.0967 5437419.8027  25.7125 0.0734874 1.080277 0
4595531.8597 5437418.4514   4.6169 0.0481360 1.261253 3
4595531.5684 5437417.1212  27.0881 0.0871228 1.255115 1
4595531.2773 5437418.1169  32.3546 0.1269935 1.062268 1
4595531.3223 5437418.0007  31.3141 0.0356335 1.457942 3
4595531.5380 5437417.6888  24.8356 0.1144249 1.488864 1
4595531.6315 5437417.4488  22.6494 0.0485059 1.232750 3
4595531.1343 5437418.9658  32.7650 0.1286611 1.047704 1
4595531.3629 5437418.3821  27.4576 0.0650231 1.085685 2
4595531.4618 5437418.1299  25.1545 0.0420267 1.129228 3
4595530.9627 5437419.6445  35.3347 0.0732761 1.130225 1
4595531.4036 5437418.5253  25.0313 0.0862504 1.655135 3
4595531.0756 5437419.6015  31.2382 0.0893927 0.997247 1
4595531.1517 5437419.4094  29.4324 0.0666901 1.219212 3
4595531.0183 5437419.9904  31.2278 0.0837645 1.426946 3
4595531.1820 5437419.8288  25.8521 0.0461613 1.136513 3
4595531.5410 5437417.2659  31.8320 0.1249758 1.061438 0
4595531.6773 5437417.1474  27.1830 0.0289496 0.950092 1
4595531.3928 5437418.1308  32.3772 0.0591045 1.048707 1
4595531.4397 5437418.0084  31.2785 0.1057876 1.113481 3
4595531.6622 5437417.6723  24.5662 0.0897491 1.135859 1
4595531.7409 5437417.4684  22.7061 0.0465643 1.079717 3
4595531.2494 5437418.9811  32.8096 0.1252167 1.103298 1
4595531.5743 5437418.1441  25.1642 0.0273079 1.025371 3
4595531.0775 5437419.6626  35.4213 0.0426080 1.155984 1
4595531.4123 5437418.8050  27.5127 0.1147490 1.146464 2
4595531.6819 5437418.1143  21.1075 0.0222316 0.845936 3
4595531.2688 5437419.4157  29.4062 0.1642067 1.026881 0
4595531.1394 5437419.9879  31.1208 0.0733547 1.430830 3
4595531.4492 5437419.9579  19.1863 0.0287514 1.150160 3
4595532.1398 5437415.7466  24.2556 0.0480303 1.178498 1
4595531.7513 5437417.0201  31.8269 0.0418152 1.047433 1
4595531.6911 5437417.4162  31.7730 0.1836098 1.131495 0
4595531.5899 5437418.1584  31.2438 0.1579136 1.130685 0
4595531.2747 5437419.2183  37.2183 0.0352335 1.021765 1
4595531.4858 5437418.6690  32.2523 0.0951675 1.074278 3
4595531.6328 5437418.5288  27.2699 0.1155909 1.031505 1
4595531.7008 5437418.3530  25.6443 0.0378812 1.156937 3
4595531.5586 5437418.9632  27.5602 0.0614797 1.097304 1
4595531.6167 5437418.8140  26.1675 0.0949107 1.223796 3
4595531.3242 5437419.8077  31.7297 0.1622331 1.046366 0
4595531.5457 5437419.4874  24.8649 0.0757078 1.074244 2
4595531.6472 5437419.2295  22.4118 0.0404635 1.083140 3
4595532.3221 5437418.0369   2.8793 0.0385619 0.996134 2
4595532.3615 5437417.9380   1.9184 0.0360301 1.122067 2
4595532.4576 5437417.6966  -0.4252 0.0703598 1.034052 3
4595532.3686 5437415.4490  24.0497 0.0666210 0.962134 1
4595532.2979 5437415.8780  24.1973 0.0615601 1.079537 1
4595531.6248 5437418.1465  37.1788 0.1296012 1.918483 1
4595531.8543 5437417.5374  31.7409 0.0280342 1.071342 3
4595531.5959 5437418.4567  36.4244 0.0828777 1.134497 1
4595532.1982 5437416.8664  22.0381 0.0403532 1.120042 3
4595531.7117 5437418.3881  32.2048 0.0553544 1.217903 1
4595531.7526 5437418.2808  31.2289 0.1348633 1.068299 3
4595531.4416 5437419.3322  37.1914 0.1920437 1.048722 0
4595531.4292 5437419.6002  36.0531 0.1032339 1.043234 1
4595531.6895 5437418.9245  29.7913 0.0370474 1.058550 2
4595531.7804 5437418.6883  27.6007 0.0380836 1.025173 3
4595531.4466 5437419.7935  34.2194 0.0307657 1.270690 3
4595531.6267 5437419.5713  28.3358 0.0487674 1.947836 3
4595532.4047 5437415.9928  24.1899 0.2028842 1.056685 0
4595531.7424 5437418.2427  37.1017 0.1643470 1.164938 0
4595531.7120 5437418.5563  36.3709 0.0480807 1.036934 1
4595531.8242 5437418.4935  32.2011 0.0312500 0.873068 1
4595531.8649 5437418.3856  31.2177 0.2003643 1.057003 3
4595531.6281 5437419.2465  35.4619 0.1411835 1.126762 0
4595531.5360 5437419.7232  36.2749 0.0900609 1.192348 1
4595531.7872 5437419.0661  30.1213 0.0453741 1.425385 3
4595531.5452 5437419.9362  34.6168 0.1897608 1.172419 0
4595532.1818 5437419.7985   9.5540 0.1166791 1.770538 3
4595532.3185 5437419.9817   2.8813 0.0640912 1.256542 3
4595532.2293 5437417.3229  35.0178 0.0597980 1.130574 1
4595532.6425 5437416.2090  25.0995 0.0834019 1.122445 3
4595532.1698 5437417.7152  35.0012 0.1228976 1.122262 0
4595532.0340 5437418.3109  36.7894 0.1340053 1.080916 0
4595531.9929 5437418.6529  36.3250 0.1620048 1.079042 0
4595532.1053 5437418.5909  32.1544 0.0381946 1.435169 1
4595532.4425 5437417.7015  24.0311 0.0815033 1.128984 3
4595531.9059 5437419.3519  35.5031 0.0880710 1.031125 1
4595532.2504 5437418.4484  27.1606 0.0758022 1.018702 3
4595531.8136 5437419.8294  36.3428 0.1568435 1.121533 0
4595531.8410 5437419.9956  34.2365 0.0752467 1.071122 2
4595531.9536 5437419.7036  31.4265 0.0466004 1.087941 3
4595532.5381 5437419.9795   6.0753 0.0978245 1.101216 2
4595532.6515 5437419.6977   3.1501 0.0357366 1.732274 2
4595532.7786 5437419.3820  -0.1008 0.0863212 1.529954 3
4595532.7123 5437419.8132  -0.0264 0.2194259 1.136460 3
4595532.8616 5437415.8979  30.2162 0.1732250 1.088656 0
4595532.6358 5437416.7430  34.0140 0.1885890 1.081169 0
4595532.5847 5437417.1128  33.8414 0.1259033 1.083511 1
4595532.7348 5437416.7085  30.2241 0.0260313 1.051091 3
4595532.6747 5437417.1048  30.2515 0.1688739 1.125587 0
4595532.3195 5437418.2877  37.3146 0.0342909 0.998926 1
4595532.4212 5437418.0168  34.8922 0.1592444 1.076492 3
4595532.2834 5437418.6163  36.7311 0.1076168 1.115468 0
4595532.2446 5437418.9521  36.2153 0.0385580 1.184891 1
4595532.4191 5437418.4920  32.0112 0.0465979 1.428038 3
4595532.2097 5437419.2791  35.5956 0.1961451 1.044883 0
4595532.0449 5437419.9451  38.2103 0.1063686 1.149081 0
4595532.1254 5437419.9723  34.7928 0.0456414 1.254279 3
4595532.2997 5437419.7616  29.0070 0.0437907 1.032904 3
4595533.0910 5437419.2837  -0.2001 0.2696400 1.425648 3
4595533.0277 5437419.7072  -0.2446 0.3942893 1.055026 3
4595532.9740 5437415.8882  30.2689 0.1866796 1.076804 0
4595532.7540 5437416.7211  33.9550 0.1579659 1.071406 0
4595532.6982 5437417.1032  33.8848 0.1136831 1.032098 0
4595532.7855 5437417.0975  30.3196 0.2116558 1.081398 0
4595532.3973 5437418.3763  38.2371 0.0692295 1.013889 1
4595532.4374 5437418.2683  37.2725 0.0480551 1.333974 2
4595532.5356 5437418.0039  34.9114 0.0376060 1.143222 3
4595532.3995 5437418.6006  36.7166 0.0506586 1.014524 1
4595532.6681 5437417.8812  30.2288 0.0273378 0.925289 2
4595532.7224 5437417.7359  28.9182 0.0578887 1.071079 3
4595532.3591 5437418.9399  36.2289 0.0361494 1.254714 1
4595532.6648 5437418.1257  28.8069 0.1209747 1.136555 3
4595532.3248 5437419.2637  35.5874 0.1737885 1.021315 1
4595532.4614 5437418.9019  32.2539 0.0126968 0.911130 2
4595532.4872 5437418.8334  31.6224 0.0242282 0.904166 3
4595532.1629 5437419.9244  38.1453 0.1439684 1.098711 1
4595532.2012 5437419.8234  37.1873 0.0245583 1.044889 3
4595532.3646 5437419.8679  30.1772 0.0487337 1.782480 3
4595532.4103 5437419.9893  27.5416 0.0525122 1.240494 2
4595532.4429 5437419.9049  26.7184 0.0573648 1.075038 2
4595532.4933 5437419.7745  25.4468 0.0757326 1.074686 2
4595532.5606 5437419.6003  23.7330 0.0619335 1.669071 3
4595533.1905 5437419.2637  -0.2405 0.0751812 1.121805 3
4595533.1265 5437419.6882  -0.2877 0.5532399 1.052597 0
4595533.1776 5437415.6251  30.3398 0.0338258 0.945081 1
4595533.0970 5437416.3079  29.1840 0.1398857 1.107830 0
4595532.8457 5437417.2272  33.8098 0.0671248 1.104355 1
4595533.0303 5437416.7225  29.2944 0.0628619 1.210693 3
4595532.6899 5437417.8818  36.1346 0.1703098 1.051893 0
4595532.5490 5437418.4923  38.0703 0.1369831 1.108032 0
4595532.5378 5437418.7519  36.8720 0.0356549 1.393202 1
4595532.6238 5437418.5204  34.7743 0.1808821 1.069619 3
4595532.4949 5437419.0983  36.4448 0.1633828 1.513004 0
4595532.3904 5437419.6086  37.5464 0.1769916 1.105136 0
4595532.4828 5437419.5962  33.7729 0.0837388 1.119160 3
4595532.6847 5437419.7835  24.1536 0.1193961 1.125415 3
4595533.3191 5437419.4236  -0.1667 0.3720107 1.304812 0
4595533.2589 5437419.8388  -0.2539 0.3510079 1.050747 3
4595533.3898 5437416.0259  29.0563 0.0887861 1.075762 1
4595533.0366 5437417.2275  36.0644 0.1237255 1.043455 1
4595532.9937 5437417.5733  35.6696 0.0376836 1.034565 1
4595532.8621 5437418.3891  35.9021 0.0867907 0.971856 0
4595532.6825 5437419.1032  38.7855 0.1104230 1.558266 1
4595532.7472 5437418.9289  37.2014 0.0985857 1.625501 3
4595532.7217 5437419.2277  36.3359 0.2993199 1.483956 0
4595532.5699 5437419.8641  38.6728 0.1155911 1.131218 1
4595532.6125 5437419.7507  37.5917 0.0261776 1.291315 3
4595532.6262 5437419.9469  35.7919 0.0837426 1.373532 2
4595532.7476 5437419.6256  32.6985 0.0314373 1.338123 3
4595533.5440 5437419.5590  -0.3270 0.2800007 1.081286 3
4595533.4789 5437419.9867  -0.2723 0.3616728 1.080883 3
4595533.5678 5437415.9541  28.9710 0.0473666 1.149829 1
4595533.2191 5437417.1492  35.8684 0.1412282 1.141107 1
4595533.1621 5437417.5326  35.8174 0.1718775 1.029220 0
4595533.1090 5437417.9051  35.6296 0.1112508 1.061270 1
4595533.5431 5437416.7156  24.9610 0.0885904 1.758714 3
4595533.1822 5437417.9341  32.3460 0.0387796 1.300212 1
4595533.4372 5437417.2390  26.0706 0.0492714 1.011461 2
4595533.4727 5437417.1422  25.1906 0.0471891 1.488019 3
4595532.8478 5437419.0720  39.0031 0.0350820 1.310578 1
4595532.9042 5437418.9191  37.6225 0.1848197 1.132049 3
4595532.7865 5437419.4652  39.0157 0.0258748 1.052633 1
4595532.8169 5437419.3831  38.2630 0.0826131 1.165784 2
4595532.8502 5437419.2934  37.4417 0.0224395 1.099015 2
4595532.8943 5437419.1743  36.3535 0.0941568 1.594390 3
4595532.7965 5437419.6677  37.2990 0.1814792 1.235788 1
4595532.8615 5437419.4933  35.6396 0.0352018 1.235446 3
4595532.7598 5437419.9958  36.7781 0.2429760 1.046994 1
4595532.8364 5437419.7916  34.8149 0.0244985 1.110988 3
4595532.9588 5437419.9372  28.6881 0.0479711 1.569034 3
4595533.7074 5437419.4954  -0.2390 0.2188478 1.308916 3
4595533.6439 5437419.9184  -0.2753 0.3547683 1.110871 3
4595533.3028 5437417.5885  35.8105 0.1096598 1.091941 1
4595533.2483 5437417.9651  35.6531 0.1762255 1.120410 0
4595533.1881 5437418.3572  35.6359 0.2296533 1.093852 0
4595533.1297 5437418.7451  35.5331 0.1113501 1.130031 1
4595533.3195 5437418.2268  30.8680 0.1090465 1.042712 3
4595532.9357 5437419.5011  38.7813 0.2436058 1.191820 0
4595532.9652 5437419.6492  36.5574 0.2923555 1.204838 0
4595532.9800 5437419.8396  34.6992 0.1027745 1.091783 2
4595533.0219 5437419.7272  33.6165 0.0840002 1.116410 3
4595533.2612 5437419.7991  22.8447 0.1258096 1.552472 2
4595534.1596 5437417.4272   0.1759 0.1753630 1.048066 3
4595533.7728 5437419.9800  -0.2567 0.4054096 1.081547 3
4595533.8939 5437416.0089  30.9764 0.0934377 1.064510 0
4595533.8300 5437416.4150  30.9617 0.2869616 1.030697 0
4595533.7711 5437416.8064  30.8868 0.2064284 1.101596 0
4595533.4808 5437417.8402  36.5439 0.0904208 1.087266 1
4595533.7092 5437417.2065  30.9127 0.0766677 1.051575 3
4595533.3745 5437418.3595  37.6698 0.0683213 1.062881 1
4595533.4256 5437418.2185  36.4090 0.1014791 1.110785 3
4595533.3189 5437418.7376  37.5001 0.1351544 1.088666 1
4595533.3665 5437418.6070  36.3466 0.0601317 1.166134 3
4595533.1943 5437419.3053  39.0021 0.0598713 1.154757 1
4595533.2474 5437419.1602  37.6962 0.0936721 1.601926 2
4595533.3007 5437419.0146  36.3900 0.0234131 1.138376 3
4595533.1464 5437419.6618  38.7069 0.1618959 1.076635 1
4595533.1881 5437419.5485  37.6315 0.0962053 1.265770 3
4595533.1224 5437419.9552  37.8620 0.0298545 1.116530 2
4595533.1881 5437419.7776  36.1614 0.0609839 1.193459 3
4595533.4231 5437419.3768  28.6279 0.0459080 1.231734 2
4595533.3493 5437419.8097  28.9850 0.0579646 1.064438 3
4595534.1095 5437419.2988  -0.2023 0.0562841 1.092268 3
4595534.0448 5437419.7244  -0.2761 0.1147030 1.070977 3
4595534.0424 5437416.4981  30.7092 0.0829682 1.138535 0
4595533.7339 5437417.5866  36.7801 0.1167551 1.053930 1
4595533.6861 5437417.9441  36.4531 0.1083126 1.130783 1
4595533.8147 5437417.5866  33.2856 0.0588129 1.108902 3
4595533.5807 5437418.4609  37.5585 0.0992565 1.082591 1
4595533.7538 5437417.9821  33.2672 0.0509729 1.096637 3
4595533.5140 5437418.8700  37.6255 0.1185386 1.037807 0
4595533.5024 5437419.1280  36.3375 0.0463845 0.984437 1
4595533.5421 5437419.0193  35.3784 0.0586199 1.363725 2
4595533.6850 5437418.6284  31.8971 0.0282418 1.044771 3
4595533.3980 5437419.6394  37.3955 0.0713179 1.295622 1
4595533.4711 5437419.4407  35.5297 0.0686247 0.990707 3
4595533.3749 5437419.9306  36.5200 0.1672760 1.877226 3
4595533.4657 5437419.9159  32.6644 0.1570212 1.186102 0
4595534.2399 5437419.8456  -0.2480 0.1372915 1.023665 3
4595533.8728 5437417.5838  36.6529 0.0541212 1.127485 1
4595534.0050 5437417.2112  33.3760 0.0781832 1.198675 3
4595533.9442 5437417.6064  33.3629 0.2542900 1.080589 0
4595533.7054 5437418.4983  37.7819 0.0906765 1.205271 1
4595533.9253 5437417.8849  32.2933 0.0682022 1.037476 3
4595533.6934 5437418.7549  36.5218 0.2390255 1.084017 0
4595533.6736 5437419.0356  35.4397 0.1514213 1.041071 1
4595533.7024 5437418.9560  34.7300 0.0256148 0.896356 3
4595533.5260 5437419.6674  37.5348 0.0842541 1.051310 1
4595533.7975 5437418.9219  30.7986 0.0633357 1.178746 3
4595533.5022 5437419.9594  36.6556 0.0857208 1.714757 3
4595533.6016 5437419.9172  32.5820 0.0512570 1.722630 1
4595533.6659 5437419.7425  30.9269 0.0758404 1.098834 2
4595533.7220 5437419.5903  29.4939 0.0314991 1.099362 3
4595534.2217 5437416.9586  33.2249 0.0718514 1.184276 1
4595534.1746 5437417.3149  32.8619 0.2642411 1.705342 0
4595533.8988 5437418.5385  36.6716 0.1787501 1.092660 0
4595533.9119 5437418.7256  34.7937 0.0868409 1.102768 1
4595533.9622 5437418.5855  33.5306 0.0754568 1.199310 3
4595534.0152 5437418.6655  30.6230 0.1000478 1.107942 1
4595534.1621 5437418.2584  26.9030 0.0313927 1.032240 3
4595533.8579 5437419.3279  33.0000 0.0353237 0.959163 1
4595533.9088 5437419.1877  31.7283 0.0805021 1.006043 2
4595533.9562 5437419.0570  30.5376 0.0710244 1.173352 3
4595533.7246 5437419.9226  34.8254 0.0349380 1.280999 2
4595533.7718 5437419.7933  33.6140 0.0526410 1.215686 3
4595534.5657 5437419.6036  -0.1148 0.1460103 1.079043 3
4595534.5789 5437416.5290  32.1243 0.0711905 1.080229 1
4595534.5003 5437416.9755  32.5208 0.1465751 1.307194 0
4595534.3977 5437417.7129  31.9551 0.0939600 1.071471 1
4595534.6237 5437417.0771  26.3305 0.0598888 1.226609 2
4595534.2230 5437418.4272  34.7590 0.0934232 1.038591 1
4595534.2668 5437418.3046  33.6605 0.0396082 1.423683 3
4595534.1275 5437418.9178  35.6409 0.2429781 1.049400 0
4595533.9708 5437419.5771  38.0311 0.0999645 1.026320 1
4595534.0711 5437419.2994  35.5197 0.0258712 1.124461 3
4595534.1053 5437419.4309  33.1048 0.1715812 1.145945 0
4595534.0184 5437419.8978  33.7176 0.1422111 1.048906 0
4595534.7686 5437416.4503  32.1567 0.1072348 1.079406 1
4595534.6882 5437416.9022  32.5928 0.1251169 1.095995 1
4595534.5865 5437417.6357  31.9990 0.1033560 1.058416 1
4595534.8119 5437416.9972  26.3589 0.0317568 0.962927 2
4595534.4144 5437418.3447  34.7331 0.1335696 1.150874 0
4595534.3183 5437418.8369  35.6499 0.2498397 1.081299 0
4595534.1617 5437419.4977  38.0975 0.0462399 1.050744 1
4595534.2644 5437419.2113  35.4899 0.0555430 1.146933 3
4595534.2931 5437419.3562  33.2067 0.1546182 1.140073 0
4595534.2080 5437419.8177  33.7602 0.0641032 0.981478 1
4595534.4543 5437419.1384  27.4880 0.0456435 1.246402 3
4595534.8765 5437416.4549  32.1445 0.1028477 1.041955 0
4595534.7975 5437416.9033  32.5555 0.0294520 1.153395 1
4595534.6975 5437417.6320  31.9197 0.1612587 1.029877 0
4595534.5193 5437418.3621  34.8319 0.2422109 1.025963 0
4595534.4287 5437418.8405  35.6294 0.1303014 1.140865 1
4595534.6742 5437418.1447  29.3169 0.0421063 1.046493 3
4595534.3785 5437419.2041  35.3926 0.0474465 1.169495 1
4595534.5945 5437418.5951  29.7524 0.1095442 1.237959 3
4595534.4001 5437419.3665  33.2772 0.1716945 1.090630 0
4595534.5657 5437419.1297  27.3657 0.1124973 1.292528 0
4595535.0800 5437417.0847  31.9778 0.1351555 1.070291 1
4595534.8952 5437417.8350  35.0703 0.1320743 1.072159 1
4595534.9470 5437417.6866  33.7618 0.0264216 1.003287 3
4595534.7504 5437418.6881  35.6215 0.1505740 1.103043 0
4595534.9223 5437418.4254  29.6412 0.1747494 1.117104 1
4595534.7771 5437419.0590  31.8326 0.1014430 1.097188 1
4595534.8351 5437418.8963  30.3204 0.0392771 1.157041 3
4595534.6622 5437419.6049  33.2456 0.1130737 1.071870 0
4595534.8195 5437419.3950  27.5619 0.0472536 1.312034 3
4595535.6560 5437417.8091   0.5518 0.0739996 0.975651 3
4595535.3444 5437419.9015  -0.0892 0.0899021 1.028683 3
4595535.2687 5437417.3528  33.6008 0.1025721 1.046867 1
4595535.2050 5437417.7553  33.6527 0.0844485 1.040482 1
4595535.0595 5437418.3904  35.7826 0.1285647 1.052024 0
4595535.1444 5437418.5940  30.4700 0.1735734 1.053808 0
4595535.0285 5437419.1442  31.8843 0.1445450 1.046753 0
4595535.1445 5437419.0460  27.2767 0.0678731 1.182063 1
4595535.2964 5437417.7225  33.5908 0.0749100 1.194402 1
4595535.1480 5437418.3695  35.8268 0.1526245 1.045844 0
4595535.2331 5437418.5649  30.4505 0.1982141 1.067463 0
4595535.1145 5437419.1251  31.9389 0.2220341 1.056690 0
4595535.0219 5437419.6098  32.7433 0.0447759 1.153587 1
4595535.1597 5437419.4468  27.5108 0.1390604 1.051999 3
4595535.9306 5437418.2516   0.0941 0.0418753 1.144338 3
4595535.4420 5437418.5407  30.4518 0.1792914 1.017495 0
4595535.3256 5437419.0949  31.8654 0.1409127 1.173251 1
4595535.2146 5437419.6324  33.1378 0.1262471 1.157913 1
4595535.3665 5437419.4261  27.5158 0.1487021 1.014597 0
4595535.7481 5437418.1496  30.0374 0.1092542 1.025200 1
4595535.5082 5437419.2791  33.1066 0.0282842 0.956150 1
4595535.5650 5437419.1168  31.6078 0.0851749 1.166794 3
4595535.5069 5437419.7267  29.8127 0.0607560 1.077462 1
4595535.6003 5437419.4628  27.3812 0.1326067 1.054456 3
4595535.6576 5437419.7574  22.4337 0.0325374 1.014277 1
4595536.0991 5437419.0012   7.1080 0.0430623 1.091523 1
4595536.1577 5437418.8393   5.5242 0.0680980 1.631861 2
4595536.2933 5437418.7094   0.0432 0.0400323 0.934963 3
4595535.5873 5437419.3134  33.2123 0.1198463 1.119982 0
4595535.5873 5437419.7527  29.8330 0.1448421 1.110001 0
4595535.7369 5437419.7757  22.3852 0.0493228 1.146538 1
4595536.1721 5437419.0161   7.0361 0.0462022 1.112811 2
4595535.9743 5437418.5379  30.0242 0.0935744 1.271760 1
4595535.8461 5437419.1297  31.7911 0.0461827 0.987865 1
4595535.9822 5437418.7337  28.1398 0.0838657 1.129928 3
4595535.8899 5437419.4423  27.2560 0.1330107 1.061684 0
4595536.2974 5437419.1979   9.1444 0.0447191 0.995683 1
4595536.2178 5437419.3670  26.6425 0.1171398 1.205868 1
4595536.2834 5437419.1786  24.8736 0.0254189 1.112492 3
4595536.2195 5437419.5852  24.8873 0.0794554 1.148984 1
4595536.2478 5437419.7425   0.1567 0.0842521 1.260561 3
