    X-Koord.     Y-Koord. Z-Koord.      Int.   Pulsb. W
4595579.1893 5437420.3913   0.2792 0.4460834 1.056440 3
4595578.6916 5437420.7440   0.2013 0.0664324 1.117195 3
4595578.7936 5437420.2626   1.7803 0.0801710 1.260058 3
4595578.8624 5437420.2189   3.1504 0.0990005 1.166531 3
4595578.9325 5437420.1947   4.5699 0.0480903 1.178752 3
4595578.6501 5437420.0376  10.3950 0.1450926 1.278608 3
4595577.6715 5437420.7128   0.1188 0.0833342 1.059849 3
4595578.8361 5437420.3037  23.6586 0.0442139 1.066028 1
4595578.7008 5437420.3836  29.3884 0.0620251 1.269223 1
4595578.8069 5437420.8754  32.1112 0.1050584 1.459520 1
4595578.0003 5437420.6783  28.3726 0.1641501 1.261612 1
4595578.1666 5437421.0860  32.2281 0.0622382 1.176893 1
4595578.2346 5437421.1211  33.6646 0.0221728 0.841503 1
4595578.1986 5437420.6939  32.4680 0.0819245 1.301909 2
4595577.2195 5437420.2164  25.8465 0.0616613 1.147417 1
4595577.5268 5437420.6747  32.5872 0.0282907 0.836523 1
4595577.6019 5437420.7847  34.2285 0.0194182 0.817018 1
4595577.5829 5437420.5621  33.6057 0.0398085 1.454718 2
4595577.5579 5437420.2690  32.7855 0.0650885 1.086926 2
4595576.7520 5437421.4874  27.8486 0.0689695 1.495036 1
4595576.6550 5437420.3941  24.7306 0.0411802 1.378003 2
4595576.8171 5437421.4609  29.1460 0.0401853 1.100260 1
4595576.8449 5437421.0112  29.2407 0.0497073 1.108463 2
4595576.7975 5437420.4707  27.7091 0.0395202 1.001890 2
4595576.9258 5437421.1720  31.0552 0.0446537 1.248998 1
4595576.9844 5437421.0798  32.1508 0.0788448 1.242239 1
4595577.0076 5437420.5815  32.0969 0.0988235 1.449556 1
4595577.0902 5437420.0085  33.1695 0.0214323 0.756116 3
4595576.1485 5437420.9135  28.7885 0.0271801 1.052368 1
4595576.1258 5437420.6596  28.0682 0.0322809 1.032114 2
4595576.2181 5437420.9327  30.2106 0.0375533 1.174519 1
4595576.3348 5437420.7314  32.3544 0.0869131 1.020075 1
4595576.4882 5437420.2030  34.8965 0.0516580 1.069084 1
4595573.8813 5437421.5495   0.0388 0.0465985 1.119615 3
4595573.9360 5437420.5489   0.0399 0.1541948 1.068453 3
4595575.1540 5437421.5917  25.1910 0.0978914 1.061587 2
4595575.3882 5437420.3431  28.5240 0.0677134 1.034322 1
4595573.2740 5437421.3233   0.0244 0.2863551 1.052762 3
4595574.5466 5437422.0186  25.6500 0.0413320 1.088013 1
4595574.4324 5437420.8199  22.1431 0.0377968 1.210088 2
4595574.6866 5437420.4978  26.7876 0.0445408 1.223128 1
4595572.6268 5437421.0776   0.0511 0.0620458 1.182416 3
4595573.4471 5437420.7692  15.5844 0.0500093 1.071630 1
4595573.8691 5437422.0697  25.1155 0.0636117 1.049244 1
4595573.7716 5437421.0635  22.1725 0.0517497 1.353841 2
4595573.7859 5437420.4591  21.8091 0.0541946 0.984268 1
4595573.9676 5437420.8475  25.7352 0.0695042 1.138782 1
4595571.7756 5437421.0145   0.0148 0.0974915 1.050508 3
4595572.6126 5437421.4673  16.4091 0.0332574 0.872642 1
4595572.6388 5437420.9762  16.3985 0.0384813 1.003704 1
4595572.6945 5437420.0273  16.4788 0.1082741 1.690802 1
4595571.8909 5437420.8299  16.6683 0.0582103 1.037976 1
4595571.9284 5437420.4471  16.9743 0.0752019 1.380693 1
4595571.3238 5437420.6498  16.8484 0.0470168 0.940673 1
4595571.6314 5437420.0796   0.0276 0.3811724 1.066393 3
4595571.5669 5437420.5051   0.0072 0.5293733 1.108197 3
4595571.5024 5437420.9303  -0.0004 0.4672309 1.054294 3
4595571.4365 5437421.3602   0.0216 0.2194836 1.055039 3
4595571.7067 5437420.2703  16.9190 0.1065332 1.155402 1
4595571.6498 5437420.6650  16.7751 0.0828186 1.296366 1
4595571.6005 5437421.0371  16.4353 0.0577900 1.167290 1
4595572.0975 5437420.0872   0.0401 0.4609169 1.048764 3
4595572.0330 5437420.5131   0.0219 0.4297559 1.051021 0
4595571.9681 5437420.9398   0.0203 0.3361223 1.078168 3
4595571.9031 5437421.3671   0.0188 0.3875373 1.050763 3
4595572.0850 5437420.0799  16.8687 0.0659960 1.055388 1
4595572.0293 5437420.4712  16.6917 0.0441850 1.110573 1
4595572.4135 5437420.3212   0.0370 0.6702343 1.063959 0
4595572.3489 5437420.7474   0.0252 0.2324956 1.030862 3
4595572.2843 5437421.1734   0.0145 0.1224927 1.074649 3
4595572.2197 5437421.5993   0.0028 0.1457749 1.028014 3
4595572.7961 5437420.2673   0.0645 0.5703227 1.062750 3
4595572.7314 5437420.6942   0.0615 0.3645721 1.042868 3
4595572.6683 5437421.1163   0.0215 0.6121665 1.057554 3
4595572.6027 5437421.5460   0.0386 0.0732320 1.063703 3
4595572.8307 5437420.7470  16.0616 0.0300388 1.000055 1
4595572.7629 5437421.1734  16.2017 0.0672595 0.979453 1
4595573.2633 5437420.2590   0.0834 0.6786521 1.063311 0
4595573.1985 5437420.6860   0.0817 0.6220118 1.055586 0
4595573.1356 5437421.1078   0.0375 0.5484815 1.065905 3
4595573.0704 5437421.5358   0.0503 0.7497575 1.072139 0
4595573.0046 5437421.9657   0.0698 0.3279711 1.050640 3
4595573.6334 5437420.0535   0.0881 0.6432654 1.040507 0
4595573.5695 5437420.4775   0.0585 0.5386299 1.040261 0
4595573.5060 5437420.9009   0.0241 0.5924096 1.061553 0
4595573.4403 5437421.3301   0.0520 0.6102409 1.083658 0
4595573.3750 5437421.7581   0.0615 0.5864201 1.068356 0
4595573.3217 5437420.5649  21.9481 0.0236731 0.982652 1
4595573.7396 5437421.0774   0.0446 0.6285657 1.062056 0
4595573.6740 5437421.5074   0.0713 0.9450932 1.019093 0
4595573.7771 5437420.2758  21.8716 0.0356060 1.059426 1
4595573.7080 5437420.7030  22.0657 0.0667865 1.059777 1
4595573.6408 5437421.1240  22.2239 0.0446782 1.033035 1
4595573.5763 5437421.5383  22.3107 0.0369020 0.973417 1
4595573.5179 5437421.9347  22.2397 0.0506965 1.060091 1
4595574.1360 5437421.2136   0.1015 0.7423438 1.063827 0
4595574.0713 5437421.6408   0.1067 0.7961639 1.066046 0
4595573.9918 5437420.7985  25.6486 0.0754200 1.111012 1
4595574.1372 5437420.3898  22.0563 0.0306037 1.004477 2
4595573.9465 5437421.1569  25.2720 0.0840124 1.284719 1
4595573.8818 5437421.5688  25.3779 0.0551607 1.076075 1
4595574.0074 5437421.2195  22.2484 0.0463158 1.263898 2
4595574.7044 5437420.0243   0.0975 0.6619148 1.056169 0
4595574.5758 5437420.8767   0.0569 0.1117995 0.981002 3
4595574.5111 5437421.3041   0.0649 0.2391817 1.055236 3
4595574.4461 5437421.7320   0.0764 0.6009530 1.066124 0
4595574.3290 5437420.2680  25.5439 0.0305300 1.091035 2
4595574.2162 5437421.0479  25.3386 0.0338598 1.155408 1
4595574.1442 5437421.4806  25.6315 0.0680506 1.135452 1
4595574.2815 5437421.0978  22.2119 0.0401493 1.101458 2
4595574.0930 5437421.8563  25.3964 0.0758395 1.325739 1
4595574.9149 5437420.3211   0.0673 0.6264626 1.078259 0
4595574.8506 5437420.7482   0.0494 0.3323777 1.050941 3
4595574.7195 5437421.6081   0.1041 0.5344022 1.069100 0
4595574.6525 5437422.0419   0.1650 0.0352475 1.018761 3
4595574.7563 5437420.2556  21.9257 0.0369369 1.085853 1
4595574.5478 5437421.0727  25.5470 0.0411286 1.126175 1
4595574.6880 5437420.6811  22.0938 0.0306191 1.071919 2
4595574.8250 5437420.2985  18.7321 0.0440009 1.496036 2
4595574.4770 5437421.5028  25.8101 0.0460215 1.098793 1
4595574.6394 5437421.0516  21.7896 0.0586275 1.177295 2
4595574.5796 5437421.4536  21.7632 0.0363850 1.133995 1
4595574.5239 5437421.8437  21.6330 0.0583654 1.207710 1
4595574.6265 5437421.5617  19.0767 0.0409023 1.139880 2
4595575.2616 5437420.3178   0.0605 0.0441057 1.033701 3
4595575.1959 5437420.7489   0.0826 0.1041361 1.072287 3
4595575.1303 5437421.1795   0.1042 0.0488947 1.008794 3
4595575.0669 5437421.6042   0.0729 0.1756290 1.073122 3
4595575.1535 5437420.4174  22.1192 0.0461221 1.236643 1
4595574.7880 5437421.6638  29.5337 0.0578603 1.091857 1
4595574.7464 5437422.0105  29.0881 0.0708343 1.009456 1
4595574.7721 5437421.9399  28.4593 0.0122069 0.687462 2
4595575.7413 5437420.0296   0.0214 0.0962837 1.026709 3
4595575.6769 5437420.4569   0.0115 0.1956336 1.034069 3
4595575.6107 5437420.8888   0.0439 0.1371991 1.118164 3
4595575.5450 5437421.3201   0.0591 0.3906047 1.063690 3
4595575.4804 5437421.7482   0.0536 0.4183962 1.042946 3
4595575.3473 5437420.5776  25.0054 0.0502348 1.240162 1
4595575.0956 5437421.5088  29.6394 0.1026585 1.140640 1
4595575.0759 5437421.7959  28.6581 0.1617275 1.237822 1
4595575.9937 5437420.2728   0.0060 0.1171506 1.003755 3
4595575.9273 5437420.7059   0.0443 0.1111513 1.043483 3
4595575.8602 5437421.1410   0.0989 0.2211709 1.062120 3
4595575.7960 5437421.5680   0.0799 0.6888307 1.081703 0
4595575.5739 5437420.1163  28.5546 0.1117799 1.102605 1
4595575.4189 5437420.7816  30.8359 0.0475727 1.048186 1
4595575.5042 5437420.7731  27.3277 0.0402100 1.084440 1
4595575.5929 5437420.5256  25.1863 0.0326658 1.139331 2
4595575.5323 5437420.9282  25.1776 0.0268531 1.118452 1
4595575.8101 5437420.1569  18.4387 0.0386951 1.139721 2
4595575.2913 5437421.8293  29.5688 0.1265539 1.164818 1
4595575.3353 5437421.7076  28.4939 0.0398756 1.134377 3
4595576.2452 5437420.1965   0.0290 0.2954935 1.064034 3
4595576.1804 5437420.6255   0.0302 0.0829964 1.055899 3
4595576.1151 5437421.0560   0.0400 0.0728609 1.048586 3
4595576.0452 5437421.4983   0.1646 0.0730330 1.221237 3
4595575.9929 5437420.1964  28.8768 0.0486976 1.088750 1
4595575.8690 5437420.7730  30.3958 0.0700734 1.065015 1
4595575.7697 5437421.7474  28.4534 0.1674495 2.074745 1
4595575.9223 5437421.3306  24.7820 0.0322443 1.203295 2
4595576.0032 5437421.1096  22.8345 0.0254278 1.151007 2
4595576.6277 5437420.6682   0.0013 0.0428768 1.134640 3
4595576.4976 5437421.5284   0.0236 0.1432402 1.043558 3
4595576.1849 5437420.4686  32.3596 0.0841399 1.171018 1
4595576.1942 5437420.6733  30.7241 0.0568498 1.161069 1
4595576.1250 5437421.0971  30.9445 0.0628287 1.080714 1
4595576.1292 5437421.5531  27.9755 0.0334657 1.041375 1
4595576.1846 5437421.4018  26.6485 0.0624817 1.169752 2
4595577.0339 5437420.0945   0.0650 0.0402663 0.983730 3
4595576.3508 5437420.3407  32.3234 0.0735810 1.036307 1
4595576.4217 5437420.3709  29.2089 0.0627008 1.371494 1
4595576.2946 5437420.9568  30.8094 0.1046485 1.254712 1
4595576.3561 5437420.7853  29.3374 0.0417826 1.367358 2
4595576.4108 5437420.6327  28.0283 0.0362197 1.299926 2
4595576.2154 5437421.4076  31.2679 0.0253255 1.055750 1
4595576.4383 5437421.0249  24.4500 0.1365742 1.068946 1
4595576.2801 5437421.6955  26.8015 0.0358339 1.645029 3
4595576.7097 5437420.3778  31.4729 0.0914963 1.042170 1
4595576.8131 5437420.0883  29.0157 0.0702854 1.103625 2
4595576.6988 5437420.8715  28.8902 0.0508103 1.411227 1
4595576.5394 5437421.5453  31.2714 0.0531329 1.064015 1
4595576.6837 5437421.1474  27.8126 0.0419271 1.362962 2
4595576.6561 5437421.4593  27.0281 0.0878707 1.103615 1
4595576.7249 5437421.2707  25.3724 0.0760071 1.082118 2
4595576.9747 5437420.7102  34.1306 0.0445116 1.090986 1
4595577.0529 5437420.4926  32.2872 0.0501742 1.488358 2
4595577.0896 5437420.6231  30.0177 0.0323921 1.240807 1
4595576.9700 5437421.1862  31.4461 0.0531452 1.638738 1
4595576.9125 5437421.5776  31.3993 0.0482853 1.191795 1
4595577.0562 5437421.1842  27.9783 0.0279222 1.178024 2
4595577.1046 5437421.2900  25.3886 0.0701434 1.077673 2
4595577.1724 5437421.1054  23.7670 0.0555102 1.185045 3
4595577.2872 5437420.1453  33.6683 0.0900473 1.358606 1
4595577.3674 5437420.3818  28.9717 0.0342887 1.160630 1
4595577.4179 5437420.2415  27.7751 0.0764385 0.969804 2
4595577.2267 5437421.0055  30.8996 0.0550132 1.442081 1
4595577.1328 5437421.4973  31.7234 0.1029022 2.081234 1
4595577.3907 5437420.7873  25.5640 0.0547481 1.102242 2
4595577.3288 5437421.1938  25.6077 0.0946778 1.023424 1
4595577.5659 5437420.0009  32.5955 0.0829381 1.183185 1
4595577.4638 5437420.9782  30.8184 0.0411082 1.465646 1
4595577.5415 5437420.7624  28.9603 0.0338748 1.082485 2
4595577.5787 5437420.6591  28.0697 0.0338095 1.311265 2
4595577.3655 5437421.4830  31.7540 0.0761902 1.957512 1
4595577.6351 5437420.7383  25.2864 0.0271603 0.794481 2
4595577.7441 5437420.6271  33.4257 0.0478677 1.218667 1
4595577.9301 5437420.1066  29.0103 0.0369506 1.211754 2
4595577.6851 5437421.2535  32.0399 0.0449152 1.237285 1
4595577.9686 5437420.7064  23.8194 0.0319017 0.867106 1
4595577.9341 5437421.0397  23.2075 0.0294130 1.066413 3
4595578.0034 5437420.5920  33.5987 0.0267922 0.889881 1
4595578.0487 5437420.4652  32.5247 0.0633105 1.467944 3
4595578.0552 5437420.6783  30.9733 0.0352356 1.160843 2
4595577.9547 5437421.1899  31.9686 0.0964157 1.187924 1
4595578.2309 5437420.4235  25.3641 0.0383306 1.056007 2
4595578.1785 5437420.8054  25.1884 0.0574149 1.072027 1
4595578.2891 5437420.5001  22.5344 0.0668933 2.013889 2
4595578.3768 5437420.2580  20.4299 0.0389475 1.267122 2
4595578.1005 5437421.2573  25.6312 0.0858548 1.056952 1
4595578.1796 5437421.0401  23.7251 0.0807811 1.182181 3
4595578.7768 5437420.9208   0.1047 0.0397807 1.016992 3
4595578.3051 5437420.3733  32.4518 0.0198577 0.979248 1
4595578.3532 5437420.2381  31.3109 0.0349952 1.263969 2
4595578.5495 5437420.1561  23.7932 0.0442099 0.983144 1
4595578.5879 5437420.0491  22.8654 0.0220651 1.045038 2
4595578.4921 5437420.5533  23.7395 0.0446456 1.002460 1
4595578.5329 5437420.4401  22.7526 0.0535135 1.636987 2
4595578.4284 5437420.9668  23.8317 0.0445438 1.012064 1
4595578.4748 5437420.8390  22.7137 0.0559859 2.278051 2
4595578.5278 5437420.6931  21.4331 0.0678855 1.320205 2
4595578.6391 5437420.2890  31.6711 0.0383837 1.283187 1
4595578.5716 5437420.7091  31.8987 0.0520116 1.223052 1
4595578.6034 5437420.6204  31.1386 0.0267657 1.173947 2
4595578.8567 5437420.1491  23.6358 0.0250321 1.031720 1
4595578.7549 5437420.6693  24.6694 0.0206497 0.865414 1
4595578.8075 5437420.5238  23.3980 0.0343570 1.125402 2
4595578.8617 5437420.3739  22.0854 0.0308771 1.229975 2
4595578.9277 5437420.1915  20.4857 0.0244215 1.086486 2
4595578.6942 5437421.0745  24.7112 0.0458369 1.061544 1
4595578.7504 5437420.9199  23.3503 0.0967419 1.692287 2
4595578.8994 5437420.3737  32.0586 0.0546947 1.220948 1
4595578.8467 5437420.7528  31.9359 0.0700082 1.147610 1
4595578.7666 5437421.2073  32.4700 0.0398897 1.487892 1
4595579.0222 5437420.9723  23.4803 0.0675244 1.208013 2
4595579.0991 5437420.3440  32.3668 0.0508660 1.171034 1
4595579.0551 5437420.6984  32.0475 0.0357347 1.079390 1
4595578.7471 5437421.0833   0.1317 0.3690020 1.081765 3
4595579.0580 5437420.0253   4.5018 0.1081591 1.697550 3
4595578.0313 5437421.0068   0.0108 0.1797372 1.022487 0
4595577.3606 5437421.2566   0.0229 0.3400872 1.050980 0
4595577.3625 5437420.7956   0.0352 0.3649127 1.065067 0
4595578.6737 5437420.7986  23.5205 0.0662680 1.447779 1
4595578.6311 5437420.8838  22.9302 0.0485442 0.998145 2
4595578.8373 5437420.0405  25.7525 0.0353081 1.044634 1
4595578.6850 5437420.3428  23.6550 0.0409125 1.128235 2
4595578.5780 5437420.5553  22.1753 0.0268562 1.050598 2
4595577.0087 5437421.3832   0.0644 0.3704848 1.074430 3
4595577.0083 5437420.9269   0.0414 0.2379921 1.081807 3
4595578.8089 5437420.7509  32.4002 0.0885938 1.155568 1
4595578.7626 5437420.8452  31.7615 0.0468395 1.160763 3
4595578.8180 5437420.3094  32.4956 0.0776469 1.102948 1
4595578.7586 5437420.0057  31.6507 0.0356731 0.975550 1
4595578.2959 5437420.9333  25.2488 0.0407070 1.138137 2
4595578.1838 5437420.7263  23.6653 0.0506290 1.280613 1
4595578.1387 5437420.8161  23.0358 0.0168802 0.753156 2
4595578.1931 5437420.2752  23.7742 0.0463224 1.091570 2
4595576.5059 5437421.3217   0.0411 0.1473772 1.066174 3
4595576.5059 5437420.8647   0.0260 0.4974226 1.061577 0
4595578.0691 5437421.1729  31.9079 0.0433578 1.208959 1
4595578.1278 5437420.6320  32.6885 0.1010351 1.473139 1
4595577.7812 5437421.3283  27.9119 0.0325324 1.019971 3
4595578.1253 5437420.2165  32.6254 0.0430407 1.023315 1
4595577.9505 5437420.1403  30.1860 0.0402517 1.071022 2
4595575.7929 5437421.2224   0.0509 0.1950039 1.049957 3
4595577.7355 5437420.6795  32.7014 0.0373508 1.029698 1
4595577.3836 5437421.3865  27.8482 0.0372625 0.932442 3
4595577.7114 5437420.3061  32.3331 0.0574198 1.163679 1
4595577.5469 5437420.6342  30.0682 0.0554817 1.501798 2
4595577.1085 5437421.5086  23.9982 0.0464202 1.205691 3
4595575.4059 5437421.7208   0.0966 0.1295413 0.982890 0
4595575.4123 5437420.7997   0.1095 0.1128520 1.006724 3
4595577.3967 5437421.4194  32.3438 0.1109806 1.922297 0
4595577.5105 5437420.7680  33.8822 0.0547278 1.113162 1
4595576.8926 5437421.5893  25.2629 0.1382578 1.000913 1
4595575.1054 5437421.5410   0.0785 0.1617601 1.048185 3
4595576.6029 5437421.3599  31.1531 0.0388735 1.177468 1
4595576.8502 5437420.4461  34.5097 0.0592428 1.449021 1
4595576.6788 5437420.7876  32.1570 0.0411305 1.013142 2
4595576.5969 5437420.9506  31.0324 0.0228800 0.992156 3
4595576.6978 5437420.3292  32.3751 0.0461349 1.297926 1
4595576.4388 5437420.4184  28.7761 0.0641560 2.573570 3
4595576.3911 5437420.0871  28.0733 0.0600096 1.293526 2
4595574.3682 5437421.7612   0.0234 0.2111846 1.067731 3
4595574.3794 5437420.8344   0.0440 0.2252024 1.045753 3
4595574.3833 5437420.3740   0.0357 0.6383667 1.044254 0
4595575.8234 5437421.6870  27.7143 0.1994570 1.352164 0
4595576.0461 5437420.8229  30.7216 0.0440017 1.350535 1
4595576.1742 5437420.1514  32.4268 0.0258708 1.099321 1
4595576.0508 5437420.3934  30.7392 0.0349240 0.957601 2
4595576.0109 5437420.4717  30.1931 0.0362296 1.709751 3
4595575.2160 5437421.1650  19.2107 0.0493808 1.373635 1
4595573.8261 5437422.0388   0.0494 0.1609452 1.091477 3
4595573.8419 5437420.6513   0.0575 0.6199123 1.035545 0
4595573.8476 5437420.1884   0.0728 0.6138840 1.049502 0
4595575.5392 5437421.7949  27.3555 0.0326142 1.027159 1
4595575.7853 5437420.8831  30.6825 0.0395902 1.168329 1
4595575.3960 5437421.6560  25.3351 0.0346488 1.160909 2
4595575.9213 5437420.1949  32.4929 0.0487411 1.126666 1
4595575.7877 5437420.4583  30.6588 0.0290293 1.099373 2
4595575.6538 5437420.7221  28.8185 0.0236394 0.910298 2
4595573.5851 5437422.0929   0.1221 0.0407926 0.991401 3
4595573.5870 5437421.6379   0.0781 0.1778659 1.084056 3
4595573.5943 5437421.1725   0.0971 0.3132080 1.063988 0
4595573.6001 5437420.7112   0.0936 0.5909922 1.055377 0
4595573.6075 5437420.2458   0.1190 0.4707359 1.046490 3
4595575.0902 5437421.9645  29.2031 0.2158076 2.047293 1
4595575.1215 5437421.4809  29.5643 0.0467033 1.101727 1
4595574.8025 5437421.6892  25.1677 0.0458920 1.057108 2
4595574.8073 5437421.2536  25.1610 0.0894325 1.083411 1
4595574.5592 5437421.3103  21.7234 0.0381985 0.960008 1
4595574.8261 5437420.3665  25.2730 0.0438840 1.051126 2
4595574.5968 5437420.3804  22.0803 0.0394461 1.196404 1
4595572.9888 5437421.6546   0.0177 0.0543852 1.059539 3
4595572.9941 5437421.1932   0.0112 0.1094589 1.012282 3
4595573.0016 5437420.7280   0.0283 0.3219094 1.025306 3
4595573.0089 5437420.2626   0.0483 0.1955590 1.011025 3
4595574.2394 5437421.3850  25.5667 0.0880597 1.420690 1
4595573.9850 5437420.5983  21.9043 0.0656834 1.133776 1
4595572.3849 5437421.3967   0.0222 0.0597943 1.149472 3
4595572.3899 5437420.9377   0.0016 0.0909130 1.047644 3
4595572.3962 5437420.4749  -0.0010 0.1635045 0.991849 3
4595572.4052 5437420.0091   0.0377 0.1401450 1.016052 3
4595573.9920 5437421.5343  25.3354 0.0476687 1.306431 1
4595574.0227 5437421.0523  25.6545 0.0630934 1.019819 1
4595573.7678 5437421.5491  22.2261 0.0375010 1.121826 2
4595574.0964 5437420.4867  26.5503 0.0703527 1.149522 1
4595573.7748 5437421.1089  22.2253 0.0243707 0.988699 2
4595572.1700 5437421.5218   0.0267 0.0816693 0.993311 3
4595572.1789 5437421.0558   0.0469 0.0613502 1.040547 3
4595572.1864 5437420.5932   0.0486 0.0951840 1.059608 3
4595572.1945 5437420.1297   0.0634 0.4003602 1.064405 0
4595573.6640 5437421.1517  25.3896 0.0779133 1.446165 1
4595573.6821 5437420.6939  25.5345 0.0873705 1.284158 1
4595573.4268 5437421.1891  22.0975 0.0308167 1.145405 2
4595573.6836 5437420.2687  25.4635 0.0455841 0.965976 1
4595573.4274 5437420.7619  22.0064 0.0527465 1.364900 2
4595571.8447 5437421.1163   0.0423 0.0808356 1.061444 3
4595571.8482 5437420.6617  -0.0172 0.1264507 1.095845 3
4595571.8598 5437420.1917   0.0390 0.5295147 1.070852 0
4595572.4700 5437421.0896  16.3616 0.0447572 1.112491 1
4595571.2929 5437421.0833   0.0048 0.4949243 1.032562 3
4595571.3050 5437420.6128   0.0516 0.2582183 1.008675 0
4595572.1829 5437420.0086  16.6734 0.0547328 1.129323 2
4595571.5210 5437421.0965  16.5261 0.1212879 1.172265 1
4595571.5402 5437420.6308  16.6609 0.1010594 1.110585 1
4595571.5757 5437420.1347  17.0240 0.0421138 1.226366 1
4595571.6651 5437420.6520   0.0270 0.0779818 1.267823 3
4595571.6319 5437421.1288   0.0135 0.0825374 1.030017 3
4595571.4834 5437420.2391  16.9263 0.0429514 1.003604 1
4595571.4683 5437420.6166  16.0169 0.0653816 1.253459 2
4595572.0053 5437420.3401  16.7052 0.0487606 1.553682 3
4595572.5476 5437420.0706   0.0634 0.0517018 1.277771 3
4595572.7622 5437420.3528  -0.0081 0.1905476 1.069176 3
4595572.8645 5437420.4726  -0.0378 0.0807359 1.060613 3
4595573.0707 5437420.2236   0.0522 0.1410199 1.042144 3
4595573.3633 5437420.5321   0.0079 0.0335734 1.058966 3
4595573.1146 5437420.9054  16.1495 0.0996580 1.087466 1
4595573.2103 5437421.1451  16.0128 0.0370323 1.049545 1
4595573.5363 5437420.6206   0.0031 0.0818373 1.047822 3
4595573.2947 5437421.0247  16.0776 0.0776022 1.190954 2
4595573.9273 5437420.0553   0.0580 0.1702809 1.056251 3
4595573.5768 5437420.7621  21.9183 0.0304416 1.053885 1
4595573.5012 5437421.1836  25.1609 0.0294139 0.953875 1
4595573.8436 5437421.2458  22.1418 0.0488850 1.095891 1
4595573.8689 5437420.2954  25.4481 0.0336628 0.987313 1
4595573.8073 5437421.7560  21.9988 0.0463488 1.102038 2
4595573.8335 5437420.7895  25.3311 0.0430687 1.084402 1
4595573.7982 5437421.2803  25.2319 0.0725263 1.162332 1
4595574.0038 5437420.9964  22.0957 0.0405636 1.036338 1
4595573.9963 5437420.4866  25.4167 0.0441648 1.151149 1
4595573.9320 5437421.3053  25.5980 0.1000331 1.255358 1
4595574.3701 5437420.4246  21.9834 0.0373923 1.129424 2
4595574.2958 5437420.7639  25.4198 0.0437636 0.992567 1
4595574.2631 5437421.1881  25.4744 0.0729726 1.610050 1
4595574.9418 5437420.8955   0.0654 0.0414338 1.228686 3
4595574.6211 5437420.0885  26.5121 0.0265270 0.946273 1
4595574.5885 5437420.5073  26.5516 0.0524800 1.125131 1
4595574.5344 5437421.4345  25.4245 0.0830420 1.357349 1
4595574.8081 5437420.7728  21.9857 0.0846033 1.448790 1
4595574.7926 5437420.4099  24.9739 0.0177083 0.721236 0
4595574.7892 5437420.1298  26.6979 0.0483297 1.171101 2
4595574.7027 5437421.4599  25.6428 0.0716585 1.284487 1
4595574.9496 5437421.0857  25.2669 0.0374992 1.206895 1
4595574.9198 5437421.4299  25.5027 0.0374977 1.110317 1
4595574.8898 5437421.7764  25.7300 0.0490979 1.113628 1
4595575.3194 5437420.4460  24.5460 0.0231294 0.879845 2
4595575.2868 5437420.1141  28.4835 0.0807763 1.574783 2
4595575.2269 5437421.5413  25.0901 0.0276498 1.207963 2
4595575.1946 5437421.9423  25.1855 0.0262123 0.977435 1
4595575.2084 5437421.2507  27.8632 0.0322003 1.123725 1
4595575.1729 5437421.3700  29.6489 0.1518694 1.016376 0
4595575.6476 5437420.3383  18.7861 0.0413042 1.029300 2
4595575.5380 5437420.6704  24.4095 0.0416424 1.286043 2
4595575.4987 5437421.2366  24.1028 0.0675180 1.161813 2
4595575.4817 5437421.2681  25.0803 0.1569625 1.319833 2
4595575.4451 5437421.7680  24.9359 0.0413962 1.047377 1
4595575.4595 5437421.0531  27.6826 0.0544967 1.170724 1
4595575.3822 5437421.7910  29.0376 0.1208200 1.405949 1
4595575.8371 5437420.2313  18.7887 0.0365344 1.084441 2
4595575.8021 5437420.6872  18.7615 0.0461593 2.289434 2
4595575.7582 5437420.5880  22.2337 0.0266343 1.038158 2
4595575.6987 5437420.1411  28.5716 0.0473075 1.425613 1
4595575.6750 5437420.7026  27.2352 0.0301137 1.072176 2
4595575.6326 5437421.7046  24.8374 0.0325341 1.246832 2
4595575.6152 5437421.7471  25.7853 0.0855409 1.089067 1
4595575.5924 5437421.5585  28.3109 0.1539933 0.990699 1
4595575.6035 5437420.9375  30.8123 0.0259341 0.944881 1
4595575.5792 5437421.5085  29.4621 0.0294001 1.018159 2
4595576.1258 5437420.4142  18.4569 0.0302817 1.057766 1
4595576.0696 5437420.9937  19.2096 0.0397573 1.229532 1
4595575.9615 5437421.2896  24.8939 0.1121289 1.063404 1
4595575.9937 5437420.1443  28.6801 0.0372673 0.946740 2
4595575.9400 5437421.0566  27.5424 0.0394602 1.465596 1
4595575.9475 5437420.5086  29.8871 0.0474610 1.086665 1
4595576.4572 5437420.2299  18.5471 0.0265411 0.830011 1
4595576.4359 5437420.3453  19.3514 0.0277727 0.883166 1
4595576.4253 5437420.6091  18.7059 0.0334269 1.317940 2
4595576.3707 5437420.7393  21.6223 0.0615042 1.076054 1
4595576.2910 5437421.4952  22.9845 0.0280439 1.010688 3
4595576.2865 5437421.2116  24.7251 0.1068928 1.188467 1
4595576.3167 5437420.0923  28.4540 0.1375086 1.305477 2
4595576.2557 5437421.1845  26.8856 0.0242184 0.893986 1
4595576.2486 5437420.5940  30.3643 0.1031637 1.357009 1
4595576.2032 5437421.6874  27.7586 0.1099462 1.213244 3
4595576.1839 5437421.7718  28.5923 0.1141627 1.289206 1
4595576.2174 5437420.5929  32.4149 0.0439129 1.057047 1
4595576.6260 5437420.8078  18.6219 0.0404985 1.276637 2
4595576.5584 5437420.8447  22.8384 0.0364433 1.055644 1
4595576.5412 5437421.2666  21.8145 0.0409040 1.396657 2
4595576.5709 5437420.1439  25.5900 0.0397921 1.018865 2
4595576.4965 5437421.1661  25.2380 0.0371989 1.129530 2
4595576.5259 5437420.0666  28.9171 0.0452820 1.139143 2
4595576.5079 5437420.5020  27.8810 0.0349412 1.355030 2
4595576.4888 5437420.5776  28.7391 0.0899205 1.093324 1
4595576.4736 5437420.9427  27.8647 0.0289014 1.223121 2
4595576.4537 5437421.4243  26.7115 0.0498333 1.261049 3
4595576.4748 5437420.5315  29.8836 0.0213237 1.027309 2
4595576.4561 5437420.6010  30.7466 0.0328920 0.984783 1
4595576.4488 5437420.4007  32.2446 0.0688414 1.012996 1
4595576.8918 5437421.1581  18.7620 0.0522099 2.080766 2
4595576.8599 5437421.5343  18.9274 0.0622941 1.252760 1
4595576.8136 5437421.0486  24.3821 0.0989454 1.219256 2
4595576.8038 5437420.1052  29.7762 0.0532885 1.047954 1
4595576.7838 5437420.5912  28.6212 0.0444931 1.521879 2
4595576.7466 5437420.3363  32.3170 0.1197579 1.276705 1
4595577.2690 5437420.4436  21.4839 0.1891487 1.021178 1
4595577.2171 5437420.0502  26.6829 0.0297114 1.190107 2
4595577.1604 5437421.0534  25.3309 0.0315903 1.027046 3
4595577.1107 5437421.4612  26.4532 0.0558949 1.351712 2
4595577.0957 5437421.4241  27.5835 0.0278830 0.967977 2
4595577.1280 5437420.2139  31.4861 0.0244425 0.923817 1
4595577.0903 5437421.1481  29.2747 0.0266295 0.922125 2
4595577.1049 5437420.3833  32.1110 0.0620787 1.115835 1
4595577.0864 5437420.8413  31.0298 0.0408307 1.217221 2
4595577.0746 5437420.7316  32.3114 0.0579100 1.513177 3
4595577.0394 5437420.8040  34.1711 0.0445817 1.075570 1
4595577.4684 5437421.3281  19.0944 0.0237543 0.866340 1
4595577.4671 5437420.4892  23.2729 0.0607286 1.774876 2
4595577.4062 5437421.1693  23.7604 0.0230216 0.968783 3
4595577.3707 5437420.7962  27.8046 0.0183746 0.885794 1
4595577.3487 5437421.3443  26.4999 0.0321158 0.908011 2
4595577.3670 5437420.0642  31.6093 0.0531155 1.231410 2
4595577.3391 5437420.7556  29.9743 0.0460044 1.669203 2
4595577.3384 5437420.3670  31.9199 0.0389723 0.929462 1
4595577.2604 5437421.4839  31.3358 0.0627728 1.497369 1
4595577.2750 5437420.7256  34.1316 0.0488791 1.205236 1
4595577.6537 5437420.0583  27.2847 0.0287903 0.843129 3
4595577.5876 5437420.0602  31.4390 0.1233567 0.999974 1
4595577.5554 5437420.4527  31.5408 0.0497014 1.171315 2
4595577.5546 5437420.0722  33.4592 0.0757867 1.135000 1
4595577.5181 5437420.9707  31.3483 0.0170885 0.998928 2
4595577.5075 5437421.2318  30.7350 0.0373101 1.397738 2
4595577.4828 5437421.4401  31.2684 0.0591576 1.061448 1
4595577.9430 5437421.2217  24.6962 0.0513827 1.157978 3
4595577.9583 5437420.4001  27.7113 0.0363295 1.084813 2
4595577.9447 5437420.3163  28.9541 0.0424331 1.647924 2
4595577.9148 5437420.6500  29.1979 0.1302130 0.997609 1
4595577.9234 5437420.0094  31.7490 0.0845487 1.021065 1
4595577.9048 5437420.0616  32.6509 0.0938397 1.256782 1
4595577.8403 5437421.2632  30.8457 0.0775541 1.136635 1
4595577.8317 5437421.0635  32.3378 0.0292622 1.068151 1
4595577.8177 5437421.4126  31.5193 0.0981865 1.342430 2
4595578.3403 5437420.3307  23.7117 0.0294976 1.062454 3
4595578.2706 5437421.2337  23.6620 0.0375779 1.175508 2
4595578.2554 5437421.1779  24.8569 0.0244716 0.564750 3
4595578.2327 5437421.3169  25.5785 0.0642722 0.941989 2
4595578.2561 5437420.2721  29.1177 0.0255264 0.955348 1
4595578.2375 5437420.3128  30.0581 0.0197653 0.732452 1
4595578.2101 5437420.5788  30.4584 0.0611356 1.351806 2
4595578.2060 5437420.2529  32.2570 0.0358971 1.014691 2
4595578.1928 5437420.1624  33.4937 0.0250986 0.937570 1
4595578.1822 5437420.4306  32.8619 0.0841808 1.827849 2
4595578.1586 5437420.6069  33.4659 0.0595188 1.477664 1
4595578.1363 5437421.1691  32.1458 0.0398353 1.136486 2
4595578.1309 5437420.8848  33.8297 0.0310119 0.970835 1
4595578.4853 5437420.3648  28.9763 0.0260232 1.056845 2
4595578.4657 5437420.4300  29.8594 0.0717547 1.519787 2
4595578.4526 5437420.3325  31.1253 0.0544099 1.293755 0
4595578.4393 5437420.2425  32.3659 0.0279307 1.213420 2
4595578.7944 5437420.9707  23.6998 0.0228307 0.870707 2
4595578.7148 5437420.3758  31.3954 0.0790127 1.218625 1
4595578.6830 5437420.7599  31.5262 0.0587436 1.171262 1
4595578.6650 5437420.7937  32.4730 0.0565350 1.479307 1
4595579.0688 5437420.7853  31.6716 0.1164974 1.659341 1
4595578.8527 5437417.7228   0.0618 0.1716844 1.007586 3
4595578.1749 5437419.5851   0.1113 0.0330716 0.893816 3
4595577.7825 5437418.7276   0.1009 0.0765316 0.981642 3
4595577.8670 5437417.2488   0.0742 0.1266648 1.046381 3
4595577.8957 5437416.7592   0.0922 0.0792936 0.999843 3
4595577.9240 5437416.2667   0.0883 0.0842265 0.955629 3
4595579.1857 5437418.9641  29.2854 0.0387755 1.442525 3
4595577.5473 5437415.7614   0.0064 0.0487798 1.201151 3
4595578.4509 5437418.9812  22.6039 0.0913555 1.174748 1
4595578.8110 5437419.3634  30.5060 0.1663726 1.318488 1
4595578.9090 5437419.7734  32.9859 0.0272841 1.068974 1
4595578.8851 5437419.4818  32.1694 0.1035016 1.671213 2
4595577.8457 5437419.6554  24.0980 0.0690978 1.214263 1
4595577.9937 5437419.8260  27.3256 0.0791097 1.057700 0
4595577.9990 5437419.1084  26.5820 0.1163866 1.084273 2
4595578.1738 5437419.6241  30.8152 0.0537836 1.209945 1
4595578.1561 5437419.4126  30.2045 0.0178322 0.719343 2
4595578.1298 5437419.0980  29.2551 0.1319693 1.100943 2
4595578.1025 5437418.7725  28.2741 0.0410600 1.433232 2
4595578.1347 5437418.3747  28.4395 0.0730165 1.050717 0
4595578.2801 5437419.3429  32.6641 0.0373843 0.941418 1
4595578.2388 5437418.8450  31.1680 0.1302748 1.606803 2
4595578.1647 5437417.9507  28.5711 0.1689135 1.068188 2
4595578.2281 5437417.9325  29.8531 0.0343380 0.992877 1
4595578.1288 5437416.7276  26.4110 0.0449013 0.969792 3
4595578.2747 5437417.7122  30.5620 0.0525823 1.135623 1
4595578.3833 5437418.2547  33.4070 0.0326676 1.006021 1
4595578.3379 5437417.6978  31.8459 0.0257814 0.994941 2
4595576.1368 5437416.8735   0.0773 0.2938410 1.024771 3
4595577.1183 5437419.0626  22.4880 0.0440390 1.085445 2
4595577.2012 5437417.6693  22.5159 0.0470695 0.923160 1
4595577.3738 5437418.8931  27.4706 0.0941502 1.016644 2
4595577.4009 5437416.8626  25.6288 0.0734087 1.085141 1
4595577.3472 5437416.2263  23.7985 0.0717156 1.540412 3
4595577.6102 5437418.5646  31.8546 0.0553087 1.506834 1
4595577.5705 5437418.0911  30.4856 0.0803838 1.027133 2
4595577.4350 5437416.4792  25.8807 0.0488399 1.272637 3
4595577.6481 5437418.2376  32.2313 0.0673265 1.088666 1
4595577.4337 5437415.6710  24.8746 0.1266420 1.015891 3
4595577.7106 5437418.2076  33.4613 0.0338495 0.995895 1
4595577.6715 5437417.7379  32.1193 0.0702578 1.847240 2
4595577.6183 5437416.3095  29.3864 0.0675035 1.061308 0
4595577.7213 5437416.7720  32.0173 0.1325950 1.267292 0
4595577.7029 5437415.7577  30.4377 0.0706565 1.026297 1
4595576.5855 5437419.6100  22.4841 0.1118845 1.080933 2
4595576.7846 5437419.5538  26.4731 0.0711817 1.258563 2
4595576.7229 5437416.4981  21.7178 0.0604477 1.100245 1
4595577.0980 5437419.3297  32.5818 0.0659487 1.026554 1
4595576.9285 5437416.5483  25.9241 0.0788346 1.005034 1
4595576.8370 5437415.4653  22.7574 0.1053657 1.133032 3
4595576.9733 5437416.2929  26.5205 0.0703630 1.080769 1
4595577.0089 5437415.9310  26.7979 0.1198532 1.022702 0
4595577.2432 5437417.9585  33.8873 0.0678161 1.139791 1
4595577.1824 5437417.2267  31.8174 0.0386960 1.088359 2
4595577.1200 5437416.4764  29.7072 0.0747841 1.153949 3
4595577.1437 5437415.9739  29.5745 0.1306609 1.053657 0
4595577.2467 5437415.6483  31.2604 0.2226753 1.287120 0
4595574.8471 5437418.5258   0.0638 0.0404883 0.959935 3
4595574.9872 5437416.0506   0.1685 0.0342366 0.969917 3
4595575.9441 5437418.6286  22.2225 0.0400068 1.201494 2
4595576.0835 5437419.4196  25.9053 0.0309930 0.941667 2
4595576.1966 5437418.3889  27.0256 0.0485409 1.061859 1
4595576.2719 5437418.4802  28.6378 0.0844558 1.053728 1
4595576.0879 5437416.3673  22.6151 0.0972157 1.153623 2
4595576.1226 5437415.9835  22.8425 0.1132882 1.092852 3
4595576.3796 5437418.1783  30.4697 0.1042426 1.051861 1
4595576.2444 5437416.6085  26.0281 0.0331011 1.009408 2
4595576.5074 5437418.8951  33.8425 0.0466007 1.380172 1
4595576.4403 5437418.1125  31.6162 0.0386856 1.320494 2
4595576.2977 5437416.4483  26.9124 0.0953992 1.269424 3
4595576.3211 5437415.9391  26.7562 0.1398634 2.565064 0
4595574.0694 5437418.0050   0.0367 0.0412232 1.025404 3
4595574.0956 5437417.4899   0.0117 0.1319407 0.992821 3
4595574.1237 5437416.9936   0.0311 0.1763418 1.048160 3
4595575.1707 5437419.4955  23.3393 0.0875025 1.229570 1
4595575.1002 5437418.7324  21.1535 0.1000708 1.210525 2
4595575.2075 5437419.1312  23.6874 0.0479460 1.063182 1
4595575.1311 5437418.2994  21.3096 0.0484392 1.415272 2
4595575.2283 5437418.5918  23.5355 0.0775253 1.028740 2
4595575.3353 5437419.0005  26.0759 0.1251973 1.106213 1
4595575.2789 5437418.3790  24.3101 0.0332511 1.069814 3
4595575.5440 5437418.2613  29.4210 0.0493701 0.982199 1
4595575.5248 5437418.0453  28.8141 0.0484209 1.502469 2
4595575.3338 5437415.8973  22.6776 0.0792073 1.025163 3
4595575.5996 5437418.1207  30.3656 0.0626281 1.176821 1
4595575.5527 5437417.5912  28.8827 0.0321937 1.039561 2
4595575.6030 5437415.8450  27.9157 0.0925971 1.198785 1
4595573.4109 5437418.8170   0.0825 0.0528685 1.088338 3
4595573.4379 5437418.3110   0.0918 0.0939118 1.074795 3
4595573.4917 5437417.2944   0.0775 0.4431304 1.035948 3
4595574.3353 5437419.0385  18.4160 0.0542152 1.001641 1
4595574.5407 5437419.6944  23.1092 0.0402772 0.881852 1
4595574.5000 5437419.2600  21.8691 0.0227961 0.751024 2
4595574.6228 5437419.0533  24.0656 0.0470220 1.436550 2
4595574.6753 5437418.0952  24.1044 0.0815709 1.288588 1
4595574.8437 5437419.1722  28.5192 0.0519691 1.305560 1
4595574.9192 5437419.2428  30.0735 0.0530727 0.907554 1
4595574.9552 5437418.8805  30.4060 0.0409607 0.970330 1
4595574.9224 5437418.5179  29.3909 0.0796950 1.294150 2
4595574.9481 5437418.0394  29.3914 0.0640809 1.088691 1
4595574.8955 5437417.4545  27.7465 0.0781473 1.299919 3
4595575.0932 5437417.3712  31.5305 0.0410489 0.994969 1
4595572.7081 5437419.5637   0.0383 0.1531746 1.016446 3
4595572.7356 5437419.0595   0.0496 0.0306913 0.895743 3
4595572.7613 5437418.5396   0.0129 0.2351319 1.044572 3
4595573.6699 5437419.2562  18.3308 0.0269727 0.927623 2
4595573.9006 5437418.6306  22.1694 0.0496650 1.039443 1
4595573.8390 5437417.2127  19.5010 0.0432368 1.007010 1
4595574.0991 5437419.2271  26.6257 0.0856094 1.103174 1
4595573.9606 5437417.7441  22.4189 0.0464348 1.174921 2
4595574.1793 5437418.5747  27.5224 0.0867149 1.307065 1
4595574.1558 5437416.7925  25.2017 0.1070342 1.081292 0
4595574.3207 5437417.8359  29.5009 0.0655815 1.137434 1
4595574.1820 5437416.3124  25.1896 0.1532096 1.012493 3
4595573.0317 5437418.9144  21.7558 0.0487196 1.177477 1
4595573.1020 5437418.1272  22.3019 0.0417288 1.185853 1
4595573.2858 5437419.2825  26.9547 0.0361807 0.982300 1
4595573.1292 5437417.6519  22.3406 0.0585559 1.181970 2
4595573.4625 5437417.3782  28.3871 0.0506681 1.039211 1
4595571.9464 5437419.8767  16.7309 0.0764953 1.125971 1
4595572.2606 5437419.2396  21.9773 0.0340728 1.013639 1
4595571.7718 5437419.8524  16.8537 0.0776707 1.178845 1
4595572.2285 5437419.2302   0.0274 0.4858441 1.072048 3
4595572.1632 5437419.6584   0.0248 0.4481308 1.053894 3
4595572.0711 5437419.4416  21.9919 0.0310286 0.908743 1
4595572.2313 5437419.1971  16.3345 0.0350490 1.166096 1
4595572.1484 5437419.6674  16.8476 0.1076525 1.106574 1
4595572.6743 5437418.6097   0.0473 0.6035186 1.072549 3
4595572.6090 5437419.0381   0.0460 0.3772466 1.079443 0
4595572.5433 5437419.4675   0.0553 0.5251006 1.037093 0
4595572.4770 5437419.8985   0.0845 0.6090745 1.058771 0
4595572.4504 5437419.3789  21.9290 0.0466222 1.117725 1
4595572.5596 5437419.5165  16.0145 0.0292482 1.010038 1
4595573.1856 5437417.7008   0.1132 0.7319324 1.050441 3
4595572.4835 5437419.9670  16.3640 0.0850865 1.282400 1
4595573.1214 5437418.1263   0.0870 0.4030029 1.069307 3
4595573.0568 5437418.5531   0.0656 0.6883063 1.053558 0
4595572.9913 5437418.9831   0.0676 0.6204068 1.056283 0
4595572.9262 5437419.4113   0.0628 0.7551990 1.041803 0
4595572.8600 5437419.8420   0.0943 0.6110921 1.058544 0
4595573.1438 5437417.7807  22.2184 0.0843945 1.121234 1
4595573.0861 5437418.1746  22.1131 0.0337165 1.054357 1
4595573.2472 5437417.7010  18.1505 0.0249085 1.013863 2
4595572.8279 5437419.1553  26.9586 0.0555890 1.076850 1
4595573.0211 5437418.5902  22.1893 0.0256401 1.192377 2
4595572.9171 5437419.3453  21.6974 0.0271920 1.119977 1
4595573.0568 5437418.9406  18.2198 0.0326509 1.059867 2
4595573.7835 5437416.8357   0.1016 0.4536552 1.075932 3
4595573.7187 5437417.2630   0.1070 0.6789674 1.050079 0
4595573.6542 5437417.6896   0.0997 0.6979207 1.058086 0
4595573.5880 5437418.1210   0.1251 0.6198658 1.047897 0
4595573.5250 5437418.5431   0.0682 0.4393492 1.058536 0
4595573.4580 5437418.9763   0.1097 0.4562292 1.063046 3
4595573.3920 5437419.4073   0.1210 0.5303136 1.035031 3
4595573.3275 5437419.8335   0.1045 0.5261109 1.061152 0
4595573.5069 5437417.5950  22.2715 0.0504166 1.180134 1
4595573.2887 5437419.1336  21.5463 0.0341608 1.008439 1
4595574.1562 5437416.6243   0.0658 0.4454905 1.085010 3
4595574.0898 5437417.0566   0.1024 0.7152784 1.053934 0
4595573.2946 5437419.5753  18.3062 0.0889638 1.053306 1
4595574.0250 5437417.4836   0.1029 0.5132672 1.060750 3
4595573.9612 5437417.9076   0.0729 0.7128647 1.058584 0
4595573.8955 5437418.3375   0.0809 0.5735830 1.055376 0
4595573.8302 5437418.7658   0.0763 0.4716764 1.064750 3
4595573.7642 5437419.1962   0.0865 0.8066507 1.038749 0
4595573.6976 5437419.6281   0.1140 0.6157204 1.058537 0
4595573.6884 5437417.2496  27.9882 0.0614733 1.022481 1
4595573.7255 5437417.5809  24.1392 0.0435817 1.002034 1
4595573.7372 5437417.7698  22.3569 0.0371233 0.964982 1
4595573.4317 5437419.1134  26.8256 0.0661991 1.021388 1
4595573.6272 5437418.5429  22.0291 0.0688048 1.243093 2
4595573.5802 5437418.9060  21.6616 0.0492545 1.194574 1
4595574.4548 5437416.3656   0.0327 0.4213250 1.046588 3
4595573.6553 5437418.9174  18.2678 0.0276016 0.957706 1
4595574.3890 5437416.7968   0.0653 0.5448746 1.065421 3
4595574.3237 5437417.2263   0.0798 0.6797889 1.045424 0
4595574.2588 5437417.6539   0.0834 0.6949624 1.033208 0
4595574.1934 5437418.0839   0.0925 0.5986002 1.044453 3
4595574.1290 5437418.5104   0.0760 0.5734376 1.062248 0
4595574.0637 5437418.9398   0.0745 0.6134442 1.056761 0
4595573.9974 5437419.3712   0.0986 0.7257483 1.053709 0
4595573.9309 5437419.8034   0.1278 0.3598113 1.038960 0
4595574.1179 5437416.8126  29.8882 0.0669876 1.159171 1
4595574.1610 5437416.9030  27.4207 0.0227546 0.894717 1
4595574.2463 5437416.6493  25.3811 0.0632872 1.162685 2
4595574.0160 5437417.5534  29.4558 0.0545591 1.018678 1
4595574.1893 5437417.4880  22.3552 0.0332317 1.046046 1
4595573.8711 5437418.6430  28.5714 0.0366955 1.052744 1
4595574.0436 5437418.1397  24.3976 0.0213699 0.989934 2
4595574.0785 5437418.2643  22.0611 0.0664418 1.280205 1
4595574.0259 5437418.6442  21.8372 0.0413840 1.214986 1
4595574.9142 5437416.0767   0.0825 0.5003509 1.053578 3
4595574.1053 5437418.6447  18.3861 0.0685997 1.029231 1
4595574.8533 5437416.4933   0.0330 0.4836303 1.042155 3
4595574.7882 5437416.9226   0.0415 0.6382826 1.033759 0
4595574.7234 5437417.3504   0.0469 0.4788408 1.066598 3
4595574.6574 5437417.7824   0.0740 0.3614167 1.050106 3
4595574.5924 5437418.2112   0.0787 0.4616067 1.048850 3
4595574.5266 5437418.6413   0.0992 0.5665214 1.052659 3
4595574.4622 5437419.0687   0.0738 0.5402966 1.061567 3
4595574.3979 5437419.4948   0.0515 0.5098031 1.065928 3
4595574.3288 5437419.9349   0.1411 0.3365985 1.059969 3
4595574.6090 5437416.3131  28.3263 0.0414381 1.105602 1
4595574.3835 5437417.6411  29.4064 0.0166663 0.754812 1
4595574.4315 5437417.4998  28.2617 0.0478902 1.385454 2
4595574.4110 5437417.7826  27.3076 0.0939674 1.124673 1
4595574.2367 5437418.7368  28.5778 0.0860042 1.171140 1
4595574.2632 5437418.8847  26.4743 0.0861755 1.009822 1
4595574.3556 5437418.6183  24.2479 0.0325176 1.029697 2
4595574.3101 5437418.9772  23.8564 0.0806573 1.123960 1
4595574.4288 5437418.6368  20.9856 0.0276756 1.001226 2
4595575.2880 5437416.1720   0.0753 0.2741340 1.053358 3
4595574.2790 5437419.2953  23.1171 0.0463309 1.054642 1
4595574.3717 5437419.0306  20.8649 0.0252662 1.009578 2
4595574.4726 5437418.7426  18.4153 0.0199040 0.884560 2
4595575.2243 5437416.5971   0.0907 0.3172719 1.054053 3
4595574.3074 5437419.4448  20.9187 0.0290289 1.015957 1
4595575.1613 5437417.0202   0.0533 0.7054650 1.066388 3
4595575.0965 5437417.4481   0.0587 0.5091478 1.049868 0
4595575.0312 5437417.8772   0.0739 0.1432041 1.038903 3
4595574.9657 5437418.3075   0.0881 0.4602256 1.137390 3
4595574.9008 5437418.7350   0.0857 0.2198906 1.065153 3
4595574.8363 5437419.1625   0.0665 0.7286255 1.043400 0
4595574.7704 5437419.5928   0.0847 0.5605402 1.067436 0
4595574.7199 5437416.6727  32.1143 0.0236055 0.926514 1
4595574.7008 5437417.1668  29.7419 0.0950418 1.188109 1
4595574.7740 5437416.9498  28.0010 0.0651388 1.158860 2
4595574.6817 5437417.6661  27.3286 0.0576921 1.209564 1
4595574.5251 5437418.3475  29.6310 0.0297052 1.017145 1
4595574.7400 5437417.7201  24.4756 0.0419478 1.112412 2
4595574.6870 5437418.1004  24.2844 0.0465836 1.239286 1
4595574.5244 5437418.7977  26.7381 0.0328479 1.055530 1
4595574.6312 5437418.4887  24.1642 0.0343760 1.121697 2
4595574.5817 5437418.8594  23.8771 0.0298331 1.077508 1
4595574.6900 5437418.5478  21.2584 0.0422945 1.474485 2
4595575.5595 5437416.0459   0.0737 0.3378010 1.033599 3
4595574.5330 5437419.2282  23.5630 0.0272601 0.905267 1
4595574.6408 5437418.9196  20.9474 0.0241282 1.114746 2
4595574.7466 5437418.6169  18.3800 0.0388287 1.078505 2
4595575.4955 5437416.4727   0.1160 0.4815056 1.059137 3
4595574.4904 5437419.5794  23.1041 0.0291793 0.938556 1
4595575.4335 5437416.8930   0.0643 0.4313874 1.073238 3
4595575.3046 5437417.7482   0.0643 0.5397049 1.047476 0
4595575.2394 5437418.1784   0.0753 0.4422955 1.043941 3
4595575.1757 5437418.6033   0.0515 0.1792456 1.011104 3
4595575.1104 5437419.0336   0.0584 0.3119768 1.032288 3
4595575.0439 5437419.4666   0.0955 0.6103652 1.043129 0
4595575.0218 5437416.9973  31.5469 0.0455107 1.008397 1
4595575.1406 5437416.6452  28.7457 0.0588543 1.025086 2
4595574.9876 5437417.5393  29.5372 0.0926741 0.977534 1
4595575.0746 5437417.7343  24.5927 0.0477889 1.358502 1
4595574.7201 5437419.2114  30.1825 0.0682264 1.002277 1
4595575.0330 5437418.5406  21.1934 0.2146488 1.036604 1
4595575.9024 5437416.0489   0.0711 0.2153762 1.033753 3
4595574.7219 5437419.6593  27.2242 0.0694181 0.975631 1
4595575.8392 5437416.4729   0.1058 0.4682413 1.055700 3
4595574.8180 5437419.6160  23.4190 0.0947793 1.102328 1
4595575.7767 5437416.8960   0.0765 0.2837901 1.019708 3
4595575.7148 5437417.3170   0.0285 0.5180380 1.042087 0
4595575.6485 5437417.7500   0.0800 0.5158378 1.052570 3
4595575.5853 5437418.1745   0.0519 0.1928137 1.088563 3
4595575.5203 5437418.6040   0.0676 0.1799224 1.021379 3
4595575.4570 5437419.0287   0.0334 0.3907521 1.085721 3
4595575.3923 5437419.4571   0.0370 0.2769519 1.063080 3
4595575.3262 5437419.8892   0.0685 0.0617482 1.037706 3
4595575.4308 5437417.1146  31.3488 0.0876821 1.095179 1
4595575.7880 5437416.0670  22.9122 0.1211809 1.555167 3
4595575.3552 5437417.5571  31.7310 0.0367064 0.957458 1
4595575.3807 5437417.4826  31.1329 0.0300080 1.007422 2
4595575.4728 5437417.2137  28.9709 0.0212975 0.910404 2
4595575.2795 5437417.9995  32.1085 0.0687688 1.003883 1
4595575.3548 5437417.7809  30.3397 0.0576961 1.051770 2
4595575.3433 5437418.0383  29.1995 0.0252737 1.083916 1
4595575.3712 5437417.9575  28.5403 0.0439605 1.007929 2
4595575.3981 5437418.1066  26.4784 0.0708127 1.341531 1
4595575.4886 5437417.8462  24.3351 0.0274406 1.217370 2
4595575.1304 5437419.3269  29.9730 0.0432291 0.977258 1
4595576.3712 5437415.7912   0.1637 0.1177792 1.044461 3
4595575.3466 5437418.9414  23.3707 0.0394672 1.105705 1
4595575.4446 5437418.6636  21.0282 0.1452367 1.032620 2
4595576.3124 5437416.2032   0.0988 0.2477915 1.054507 3
4595575.0567 5437419.9918  28.8488 0.0634087 1.088563 1
4595575.2758 5437419.3740  23.6013 0.0349826 1.142574 2
4595576.2514 5437416.6218   0.0683 0.1329801 1.081235 3
4595576.1880 5437417.0467   0.0649 0.6067919 1.057186 0
4595575.2215 5437419.9928  21.9605 0.0255215 0.967317 1
4595576.1241 5437417.4729   0.0757 0.5241260 1.055720 3
4595576.0616 5437417.8955   0.0389 0.3610000 1.053968 3
4595575.9955 5437418.3283   0.0836 0.1496893 1.083031 3
4595575.9346 5437418.7460   0.0136 0.2444670 1.061094 3
4595575.8697 5437419.1753   0.0338 0.2084477 1.011873 3
4595575.8057 5437419.6020   0.0299 0.1721115 1.121949 3
4595575.9860 5437416.0050  26.9257 0.0993947 1.145184 1
4595575.7428 5437416.9433  31.2905 0.0281937 1.050607 1
4595576.1078 5437415.8710  22.6534 0.1318003 1.151164 3
4595575.6580 5437417.4129  31.8991 0.0435084 0.996589 1
4595575.5944 5437417.8211  32.0018 0.0528764 1.060072 1
4595575.6566 5437417.8642  29.1341 0.0929578 1.075660 1
4595575.8703 5437417.2454  24.0829 0.0418586 1.076893 2
4595575.6079 5437418.2303  28.8735 0.0272160 0.882385 1
4595575.6300 5437418.1667  28.3511 0.0538517 1.070741 2
4595575.7139 5437417.9248  26.3629 0.0327541 1.052622 2
4595575.7505 5437418.0480  24.0635 0.0295706 0.935656 1
4595575.8334 5437417.8104  22.0933 0.0329169 1.117451 2
4595575.4407 5437419.1624  30.0026 0.0245874 0.918004 1
4595575.5063 5437418.9751  28.4435 0.0391914 1.074353 2
4595575.5808 5437418.7624  26.6711 0.0278179 1.106923 2
4595576.6814 5437415.6213   0.2046 0.1572936 1.060824 3
4595575.6648 5437418.7540  23.2221 0.0872289 1.182917 1
4595576.6252 5437416.0265   0.0765 0.2559391 1.061754 3
4595575.3648 5437419.8343  28.9471 0.0265975 1.079521 1
4595575.5896 5437419.1991  23.5705 0.0230436 1.116060 2
4595576.5651 5437416.4425   0.0479 0.3975963 1.058433 3
4595576.5016 5437416.8683   0.0652 0.5240569 1.044909 0
4595576.4391 5437417.2912   0.0469 0.4516883 1.044956 0
4595576.3744 5437417.7202   0.0731 0.1487186 1.036756 3
4595576.3105 5437418.1470   0.0737 0.1249344 1.007915 3
4595576.2508 5437418.5621  -0.0275 0.0482507 1.050728 3
4595576.1845 5437418.9954   0.0495 0.0582957 1.175395 3
4595576.1207 5437419.4217   0.0585 0.0474346 1.151740 3
4595576.0583 5437419.8437   0.0090 0.1796716 1.036145 3
4595576.2414 5437415.9241  26.7999 0.0631962 1.187251 1
4595576.3416 5437415.6273  24.4148 0.0270084 1.172710 2
4595576.1882 5437416.3043  26.6976 0.1316642 1.709259 1
4595576.3585 5437415.8026  22.6349 0.0361346 1.215511 2
4595576.2613 5437416.3140  23.5768 0.0362180 1.082404 1
4595576.3074 5437416.1789  22.4739 0.0691025 1.093150 2
4595575.8533 5437417.7325  31.8252 0.0733761 1.021598 1
4595575.8919 5437417.6197  30.9155 0.0910328 1.255624 2
4595575.9111 5437417.7871  29.0624 0.0408473 1.069970 1
4595575.8489 5437418.1930  29.1242 0.0453650 0.977240 1
4595575.8356 5437418.4573  28.0215 0.0592929 1.003001 1
4595575.9159 5437418.2263  26.1104 0.0403141 1.001569 2
4595575.6858 5437419.1139  30.1737 0.0328945 1.136773 1
4595576.9306 5437415.5499   0.2040 0.0917257 0.995675 3
4595575.7790 5437419.0756  26.5208 0.1125549 1.528350 1
4595576.8746 5437415.9544   0.0726 0.2299006 1.021054 3
4595575.7509 5437419.3852  25.7596 0.0300697 0.973216 1
4595575.8504 5437419.1030  23.3679 0.0245902 0.934194 2
4595576.8150 5437416.3687   0.0319 0.2348450 1.059350 3
4595576.7521 5437416.7933   0.0402 0.2755901 1.029031 3
4595576.6879 5437417.2213   0.0718 0.4084027 1.040953 3
4595576.6247 5437417.6457   0.0755 0.4099033 1.073604 3
4595576.5619 5437418.0695   0.0597 0.3976596 1.074711 3
4595576.3723 5437419.3443   0.0707 0.0459358 0.932228 3
4595576.3097 5437419.7676   0.0345 0.0540176 1.114523 3
4595576.7317 5437415.5678  26.6919 0.1591022 1.235499 0
4595576.6542 5437416.0204  27.1695 0.1749839 1.108437 0
4595576.6806 5437416.3970  23.8364 0.1577418 1.278858 0
4595576.5157 5437417.1029  26.3366 0.0208960 0.908309 1
4595576.2317 5437418.1476  31.6089 0.0879605 1.336835 1
4595576.2819 5437418.0033  30.4345 0.0623377 1.265688 2
4595576.2956 5437418.1915  28.7218 0.0706721 1.040723 1
4595576.3820 5437417.9443  26.6910 0.0264567 1.081745 2
4595576.5134 5437417.8000  22.1827 0.0357484 1.080371 1
4595576.3084 5437418.6147  25.6194 0.1261654 1.608374 1
4595577.3805 5437415.5768  -0.0074 0.0506331 1.267540 3
4595576.3859 5437418.6283  22.3591 0.0247913 1.054520 1
4595576.4421 5437418.4699  21.0162 0.0641978 1.045956 2
4595577.3143 5437416.0110   0.1060 0.2053966 1.074816 3
4595576.0453 5437419.8187  29.0544 0.0511072 1.413287 1
4595576.1361 5437419.5641  26.9067 0.0204244 0.963547 2
4595577.2546 5437416.4268   0.0654 0.1033583 0.977944 3
4595576.1238 5437419.8311  25.7676 0.0247023 0.938007 2
4595577.1921 5437416.8501   0.0674 0.1173888 1.033909 3
4595577.1311 5437417.2696   0.0255 0.2552938 1.022142 3
4595576.3119 5437419.7827  18.3734 0.0369364 1.076522 1
4595577.0671 5437417.6973   0.0565 0.4300679 1.070565 3
4595577.0034 5437418.1248   0.0824 0.2539741 1.042961 0
4595576.9415 5437418.5462   0.0649 0.0405695 1.341198 3
4595576.8819 5437418.9623   0.0071 0.0527098 0.975507 3
4595576.8179 5437419.3902   0.0587 0.1037962 0.980071 3
4595576.7554 5437419.8137   0.0275 0.1544621 1.061638 3
4595577.0674 5437415.4406  26.7040 0.2117004 1.133931 0
4595577.0182 5437415.8101  26.5057 0.1144571 1.297069 1
4595577.0979 5437415.5768  24.6399 0.0758899 1.341832 3
4595576.7309 5437416.8735  31.8882 0.0393395 1.038193 1
4595577.0700 5437415.8852  23.9399 0.0567476 1.057254 2
4595577.1003 5437415.7970  23.2288 0.0335893 1.618033 3
4595576.6783 5437417.2499  31.7629 0.0489390 1.298976 1
4595576.4738 5437418.2880  33.8220 0.0289445 1.081065 1
4595576.5914 5437417.9501  31.0719 0.0367580 1.008645 2
4595576.4227 5437418.6597  33.6598 0.0513417 1.675638 1
4595576.5806 5437418.2082  29.9487 0.0976286 1.045610 2
4595576.3644 5437419.0513  33.6762 0.0557822 1.380979 1
4595576.5925 5437418.4025  28.2841 0.1023442 1.020829 2
4595576.5802 5437418.6671  27.1908 0.0364351 1.092183 1
4595576.6879 5437418.3622  24.6324 0.0276862 1.234879 2
4595576.7856 5437418.0857  22.3187 0.0234973 1.005240 2
4595577.6558 5437415.8685   0.1073 0.1631044 1.058258 0
4595576.3778 5437419.6984  29.2178 0.1547342 1.070243 1
4595577.5344 5437416.7054   0.0444 0.0987729 1.062712 3
4595576.4495 5437419.9653  24.6718 0.0491394 1.000676 2
4595577.4734 5437417.1247   0.0004 0.0591832 1.029784 3
4595577.4077 5437417.5571   0.0735 0.0545399 1.184955 3
4595577.3461 5437417.9781   0.0625 0.4305083 1.056359 3
4595577.2827 5437418.4037   0.0945 0.0937564 1.031455 3
4595577.1612 5437419.2416   0.0533 0.2234335 1.009372 3
4595577.1766 5437415.4762  27.9321 0.0908651 1.062074 1
4595577.0321 5437416.1261  29.9855 0.0729797 0.996916 1
4595577.1729 5437415.7100  26.6664 0.0755289 1.240800 3
4595576.8949 5437416.7522  31.8677 0.0656923 1.324745 1
4595576.8795 5437417.0188  30.8671 0.0349076 1.061866 1
4595577.1685 5437416.1725  24.0471 0.0887665 1.185301 2
4595576.6493 5437418.1354  33.5501 0.0556947 1.054940 1
4595576.5771 5437418.5673  33.8851 0.0665065 1.184806 1
4595576.5345 5437418.9132  33.5382 0.0665083 1.137012 1
4595576.6781 5437418.5006  30.1080 0.0266263 1.167286 2
4595576.5060 5437419.2196  32.8473 0.0685489 0.989487 1
4595576.6537 5437419.2559  26.5181 0.0253556 0.923645 1
4595576.6867 5437419.1625  25.7219 0.0469346 1.093311 2
4595577.7504 5437416.1513   0.0546 0.2601862 1.036176 3
4595577.6883 5437416.5734   0.0563 0.1006985 1.008136 3
4595577.6262 5437416.9957   0.0377 0.1586774 1.045454 3
4595577.5613 5437417.4256   0.0834 0.0460805 1.102808 3
4595577.5002 5437417.8450   0.0532 0.3207031 1.065982 3
4595577.4374 5437418.2691   0.0711 0.0782536 0.968684 3
4595577.1907 5437419.9532   0.0091 0.2765747 1.062933 3
4595577.4343 5437415.5785  30.7194 0.0909804 0.960841 1
4595577.4323 5437415.8071  29.4384 0.1251722 1.318092 1
4595577.5135 5437415.5672  27.5412 0.0354285 1.340652 3
4595577.5028 5437415.8234  26.4490 0.0611745 1.202585 1
4595577.4695 5437416.1463  25.8806 0.0538708 1.107161 1
4595577.0665 5437417.5472  33.9721 0.0229284 0.862209 1
4595577.2823 5437417.1451  27.5485 0.0367997 0.997121 1
4595577.2403 5437417.4943  27.1579 0.0534468 1.446811 1
4595576.9374 5437418.5924  32.9589 0.0822817 1.384799 1
4595576.8843 5437418.9705  32.8736 0.0691237 1.142526 1
4595576.9561 5437418.7652  31.1594 0.0586930 1.481676 2
4595577.0278 5437418.5605  29.4481 0.0616676 1.143061 2
4595576.8386 5437419.3273  32.6055 0.0334325 1.086489 1
4595576.9833 5437418.9161  29.1461 0.0416963 1.030006 2
4595576.7035 5437419.9375  34.4199 0.0540573 1.065998 1
4595576.7830 5437419.7127  32.5452 0.0523910 1.104535 2
4595577.0058 5437419.3148  25.8391 0.0399420 1.000860 1
4595577.0732 5437419.1252  24.2144 0.0962980 1.112615 2
4595578.0777 5437416.2983   0.0493 0.1556372 1.021199 3
4595578.0159 5437416.7205   0.0427 0.1220676 1.024325 3
4595577.9530 5437417.1456   0.0529 0.1663604 1.073889 0
4595577.8915 5437417.5668   0.0329 0.2552752 1.036535 3
4595577.8276 5437417.9946   0.0671 0.1008389 1.052571 3
4595577.7685 5437418.4098  -0.0110 0.0306209 0.963668 3
4595577.7179 5437416.0935  31.5187 0.0417269 1.015651 1
4595577.7770 5437415.9202  30.1526 0.1187465 1.500914 3
4595577.6407 5437416.5432  31.9892 0.0252329 0.885816 1
4595577.7054 5437416.3543  30.4896 0.0891091 1.006441 3
4595577.8329 5437416.2087  26.1915 0.1464767 1.368659 0
4595577.4885 5437417.4337  32.8400 0.0158174 0.745005 1
4595577.5206 5437417.3408  32.0944 0.0482995 1.438804 2
4595577.5565 5437417.2370  31.2639 0.0148758 0.787061 2
4595577.6324 5437417.0173  29.5034 0.0307163 1.051926 2
4595577.8065 5437416.5135  25.4614 0.0354613 1.276980 3
4595577.3997 5437417.9149  33.5892 0.0435042 1.061502 1
4595577.4483 5437417.7748  32.4489 0.0525609 1.031880 2
4595577.3859 5437418.1799  32.5779 0.0435657 1.248140 1
4595577.4799 5437417.9105  30.3665 0.0817243 1.044310 2
4595577.4290 5437418.2840  30.2184 0.0736432 1.091145 1
4595577.3531 5437418.7288  30.6724 0.0353919 1.011503 1
4595577.3698 5437418.9113  28.9263 0.0489676 1.118574 1
4595577.4418 5437418.7081  27.2087 0.0672079 1.049387 3
4595577.1381 5437419.7940  33.0582 0.0400528 1.139056 1
4595577.2182 5437419.5691  31.1832 0.0363702 1.079790 2
4595577.2839 5437419.6159  28.2463 0.0401714 1.480255 1
4595578.4013 5437416.7422   0.0536 0.0903015 1.130420 3
4595578.3389 5437417.1664   0.0626 0.2423968 1.073827 3
4595578.2777 5437417.5868   0.0399 0.2019715 1.051839 3
4595578.2149 5437418.0121   0.0405 0.0958549 1.011727 3
4595577.9285 5437416.0473  32.0295 0.1706743 1.439762 0
4595578.0611 5437416.1061  26.2853 0.1856205 1.071529 0
4595578.0022 5437416.5047  26.3128 0.0778406 1.336734 1
4595577.6363 5437417.7922  33.4944 0.0333225 1.256123 1
4595577.8250 5437417.2462  29.0871 0.0267161 1.116802 2
4595577.6462 5437417.9881  31.9262 0.0645167 1.552323 1
4595577.6713 5437418.1428  29.9814 0.0985375 1.012734 1
4595577.5537 5437418.7067  31.4267 0.0422212 1.109909 1
4595577.8750 5437418.0221  22.4108 0.0531069 1.598615 1
4595577.5072 5437419.2957  29.8518 0.0961543 1.445235 1
4595577.3918 5437419.8511  31.2032 0.0289012 1.260665 2
4595577.6315 5437419.4116  24.1107 0.0720121 1.128487 1
4595578.5680 5437417.0416   0.0879 0.1191445 0.996867 3
4595578.5068 5437417.4627   0.0648 0.1211892 1.089915 3
4595578.4457 5437417.8829   0.0176 0.0384186 1.013713 3
4595578.3816 5437418.3110   0.0479 0.0586136 1.186290 3
4595578.3210 5437418.7305   0.0334 0.0529336 1.058864 3
4595578.0951 5437416.4457  32.2206 0.0524870 1.156908 1
4595578.2270 5437416.5080  26.4631 0.1349504 1.131185 1
4595577.8744 5437417.7599  33.3583 0.0268075 0.891933 1
4595577.9968 5437417.4044  30.4946 0.0512789 1.315630 2
4595578.1609 5437416.9277  26.6509 0.0569285 1.281641 3
4595577.8973 5437417.9176  31.4764 0.0553704 1.590172 1
4595578.0210 5437417.5602  28.5730 0.1736477 1.031690 2
4595577.7928 5437418.4452  32.5894 0.0347319 1.061779 1
4595577.9642 5437417.9522  28.5413 0.0597473 1.064791 2
4595577.9563 5437418.4338  25.9774 0.1482374 1.111884 1
4595577.8741 5437418.8991  26.5931 0.1468132 1.080169 1
4595577.7472 5437419.4896  28.3032 0.0394668 1.145730 3
4595577.8455 5437419.9185  21.6863 0.1467429 1.038521 3
4595578.6761 5437417.8631   0.0258 0.1020368 1.064605 3
4595578.6126 5437418.2909   0.0295 0.4221089 1.066071 0
4595578.4880 5437419.1383   0.1201 0.1744312 1.104506 3
4595578.3625 5437416.5888  32.3096 0.0604116 1.147316 1
4595578.4401 5437416.8112  27.8325 0.0406047 1.120028 1
4595578.1429 5437417.9003  33.4331 0.0382260 1.086959 1
4595578.4306 5437417.0666  26.7050 0.0799866 1.077965 2
4595578.0991 5437418.2520  33.1120 0.0395953 1.020762 1
4595578.2349 5437417.8605  29.9284 0.0643671 1.233488 2
4595578.0701 5437418.5615  32.4537 0.0675767 1.028439 1
4595578.1925 5437418.2104  29.5618 0.0323520 1.164666 2
4595578.0852 5437418.7455  30.7684 0.1435832 1.267525 1
4595578.1487 5437418.5642  29.2398 0.0229260 1.129658 2
4595578.2168 5437418.3697  27.6201 0.0321904 1.641593 3
4595577.9552 5437419.3441  32.5666 0.0719012 1.617494 1
4595578.2065 5437418.6300  26.5033 0.0503979 1.312708 2
4595577.8822 5437419.7800  32.9334 0.0363676 1.037744 1
4595578.0724 5437419.2422  28.3957 0.0471931 1.116294 2
4595578.1101 5437419.1357  27.4844 0.0707632 1.108029 2
4595578.1313 5437419.7796  22.8066 0.0747311 1.325518 3
4595578.9490 5437418.0056   0.0406 0.1668957 1.060602 3
4595578.4122 5437417.8366  33.3472 0.0348847 1.129071 1
4595578.3316 5437418.5196  32.5410 0.0341737 1.289317 1
4595578.3206 5437418.7782  31.4877 0.0611910 1.557361 1
4595578.4043 5437418.5387  29.4694 0.0437320 1.289735 2
4595578.4299 5437418.4655  28.8588 0.0145924 1.041617 2
4595578.4629 5437418.3711  28.0809 0.0301120 1.421289 2
4595578.3131 5437419.0281  30.3422 0.1187027 1.150050 1
4595578.1473 5437419.7279  32.9670 0.1127289 1.847173 1
4595578.3268 5437419.2194  28.6732 0.0357333 1.485621 3
4595578.3514 5437419.3821  26.7297 0.1092309 1.246618 0
4595578.4875 5437419.7115  19.2318 0.0702918 1.325794 3
4595578.5602 5437419.7515  16.0136 0.0473703 1.821496 3
4595578.7405 5437417.7598  30.2444 0.0794865 1.135730 1
4595578.5644 5437418.4954  32.9946 0.0515058 1.274819 1
4595578.6307 5437418.3042  31.4420 0.0255515 1.045541 2
4595578.6107 5437418.8174  29.2306 0.0357358 1.145998 1
4595578.6212 5437419.9563  22.0602 0.0290601 1.130183 2
4595578.7315 5437419.8902  17.9390 0.0412593 1.054658 2
4595578.8543 5437418.5342  33.2831 0.0361574 1.144619 1
4595578.9040 5437418.6182  30.7720 0.0335280 1.094019 1
4595578.7933 5437419.1632  32.0794 0.0643621 1.280199 1
4595578.8534 5437418.9917  30.6346 0.0382851 1.115105 2
4595578.7126 5437419.6216  32.6743 0.0261297 1.090576 1
4595578.9936 5437419.7682  20.3199 0.0253053 0.967579 2
4595579.1040 5437418.8776  32.6171 0.0411139 1.069694 1
4595579.0353 5437419.3012  32.9036 0.0563909 1.306945 1
4595579.1203 5437419.0588  30.8782 0.0429461 1.164625 2
4595579.1923 5437418.8538  29.1736 0.0687349 1.085350 2
4595578.9789 5437419.6902  32.8953 0.0384417 1.127246 1
4595579.1029 5437419.5699  28.5538 0.1228285 1.069611 1
4595579.1736 5437419.6039  25.4670 0.0305061 1.003142 2
4595578.9107 5437419.8522   2.4227 0.1181353 1.391491 3
4595578.7560 5437419.6880   0.2444 0.0322574 0.821152 3
4595578.7480 5437419.2431   0.0870 0.1663600 1.063163 3
4595578.9546 5437419.6834  12.9717 0.0516230 1.258128 3
4595579.1790 5437419.5154  25.3829 0.0535291 1.043501 2
4595578.6814 5437419.6177  18.5212 0.1881002 1.188550 0
4595578.6166 5437419.3033  17.5758 0.0465977 1.217857 1
4595579.0923 5437419.1080  29.1946 0.0678201 1.172517 1
4595578.3483 5437419.6989  18.9189 0.1104855 1.431780 1
4595578.6491 5437418.2498  22.8505 0.0696617 1.150012 1
4595578.6630 5437417.7907  23.0121 0.0408067 1.025723 1
4595578.5536 5437419.5633  28.7935 0.0351268 0.942826 1
4595578.4162 5437419.4057  26.8469 0.1221801 1.143441 0
4595578.1351 5437419.5238  22.9240 0.0425428 1.193483 1
4595577.9782 5437419.8289  20.7339 0.0744044 1.022877 3
4595578.6728 5437417.2039  30.0544 0.0325440 0.951014 1
4595578.6125 5437417.3184  29.2229 0.0272753 1.114286 2
4595578.1169 5437419.8109  32.4823 0.0461999 1.858750 1
4595578.1218 5437419.3806  32.4941 0.0662287 1.142676 1
4595578.0327 5437419.5556  31.2918 0.0375174 1.460783 2
4595577.9890 5437419.6415  30.6883 0.0126822 0.811937 2
4595577.7080 5437419.7654  26.7824 0.1191113 1.039921 1
4595578.1910 5437417.9831  33.1276 0.0585080 1.115802 1
4595578.0686 5437417.7960  31.3978 0.0268642 0.960689 1
4595578.0121 5437417.4817  30.5616 0.0498654 1.197363 1
4595577.6840 5437418.1020  26.0951 0.0343644 0.956042 2
4595577.9005 5437417.2676  28.9711 0.0412792 1.298788 1
4595578.1661 5437416.3487  32.5145 0.1448932 1.104104 0
4595577.7681 5437419.7727  33.0788 0.0663901 1.129229 1
4595577.5684 5437419.7450  30.2908 0.1446607 1.632629 0
4595577.7672 5437418.5138  32.7632 0.0543765 1.337282 1
4595577.4675 5437419.0941  28.7520 0.0724338 1.040138 2
4595577.8054 5437418.0204  33.2015 0.0552360 1.171051 1
4595577.6657 5437418.2887  31.3086 0.0290864 0.889746 2
4595577.8443 5437417.5272  33.6554 0.0431559 1.389459 1
4595577.7337 5437416.4758  31.9318 0.0553845 1.093376 1
4595577.7238 5437416.0735  31.7046 0.1338823 1.614210 1
4595577.6197 5437416.2660  30.2959 0.0276509 1.130922 3
4595577.4378 5437419.6527  32.7569 0.0281470 1.188789 1
4595577.3242 5437419.8777  31.1807 0.0698350 1.330817 3
4595577.2834 5437419.5356  30.5751 0.1273131 1.179189 1
4595577.1128 5437419.8706  28.2095 0.0522966 1.175474 3
4595577.3294 5437419.0232  31.0931 0.0573093 1.100729 1
4595577.2398 5437419.1978  29.8821 0.0415316 1.144408 2
4595577.5051 5437418.2612  33.3618 0.0143975 0.871093 1
4595577.4508 5437418.3662  32.6256 0.0681752 1.888959 2
4595577.2569 5437418.7414  30.0045 0.0328766 0.979785 2
4595577.5152 5437417.8223  33.4088 0.0244811 0.883035 1
4595577.4225 5437418.0004  32.1534 0.0560867 1.104239 2
4595577.2858 5437418.2629  30.2990 0.0372299 1.157875 2
4595577.0870 5437418.6447  27.6009 0.0251094 1.015282 3
4595577.3109 5437417.7924  30.5559 0.0931437 1.024322 1
4595577.0263 5437417.9090  26.6132 0.0773095 1.604155 1
4595576.7076 5437418.0804  22.1982 0.0607916 0.973066 1
4595577.3446 5437416.4637  30.7936 0.0679428 1.159751 1
4595577.3032 5437416.1185  30.1336 0.0857947 0.973222 1
4595577.2499 5437416.2170  29.4150 0.0431074 1.203114 2
4595577.3699 5437415.5735  30.9306 0.0871012 1.244565 1
4595577.2842 5437415.7303  29.7751 0.0694523 1.268776 3
4595575.1287 5437418.3167   0.0867 0.0321295 0.946649 3
4595576.8224 5437419.6654  34.0364 0.1147216 1.064712 1
4595576.7102 5437419.4655  32.4481 0.0584841 1.262191 1
4595576.5084 5437419.8586  29.6874 0.0715940 1.312950 2
4595576.7341 5437418.9996  32.6696 0.0758692 1.163844 1
4595576.4741 5437419.5023  29.1685 0.0290296 1.035558 2
4595576.7575 5437418.5355  32.8835 0.0645618 1.126406 1
