    X-Koord.     Y-Koord. Z-Koord.      Int.   Pulsb. W
4595571.3538 5437420.1927  16.9354 0.0892852 1.117216 1
4595568.9984 5437420.0684   0.1439 0.3759982 1.016894 0
4595569.7853 5437420.1246   0.2066 0.1019331 1.039613 3
4595570.0982 5437420.0897   0.1293 0.4817712 1.114326 0
4595570.4615 5437420.5546   0.1462 0.2039511 1.127564 3
4595570.9001 5437420.0279   0.1216 0.3052738 1.101309 0
4595570.8362 5437420.4504   0.0779 0.4242195 1.090152 0
4595571.2101 5437420.0103   0.0245 0.5698946 1.054270 0
4595571.2493 5437420.2600  16.8878 0.0498259 1.012785 1
4595571.1944 5437420.6483  16.6840 0.0478066 1.115605 1
4595571.6314 5437420.0796   0.0276 0.3811724 1.066393 3
4595571.3105 5437420.1541   0.0203 0.1212723 1.032612 3
4595570.9895 5437420.4522   0.0985 0.2635382 1.073215 3
4595570.7971 5437420.6806   0.1847 0.1942818 1.154887 3
4595571.5757 5437420.1347  17.0240 0.0421138 1.226366 1
4595570.3700 5437420.6209   0.1798 0.1794627 1.124119 3
4595570.3749 5437420.1658   0.1147 0.3539662 1.054453 0
4595571.1617 5437420.3706  16.9691 0.0830198 1.159526 1
4595569.9732 5437420.3920   0.2493 0.2185053 1.052026 3
4595570.9502 5437420.3879  16.9230 0.0889838 1.090699 1
4595570.6357 5437420.2254  16.7589 0.0293663 0.898041 1
4595569.4667 5437420.2254   0.1761 0.3280857 1.043481 0
4595569.4151 5437420.2116   0.0262 0.2632808 1.074291 3
4595569.4965 5437420.2783   0.0840 0.1860147 1.048717 3
4595569.7936 5437420.2023   0.1522 0.1166256 1.073983 3
4595569.8759 5437420.0629   0.1002 0.1048275 1.028231 3
4595571.4834 5437420.2391  16.9263 0.0429514 1.003604 1
4595573.5195 5437416.7943   0.0766 0.4545342 1.039342 3
4595573.5483 5437416.3040   0.1008 0.0659250 1.091762 3
4595572.8183 5437417.5520   0.1151 0.0529260 1.033021 3
4595572.8449 5437417.0383   0.0722 0.5474422 1.069941 0
4595572.8733 5437416.5422   0.0801 0.1664157 1.108451 3
4595572.9025 5437416.0546   0.0960 0.4620319 1.069834 3
4595572.9305 5437415.5549   0.0724 0.4703779 1.069568 3
4595572.9863 5437414.5491   0.0657 0.5860169 1.035964 0
4595571.8851 5437418.9994   0.0180 0.0354253 0.973518 3
4595571.9124 5437418.4940   0.0248 0.2121092 1.028794 3
4595571.9655 5437417.4672   0.0167 0.0636619 1.218210 3
4595571.9960 5437416.9912   0.0909 0.0818745 1.025280 3
4595572.0245 5437416.4952   0.1044 0.1036153 1.155808 3
4595572.0525 5437415.9953   0.0797 0.7556309 1.072007 3
4595572.0797 5437415.4840   0.0254 0.6334222 1.051415 3
4595572.1374 5437414.4958   0.0433 0.2913327 1.042278 3
4595572.1660 5437413.9995   0.0688 0.3831191 1.064937 0
4595572.4730 5437416.2946   8.4191 0.0428244 0.874417 1
4595572.1950 5437413.5063   0.1052 0.5624490 1.082324 3
4595572.5853 5437415.8874  10.0979 0.0435609 1.141610 1
4595572.9056 5437417.6220  18.0641 0.0278110 0.908351 2
4595573.1292 5437417.6519  22.3406 0.0585559 1.181970 2
4595573.0822 5437416.4002  20.1147 0.0588760 1.157969 1
4595573.1106 5437415.9341  20.1384 0.0389700 1.096328 1
4595573.1724 5437415.8195  21.1868 0.1773203 1.137079 1
4595573.4921 5437416.9375  28.4795 0.0428876 0.983750 1
4595573.3365 5437415.2661  23.7070 0.1300263 1.130634 3
4595573.5354 5437416.6448  28.9926 0.0441239 0.933811 1
4595571.2230 5437416.7148  -0.0209 0.0548013 1.235755 3
4595571.2788 5437415.7081  -0.0438 0.1326512 1.083518 3
4595571.3078 5437415.2152  -0.0518 0.5466656 1.042231 3
4595571.4944 5437416.2461   4.5585 0.0532106 1.217433 2
4595571.3445 5437414.7947   0.1476 0.1643526 1.065404 3
4595571.5743 5437416.2550   6.0648 0.2293400 1.127445 3
4595571.6391 5437416.1216   7.1330 0.1118677 1.210429 1
4595571.5886 5437415.6275   5.6453 0.0543639 1.943690 2
4595571.3997 5437413.7793   0.0641 0.1604377 1.057317 3
4595571.7651 5437416.5932  10.0079 0.0391061 1.102418 1
4595571.6994 5437415.9475   8.0724 0.0737168 1.685817 2
4595571.4515 5437412.7281   0.0403 0.3628587 1.035568 0
4595572.1769 5437416.8938  18.0454 0.0539920 1.044245 1
4595572.2037 5437416.4061  18.0270 0.0948001 2.011401 1
4595572.2675 5437416.2950  19.0990 0.2019142 1.890725 1
4595572.3288 5437416.1614  20.0984 0.0548206 1.023461 1
4595572.2974 5437415.8402  19.1546 0.0354097 1.020264 2
4595572.4657 5437416.8126  23.3743 0.0563014 0.986782 1
4595572.4296 5437416.4406  22.2990 0.0730558 1.194098 2
4595572.6357 5437417.8148  27.5929 0.0716027 1.281487 1
4595572.4331 5437414.9528  20.7418 0.0332589 0.915424 1
4595572.4042 5437414.6514  19.8807 0.0431868 1.166026 2
4595572.3722 5437414.3183  18.9305 0.0386120 0.932219 2
4595572.4396 5437414.2539  20.1326 0.0485720 1.053793 1
4595572.5964 5437414.3724  23.1985 0.0478185 1.046049 1
4595572.6897 5437414.5961  25.1760 0.1115121 1.170439 1
4595572.8314 5437415.3434  28.6118 0.0947711 1.050665 1
4595572.7227 5437414.1815  25.3657 0.1241010 1.511551 3
4595570.6976 5437415.4368  -0.0288 0.1382793 1.059706 3
4595570.7301 5437414.9737   0.0396 0.3263471 1.050005 3
4595570.7803 5437414.6807   0.6287 0.4555248 1.051272 3
4595570.8012 5437414.1076   0.3460 0.3888754 1.076864 0
4595570.8225 5437413.5336   0.0661 0.4038676 1.027133 3
4595570.8443 5437412.9655  -0.0306 0.1839307 1.037331 3
4595571.4415 5437418.0437  16.4059 0.0656410 1.106895 1
4595571.3502 5437417.1479  13.8088 0.0509722 1.192912 2
4595571.2647 5437416.3086  11.3484 0.1197467 1.321676 2
4595570.8738 5437412.4722   0.0846 0.0378978 1.011509 3
4595571.4680 5437417.5496  16.4132 0.1817616 1.224254 1
4595571.3632 5437416.5156  13.3947 0.0563444 1.216434 3
4595571.4984 5437417.0928  16.5035 0.0735043 1.293311 1
4595571.4758 5437416.8687  15.8500 0.0495191 1.288376 2
4595571.4349 5437416.4629  14.6666 0.0822921 1.275158 3
4595571.6353 5437417.6976  19.6670 0.0393012 1.006713 1
4595571.5122 5437416.4708  16.1085 0.0492099 1.191662 2
4595571.4285 5437415.6363  13.6501 0.0430666 1.185983 2
4595571.6792 5437416.6250  19.3715 0.0911106 1.514206 1
4595571.8582 5437417.6786  23.7912 0.0542787 1.062472 1
4595571.7146 5437416.2245  19.5947 0.0431377 1.152887 2
4595571.8790 5437417.1355  23.6177 0.0569275 1.198461 1
4595571.7914 5437416.2440  21.0408 0.0507945 0.984878 2
4595572.0533 5437418.1623  27.8914 0.0785390 1.208817 1
4595571.9055 5437416.6495  23.5989 0.0914424 1.286391 2
4595571.9282 5437416.1247  23.4490 0.0794470 1.073309 1
4595571.8962 5437415.7954  22.4916 0.0359012 1.178285 2
4595571.8104 5437414.9128  19.9201 0.0119618 0.715741 2
4595571.7959 5437414.7633  19.4830 0.0614076 2.073907 2
4595572.0927 5437417.0651  27.5148 0.0456626 1.101744 1
4595571.9308 5437415.3908  22.6870 0.1031386 1.018035 2
4595572.2042 5437417.4687  30.0139 0.0494798 1.027440 1
4595572.1307 5437416.7046  27.8391 0.0584100 1.424876 2
4595572.1406 5437416.0513  27.3089 0.0430447 1.095446 1
4595571.9574 5437413.3676  21.0278 0.0397272 1.142574 1
4595572.1812 5437414.9583  26.8688 0.0828109 1.128395 1
4595572.1633 5437413.2351  24.7393 0.0790955 0.981769 1
4595572.3589 5437414.5602  29.7518 0.1686419 1.178950 0
4595569.9351 5437415.2718   0.1000 0.0767250 1.078894 3
4595569.9645 5437414.7778   0.1082 0.6538014 1.061840 0
4595569.9933 5437414.2780   0.0747 0.3558545 1.047740 0
4595570.6102 5437419.3517  16.4036 0.0835034 1.296134 1
4595570.0453 5437413.9993   0.6925 0.2815942 1.070314 3
4595570.6296 5437418.7898  16.2186 0.0524261 1.440404 1
4595570.0655 5437413.4162   0.3965 0.2881907 1.061153 3
4595570.4290 5437416.1211   9.9656 0.0528531 1.083262 1
4595570.0826 5437412.8042   0.1568 0.4616486 1.092099 3
4595570.7561 5437418.5094  18.2700 0.0532150 1.029027 1
4595570.5532 5437415.7968  11.9208 0.0527644 1.649766 1
4595570.8206 5437417.6362  18.6125 0.0580846 1.080543 1
4595570.9453 5437417.3558  20.6249 0.0519925 1.078344 1
4595570.8767 5437416.6819  18.6980 0.0940509 1.745655 2
4595571.0157 5437416.5497  21.1079 0.1615401 1.081871 1
4595570.9462 5437415.8598  19.1381 0.0553995 1.248693 3
4595571.0465 5437416.1024  21.2147 0.0902253 1.178476 1
4595571.3192 5437418.0832  28.1950 0.0665350 0.962670 1
4595571.1809 5437416.6961  24.2795 0.1236598 1.084460 3
4595571.2520 5437416.6587  25.5411 0.0385931 0.942724 1
4595571.3503 5437416.9034  27.5903 0.0392571 0.861174 1
4595571.3146 5437416.5420  26.5689 0.2259243 1.427218 3
4595571.4692 5437417.3643  30.2417 0.0494762 1.032076 1
4595571.3759 5437416.4144  27.5561 0.0689608 1.384155 3
4595571.4422 5437416.3416  28.6903 0.1021713 1.295854 1
4595571.4159 5437415.3200  27.1049 0.1208905 1.808226 1
4595571.5424 5437415.8704  30.0119 0.0479609 1.016275 1
4595571.4525 5437414.9404  27.3399 0.1142116 1.760608 3
4595571.4712 5437414.3765  27.0522 0.1324234 1.835180 1
4595571.5043 5437413.2007  26.4776 0.0646087 0.953977 1
4595571.7834 5437413.1104  31.5251 0.1271888 1.051090 0
4595569.0997 5437415.2503  -0.0219 0.5331647 1.061662 3
4595569.1298 5437414.7629   0.0344 0.3934568 1.118931 3
4595569.1597 5437414.2729   0.0632 0.4794675 1.038465 0
4595569.1882 5437413.7702   0.0305 0.3226804 1.040820 3
4595569.8232 5437418.1627  15.7081 0.0316161 0.955938 1
4595569.2455 5437412.7665   0.0458 0.4607048 1.045646 3
4595569.6505 5437415.7975  10.4267 0.1083031 1.560398 1
4595569.9615 5437417.9771  18.0397 0.0356667 0.956733 1
4595569.7783 5437415.4951  12.4461 0.0571595 1.368643 1
4595570.0096 5437416.9454  17.9536 0.0567663 1.051195 1
4595570.1865 5437417.8951  22.0358 0.0525431 1.036623 1
4595569.9809 5437415.9250  16.4932 0.0313946 0.994417 2
4595570.4366 5437419.5617  28.1426 0.1034110 1.659829 1
4595570.4010 5437418.4842  26.4745 0.0368839 0.829274 1
4595570.3823 5437418.3030  25.9648 0.0628539 1.060002 2
4595570.6262 5437417.7427  29.8492 0.1131332 1.627463 1
4595570.4997 5437415.7449  25.6647 0.0218139 0.916849 1
4595570.4847 5437415.5964  25.2552 0.0721294 2.523129 2
4595570.4878 5437414.8783  24.5280 0.0760275 1.108406 1
4595570.4226 5437414.2275  22.6176 0.0632048 1.567466 2
4595570.5647 5437414.8986  25.9262 0.0845813 1.006042 1
4595570.7230 5437415.7441  29.6661 0.0490069 1.046263 1
4595570.6626 5437415.1346  27.9407 0.0518862 0.930494 2
4595570.6077 5437414.5810  26.3421 0.0461478 1.145069 2
4595570.7302 5437412.8100  26.7158 0.0729381 1.179144 1
4595568.3110 5437418.4897   0.1202 0.0766751 1.244929 3
4595568.3596 5437417.4144  -0.0280 0.0351406 0.900550 3
4595568.4096 5437416.3485  -0.0826 0.0419925 0.952657 3
4595568.4945 5437414.8347   0.0010 0.1461902 1.080999 3
4595568.5237 5437414.3354   0.0209 0.1383537 1.022233 3
4595568.5538 5437413.8462   0.0477 0.3660760 1.029064 3
4595568.5822 5437413.3411   0.0303 0.5934863 1.032035 0
4595568.6086 5437412.8148  -0.0263 0.4937261 1.033779 0
4595568.6374 5437412.3120  -0.0165 0.4683941 1.062502 0
4595569.2716 5437417.4505  16.2787 0.0416315 0.943605 1
4595569.5427 5437417.0310  20.7543 0.0592971 1.366129 2
4595569.5611 5437416.4625  20.5785 0.0591595 0.972914 1
4595569.8552 5437417.8071  27.0541 0.1133673 1.348118 1
4595569.8460 5437416.9799  26.1338 0.0408831 1.160601 2
4595570.0332 5437418.0641  30.4854 0.0342609 0.999991 1
4595569.9049 5437416.8123  27.0347 0.0410637 1.221756 2
4595570.0406 5437416.6626  29.3227 0.0479069 1.260380 1
4595570.0032 5437416.2937  28.3143 0.0559983 1.382359 2
4595569.9005 5437415.2801  25.5163 0.0525300 1.639384 3
4595570.0389 5437415.9031  28.5876 0.0895447 1.252406 1
4595570.0963 5437415.7292  29.4490 0.0435524 1.317955 1
4595569.9857 5437414.6277  26.3444 0.0403716 1.071437 2
4595570.1499 5437415.5200  30.2092 0.0594333 1.100234 1
4595570.0108 5437414.1278  26.2269 0.0327827 1.030149 2
4595570.1903 5437415.1811  30.5681 0.0557895 1.147353 1
4595570.1258 5437414.5319  28.7254 0.0326472 1.007709 2
4595570.1006 5437414.2782  27.9882 0.0408510 1.251020 2
4595570.0517 5437413.7856  26.5547 0.0495305 1.143630 2
4595570.0293 5437412.8055  25.2145 0.0464398 1.056035 1
4595570.0921 5437412.6842  26.2226 0.0714310 1.383437 1
4595567.7035 5437416.1716   0.0370 0.2819359 1.110188 3
4595567.7299 5437415.6504   0.0214 0.4379458 1.053702 3
4595567.7581 5437415.1452   0.0376 0.4869316 1.055064 0
4595567.7877 5437414.6496   0.0820 0.3326407 1.074881 3
4595567.8180 5437414.1630   0.1279 0.1903515 1.073204 3
4595567.8445 5437413.6394   0.0573 0.1907752 1.052191 0
4595567.8730 5437413.1331   0.0471 0.5517469 1.056171 3
4595567.9019 5437412.6307   0.0496 0.6678562 1.052535 0
4595568.8106 5437417.2385  20.4946 0.0820058 1.067195 1
4595568.9037 5437417.3714  22.2556 0.0531406 1.145655 1
4595568.8429 5437416.8015  20.6877 0.0786902 1.088659 2
4595568.9180 5437416.7676  21.9855 0.0482261 1.206620 1
4595569.1837 5437418.5430  28.2739 0.1073539 1.077562 1
4595569.1743 5437417.7229  27.3536 0.0531733 1.573064 1
4595569.0452 5437416.4951  23.9979 0.0514821 1.139625 2
4595569.2048 5437417.2798  27.5001 0.1274785 1.408029 1
4595569.0701 5437415.9920  23.9863 0.0745823 1.193917 2
4595569.2050 5437416.5454  26.8658 0.1064555 1.133819 1
4595569.0723 5437415.2696  23.3540 0.0378202 1.142619 2
4595569.3665 5437416.6321  29.7955 0.0876992 1.040517 1
4595569.3635 5437415.8656  29.0568 0.1341733 1.197734 1
4595569.2931 5437415.1780  27.1648 0.0256289 0.867123 3
4595569.3651 5437415.1406  28.4011 0.0626454 1.294895 1
4595569.2617 5437414.1261  25.5402 0.0479087 1.052491 2
4595569.4366 5437415.1017  29.6261 0.0757337 1.212541 1
4595569.4052 5437413.2982  27.1963 0.0425506 0.897148 2
4595569.3682 5437412.9297  26.1894 0.0557113 1.470775 2
4595567.9153 5437416.7937  19.8347 0.0608334 1.112178 1
4595568.1486 5437416.7341  23.8187 0.0438179 0.960301 1
4595568.3779 5437418.1284  29.0070 0.0876316 1.388519 1
4595568.1787 5437416.2814  23.9434 0.0352651 0.990880 2
4595568.4339 5437417.2013  29.1496 0.1109669 1.219881 1
4595568.3435 5437416.3550  26.8637 0.0674585 1.279868 2
4595568.2765 5437414.9922  24.4620 0.1073969 1.261829 1
4595568.5259 5437415.8843  29.6099 0.0594324 1.174974 1
4595568.2853 5437412.8540  22.5069 0.0454160 1.069114 1
4595568.5398 5437414.5495  28.6072 0.0845672 1.045941 1
4595568.5786 5437414.1861  28.9147 0.0618576 1.100806 1
4595568.5113 5437413.5371  27.0919 0.0308225 1.050518 2
4595567.4659 5437414.6301  24.0986 0.0503707 1.255329 3
4595567.7437 5437416.4681  30.5104 0.0851516 1.115016 1
4595567.6670 5437415.7573  28.5674 0.0427205 1.285252 3
4595567.7187 5437415.5100  29.2276 0.1330234 1.015759 1
4595567.6909 5437415.2513  28.5129 0.0479885 0.926449 3
4595567.4795 5437412.5419  22.2693 0.0720156 0.987162 1
4595567.4414 5437412.4137  22.3705 0.0504720 0.970483 1
4595567.3030 5437413.2695  22.7372 0.0564848 1.265507 2
4595567.7519 5437412.8836   0.0236 0.3634013 1.045241 0
4595567.6843 5437413.3162   0.0682 0.4456897 1.063987 3
4595567.6166 5437413.7490   0.1184 0.0629842 1.033547 3
4595567.4869 5437414.5951   0.0496 0.0909339 1.098898 3
4595567.7294 5437412.6153  22.7687 0.0749413 1.076595 1
4595567.5132 5437413.7407  25.2205 0.0666660 1.252311 1
4595567.6063 5437413.4174  22.7230 0.0325910 1.034872 2
4595567.6423 5437413.2927  21.7601 0.0498980 1.256932 2
4595567.3735 5437414.4108  27.3235 0.1640063 1.045159 1
4595567.4601 5437414.1113  24.9895 0.0273597 1.100972 2
4595568.1241 5437412.6104   0.0153 0.1651611 1.099365 3
4595567.9875 5437413.4802   0.1334 0.1759316 1.055494 3
4595567.9235 5437413.9005   0.0837 0.2163955 1.036210 3
4595567.8607 5437414.3171   0.0020 0.0258495 0.831956 3
4595567.7233 5437415.1890   0.1271 0.0387952 0.920054 3
4595568.0207 5437412.3271  22.5746 0.0643073 1.073969 1
4595567.6502 5437414.1773  27.4985 0.0308211 0.998192 1
4595567.8602 5437413.4474  21.8473 0.0690398 1.051109 2
4595567.5223 5437414.8064  29.2726 0.0619581 1.020403 1
4595567.5516 5437414.7052  28.4888 0.0458886 1.371377 2
4595567.6316 5437414.4281  26.3389 0.0563514 1.114371 2
4595568.4087 5437412.3333   0.0341 0.1221268 1.005357 3
4595568.3419 5437412.7636   0.0491 0.0798130 1.041876 3
4595568.2731 5437413.2009   0.1185 0.0728324 1.008191 3
4595568.1445 5437414.0440   0.0337 0.0906420 1.103277 3
4595568.0784 5437414.4717   0.0449 0.0393578 1.103724 3
4595568.0115 5437414.9020   0.0543 0.1858281 1.045267 3
4595567.9455 5437415.3291   0.0366 0.0340203 0.996248 3
4595567.8790 5437415.7578   0.0259 0.0580555 1.105803 3
4595567.8099 5437416.1955   0.0742 0.0337879 1.020275 3
4595568.3824 5437412.5560  26.8654 0.0412689 1.008713 0
4595568.2492 5437413.3916  27.1191 0.0629589 1.028823 1
4595568.0645 5437414.4029  28.7688 0.0773802 1.001050 1
4595568.2425 5437413.7931  24.0417 0.0271012 1.236142 2
4595568.2466 5437413.9704  22.2860 0.0436245 0.967659 1
4595568.1044 5437414.6471  24.4261 0.0378701 1.107626 1
4595567.8031 5437415.8609  30.7814 0.0340998 0.962841 1
4595567.9246 5437415.4491  27.5547 0.0365157 1.106492 2
4595567.9724 5437415.2872  26.2792 0.0519672 1.311793 2
4595568.0394 5437415.0602  24.4914 0.0357295 1.134840 2
4595567.7535 5437416.2187  30.4460 0.0562399 1.087825 1
4595567.8722 5437415.8180  27.2803 0.0800265 1.063765 2
4595568.8862 5437412.3959   0.0135 0.0482870 0.989849 3
4595567.8196 5437416.1877  27.0133 0.0800012 1.224018 2
4595568.8192 5437412.8277   0.0428 0.0763126 1.183102 3
4595567.7514 5437416.6101  27.1561 0.0632101 1.124399 2
4595568.7532 5437413.2563   0.0360 0.0558426 1.027109 3
4595568.6855 5437413.6899   0.0947 0.2846753 1.036096 3
4595568.6186 5437414.1215   0.1368 0.1944241 1.031544 3
4595568.5542 5437414.5447   0.1107 0.1493645 1.080013 3
4595568.4910 5437414.9636   0.0240 0.6620884 1.054192 0
4595568.4245 5437415.3936   0.0288 0.6140304 1.079847 0
4595568.3577 5437415.8240   0.0237 0.6149336 1.056122 0
4595568.2897 5437416.2590   0.0412 0.3339773 1.072261 3
4595568.2219 5437416.6929   0.0529 0.2799396 1.081293 3
4595568.1533 5437417.1293   0.0823 0.1595620 1.074244 3
4595568.0871 5437417.5578   0.0522 0.1490161 1.123138 3
4595568.8003 5437412.8053  26.8191 0.0613009 1.133770 1
4595568.8562 5437412.6135  25.3802 0.0422877 0.999499 2
4595568.7289 5437413.2393  27.0664 0.1110718 1.060258 1
4595568.6050 5437413.8517  28.7040 0.0589110 1.145882 1
4595568.6732 5437413.6198  26.9236 0.0401238 1.545493 2
4595568.5503 5437414.2281  28.5479 0.0695920 1.083413 1
4595568.7245 5437413.6375  23.9778 0.0282165 0.987742 2
4595568.4626 5437414.9083  27.6276 0.0352901 1.033625 1
4595568.6544 5437414.2632  22.5884 0.0291784 1.262545 2
4595568.3923 5437415.3383  27.8500 0.0301473 1.197863 1
4595568.5828 5437414.6998  22.8386 0.0201058 0.806860 2
4595568.6189 5437414.5788  21.8888 0.0388725 1.059658 2
4595568.2895 5437416.0700  27.2625 0.0499678 1.041195 1
4595568.4920 5437415.3969  21.9263 0.0473300 1.071910 2
4595569.3090 5437412.6806   0.1476 0.2482258 1.058429 3
4595568.3503 5437416.0650  23.9929 0.0558751 1.070688 1
4595568.4286 5437415.8058  21.9235 0.0481315 1.085117 2
4595569.2424 5437413.1114   0.1599 0.1860718 1.142683 3
4595568.3769 5437416.1766  21.6024 0.0333261 1.007190 1
4595568.4206 5437416.0325  20.4413 0.0576367 1.095064 2
4595569.1794 5437413.5304   0.0763 0.3477471 1.070846 3
4595568.3531 5437416.4555  20.5374 0.0840172 1.113080 1
4595569.1139 5437413.9571   0.1000 0.2905465 1.050009 3
4595568.2910 5437416.8604  20.4833 0.0466144 1.101660 1
4595569.0496 5437414.3799   0.0953 0.3896662 1.030607 3
4595568.2528 5437417.1878  19.7838 0.0303708 1.039952 1
4595568.9856 5437414.8018   0.0466 0.5667128 1.056587 3
4595568.9190 5437415.2326   0.0593 0.6699253 1.062445 0
4595568.8512 5437415.6666   0.0953 0.7309530 1.046129 0
4595568.7857 5437416.0936   0.0414 0.4420425 1.057156 0
4595568.7182 5437416.5270   0.0482 0.4053795 1.083824 3
4595568.6470 5437416.9715   0.1428 0.5536278 1.043086 0
4595568.5807 5437417.4005   0.1000 0.1678004 1.073341 3
4595568.5098 5437417.8444   0.2006 0.1939323 1.061919 3
4595568.4447 5437418.2695   0.1599 0.1262839 1.027533 3
4595568.3813 5437418.6890   0.1008 0.3408092 1.065180 3
4595568.3156 5437419.1167   0.1346 0.2035485 1.034341 3
4595568.2519 5437419.5373   0.1160 0.1237095 1.088223 3
4595569.1354 5437412.6250  27.2949 0.0810143 1.074136 1
4595569.0512 5437413.1022  27.8694 0.0795523 1.052826 1
4595569.1406 5437412.7970  25.5763 0.0337839 1.182935 2
4595569.0266 5437413.3766  26.9087 0.0926041 1.145688 1
4595568.9574 5437413.8031  27.1258 0.0642832 1.041999 1
4595568.8451 5437414.3744  28.4789 0.0740952 1.196426 1
4595568.8777 5437414.2643  27.6237 0.0184393 0.883335 2
4595568.9083 5437414.1609  26.8205 0.0464536 1.225159 2
4595568.8167 5437414.6625  27.6210 0.0587359 1.236096 1
4595569.0449 5437413.8949  21.6226 0.0193879 0.818987 2
4595568.6998 5437415.2478  29.0605 0.0948325 1.443839 1
4595568.7673 5437415.0215  27.2944 0.0760739 1.897871 2
4595568.9422 5437414.4357  22.7146 0.0204040 0.835766 2
4595569.6696 5437412.4132   0.1068 0.3926551 1.070843 0
4595568.5027 5437416.4861  29.3091 0.1025564 1.054844 1
4595568.7060 5437415.8130  23.9752 0.0330775 1.021858 2
4595569.5997 5437412.8546   0.2026 0.0479531 1.133732 3
4595568.4466 5437416.8669  29.1247 0.1186102 1.918895 1
4595568.6458 5437416.2102  23.8875 0.0371063 1.179863 3
4595568.4013 5437417.2124  28.6568 0.0777320 1.030009 1
4595568.4402 5437417.0847  27.6278 0.0490352 1.116917 2
4595569.4735 5437413.6919   0.0607 0.0811994 1.109652 3
4595568.3210 5437417.6727  29.1287 0.0995846 1.643660 1
4595569.4088 5437414.1161   0.0709 0.0617183 1.017523 3
4595568.5852 5437417.0107  20.4005 0.0591864 1.041522 1
4595569.3436 5437414.5416   0.0915 0.2789628 1.034832 3
4595569.2795 5437414.9641   0.0365 0.6701413 1.045399 0
4595569.2122 5437415.3965   0.0708 0.5805359 1.054363 0
4595568.8224 5437416.8647   8.7911 0.0420346 0.950348 1
4595569.1445 5437415.8296   0.0890 0.5166815 1.049600 3
4595568.2296 5437418.9737  23.2220 0.0255416 0.917713 1
4595569.0788 5437416.2573   0.0426 0.6078059 1.065665 3
4595568.1621 5437419.3940  23.4166 0.0751201 1.254447 1
4595569.0098 5437416.6943   0.0818 0.3612588 1.085706 3
4595568.9405 5437417.1330   0.1224 0.5975735 1.061675 3
4595568.8721 5437417.5689   0.1379 0.3224218 1.038274 3
4595568.8038 5437418.0034   0.1749 0.1073214 1.043888 3
4595568.7381 5437418.4306   0.1371 0.1568589 1.036090 3
4595568.6726 5437418.8567   0.1325 0.0980149 1.093884 3
4595568.6069 5437419.2833   0.1501 0.0964444 0.995275 3
4595568.5430 5437419.7047   0.1249 0.0852894 1.078353 3
4595569.6940 5437412.3690  25.8299 0.0825580 1.662960 1
4595569.7661 5437412.3206  22.4356 0.0401591 1.176458 1
4595569.4838 5437413.4645  28.0115 0.0378395 1.347281 1
4595569.6982 5437412.7451  22.5720 0.0424289 1.127588 2
4595569.4175 5437413.8810  28.1768 0.0637451 1.763499 1
4595569.5730 5437413.3609  24.1613 0.0372869 1.175262 2
4595569.4215 5437414.0628  26.5189 0.1494603 1.125110 1
4595569.4569 5437413.9449  25.6009 0.0516118 1.395779 2
4595569.2837 5437414.7166  28.5197 0.0794232 1.159195 1
4595569.3650 5437414.4469  26.4266 0.0394554 1.354155 2
4595569.2406 5437415.0558  28.0441 0.0467143 1.065188 1
4595569.2745 5437414.9438  27.1703 0.0784623 1.170099 2
4595569.1494 5437415.5534  28.8059 0.0547778 1.710255 1
4595569.2315 5437415.2835  26.6890 0.0482168 1.363597 2
4595569.0810 5437415.9753  28.9550 0.0556910 1.080964 1
4595569.3253 5437415.1748  22.6494 0.0450603 0.955705 2
4595570.1895 5437412.3424   0.0532 0.3150367 1.074022 3
4595569.1005 5437416.1110  26.8334 0.0581282 1.052236 1
4595570.1190 5437412.7868   0.1453 0.2614462 1.090747 3
4595569.2118 5437415.9495  22.3183 0.0632680 1.040335 2
4595570.0469 5437413.2352   0.2682 0.2038418 1.013409 3
4595568.9282 5437417.0715  28.0198 0.0664449 1.856098 1
4595569.1566 5437416.3323  22.0950 0.0766904 1.163025 2
4595569.9666 5437413.7106   0.6647 0.0630716 1.078189 3
4595569.0943 5437416.7378  22.0493 0.0348035 0.940895 1
4595569.1456 5437416.5726  20.7145 0.1027927 1.169010 2
4595569.9144 5437414.0946   0.3696 0.0861844 1.134312 3
4595568.7717 5437417.9782  28.8298 0.1366282 1.396571 1
4595569.8624 5437414.4781   0.0677 0.0916348 1.085081 3
4595568.9865 5437417.4950  21.5068 0.0372369 1.182829 1
4595569.7933 5437414.9173   0.1799 0.1674131 1.104748 3
4595569.4067 5437416.3653   8.7236 0.0289994 0.950964 1
4595569.7328 5437415.3281   0.0560 0.5842893 1.062304 3
4595569.3401 5437416.7920   8.7335 0.0437104 1.024533 1
4595569.6664 5437415.7586   0.0540 0.4498353 1.098506 3
4595569.6005 5437416.1869   0.0212 0.7400691 1.076847 0
4595569.5338 5437416.6181   0.0076 0.5506227 1.041122 0
4595569.4642 5437417.0580   0.0587 0.5749247 1.072202 0
4595569.3935 5437417.5006   0.1423 0.3825133 1.173769 0
4595569.3291 5437417.9247   0.0709 0.7190203 1.052267 3
4595569.2638 5437418.3509   0.0266 0.3750298 1.049963 3
4595569.1956 5437418.7861   0.0815 0.4230365 1.050542 3
4595569.1280 5437419.2191   0.1337 0.3055524 1.090775 3
4595569.0619 5437419.6474   0.1658 0.0460955 1.128113 3
4595570.2027 5437412.2722  26.4090 0.0611688 1.406387 1
4595570.1204 5437412.7423  26.9004 0.0401146 0.950410 1
4595570.0653 5437413.1220  26.6985 0.0753687 1.387190 1
4595569.9540 5437413.6873  27.9497 0.0441726 1.028632 1
4595570.0142 5437413.4889  26.4050 0.0283275 1.150194 2
4595570.1724 5437412.9668  22.4794 0.0536874 1.028192 2
4595570.0428 5437413.5937  24.1422 0.0711031 1.129950 1
4595569.7911 5437414.6184  29.1041 0.0846392 1.058802 1
4595570.0482 5437413.7769  22.4688 0.0347946 0.861581 2
4595569.7311 5437415.0129  29.0903 0.1023188 1.918291 1
4595569.7986 5437414.7931  27.3688 0.0425299 1.175562 2
4595569.8809 5437414.5248  25.2635 0.0359917 1.006249 2
4595569.7583 5437415.1244  26.8465 0.0446608 1.596087 1
4595569.8060 5437414.9693  25.6222 0.0467490 1.087806 2
4595569.6332 5437415.7306  28.4623 0.0731887 1.302002 1
4595569.8594 5437414.9992  22.6779 0.0347759 1.100317 2
4595569.5246 5437416.2822  29.6307 0.0727382 1.460424 1
4595569.6221 5437415.9682  27.1565 0.0305350 1.244379 2
4595570.6734 5437412.5828   0.0737 0.0917150 1.042265 3
4595569.5005 5437416.5616  28.6488 0.0572397 1.134011 1
4595569.5687 5437416.3429  26.9128 0.0516381 1.171504 2
4595569.7383 5437415.7992  22.5904 0.0571768 1.043433 2
4595570.6031 5437413.0261   0.1083 0.1311124 1.042970 3
4595569.4316 5437416.9849  28.7960 0.0513022 1.108357 1
4595569.5070 5437416.7442  26.8759 0.1010736 1.904181 2
4595570.5295 5437413.4795   0.2266 0.0400556 1.141093 3
4595569.4212 5437417.2220  27.4496 0.1130122 1.312980 1
4595569.4570 5437417.1082  26.5343 0.0208199 1.045444 3
4595569.3311 5437417.7121  28.1483 0.0991844 1.195736 1
4595569.5584 5437416.9926  22.3035 0.0345638 1.172741 2
4595569.7904 5437416.2585  16.3321 0.0223427 0.901089 3
4595569.2582 5437418.1482  28.4171 0.0358851 1.100959 1
4595570.3478 5437414.7145   0.0505 0.2212561 1.009361 3
4595569.1951 5437418.5522  28.4420 0.0696762 1.074419 1
4595569.4378 5437417.7910  22.1202 0.0541178 0.956424 2
4595570.2855 5437415.1311   0.0048 0.1725241 1.054149 3
4595569.5283 5437417.7194  18.0941 0.0584403 1.014517 1
4595570.2170 5437415.5682   0.1038 0.5537051 1.073815 3
4595569.5563 5437417.8462  15.6787 0.0419296 1.064768 1
4595570.1506 5437415.9983   0.0941 0.4700891 1.111725 3
4595570.0883 5437416.4158  -0.0250 0.7243534 1.046968 0
4595570.0187 5437416.8557   0.0444 0.4243303 1.093257 0
4595569.9520 5437417.2860   0.0341 0.5218705 1.087703 0
4595569.8860 5437417.7151   0.0026 0.7612512 1.079805 0
4595569.7507 5437418.5816   0.0413 0.4302107 1.050688 0
4595569.6837 5437419.0131   0.0590 0.4521107 1.041879 3
4595569.6168 5437419.4447   0.0746 0.7373675 1.050473 0
4595569.5490 5437419.8778   0.1534 0.1161538 1.066781 3
4595570.4250 5437412.5710  26.8873 0.0365032 1.113011 1
4595570.4642 5437412.4406  25.9256 0.0340772 1.259533 2
4595570.3683 5437412.9551  26.7047 0.0319322 1.046352 1
4595570.3847 5437413.0988  24.7259 0.0345584 1.141887 1
4595570.1709 5437414.0014  28.5914 0.0382023 0.974678 1
4595570.1968 5437413.9162  27.9241 0.0599111 1.102627 2
4595570.4099 5437413.2148  22.5140 0.0392527 1.099881 2
4595570.1298 5437414.3335  28.1411 0.0937264 1.709109 1
4595570.1860 5437414.1492  26.6876 0.0210235 1.070722 2
4595570.2129 5437414.0611  25.9915 0.0441452 1.013655 3
4595570.0810 5437414.6921  27.8652 0.0511326 1.246905 1
4595569.9747 5437415.2371  29.0442 0.1000339 1.701903 1
4595570.0350 5437415.0410  27.4987 0.0544832 0.964511 2
4595569.8902 5437415.7108  29.6353 0.0546998 1.335536 1
4595569.9326 5437415.5734  28.5636 0.0236680 0.854260 2
4595570.0113 5437415.3186  26.5519 0.0466655 1.032148 3
4595569.8515 5437416.0365  29.0322 0.0982677 2.328333 1
4595570.9795 5437412.3978   0.0663 0.0726236 0.948758 3
4595569.8159 5437416.3524  28.3479 0.0916685 1.797126 1
4595570.0396 5437415.6337  22.6516 0.0315711 1.136330 2
4595570.9111 5437412.8341   0.0773 0.0874679 0.998348 3
4595569.7944 5437416.6238  27.2950 0.0185548 0.842732 1
4595569.8321 5437416.5029  26.3323 0.0472152 1.337294 2
4595569.7303 5437417.0316  27.3217 0.0379297 1.046304 1
4595569.9251 5437416.4110  22.3368 0.0610841 1.132376 2
4595569.9817 5437416.2306  20.8824 0.0504328 1.336786 2
4595570.7663 5437413.7314   0.3366 0.0442950 1.089936 3
4595569.6424 5437417.5151  27.9513 0.0450379 1.069990 1
4595569.6772 5437417.4045  27.0576 0.0430124 1.039320 2
4595570.6934 5437414.1816   0.5909 0.1421768 1.017667 3
4595569.5719 5437417.9429  28.1512 0.0564996 1.065718 1
4595569.5952 5437417.8691  27.5477 0.0468896 1.454097 2
4595569.7997 5437417.2233  22.2758 0.0450667 1.192789 3
4595569.5013 5437418.3709  28.3502 0.1025852 1.159808 1
4595570.5891 5437414.9513  -0.0115 0.1225278 1.097383 3
4595569.4450 5437418.7537  28.2009 0.0285959 0.898232 1
4595570.5239 5437415.3773   0.0281 0.4085540 1.056539 3
4595569.3870 5437419.1415  28.1093 0.0713502 1.234848 1
4595570.4548 5437415.8148   0.1152 0.1771642 1.028587 3
4595569.7986 5437418.0735  15.6184 0.0631142 1.125796 1
4595570.3917 5437416.2343   0.0193 0.4825768 1.052343 3
4595570.3235 5437416.6692   0.0536 0.5244045 1.077263 0
4595570.2564 5437417.1013   0.0561 0.5723978 1.064016 0
4595570.1910 5437417.5275   0.0166 0.6639250 1.065880 0
4595570.1251 5437417.9553  -0.0137 0.5239771 1.054029 0
4595570.0571 5437418.3892   0.0096 0.3969218 1.083064 3
4595569.9887 5437418.8247   0.0558 0.6665834 1.050568 0
4595570.6337 5437413.4549  24.4747 0.0679047 1.066704 2
4595570.5907 5437413.7966  24.0444 0.1158474 1.198703 1
4595570.4597 5437414.4253  25.9110 0.0623446 1.146229 1
4595570.2515 5437415.3028  29.7330 0.0757987 1.158821 1
4595570.2090 5437415.6408  29.2643 0.0567034 1.984218 1
4595570.3436 5437415.2054  25.8210 0.0267192 1.158563 2
4595570.1992 5437415.8738  27.9382 0.0541644 1.172228 1
4595570.2458 5437415.7239  26.7599 0.0253708 1.129395 2
4595570.3366 5437415.4313  24.4477 0.0214988 0.873886 2
4595570.0748 5437416.4754  29.5156 0.0186850 0.916782 1
4595570.1090 5437416.3659  28.6488 0.0368033 1.053503 2
4595571.2181 5437412.8076   0.0953 0.1048306 1.027416 3
4595570.0347 5437416.8067  28.9472 0.0671548 1.107893 1
4595570.2413 5437416.1467  23.6796 0.0565815 0.974226 2
4595571.1524 5437413.2363   0.0283 0.0814825 1.008812 3
4595569.9017 5437417.4331  30.7446 0.0826269 1.198693 1
4595570.0975 5437416.8103  25.7465 0.0484558 1.293797 3
4595569.9881 5437417.3637  26.9342 0.1075135 1.309147 1
4595571.0057 5437414.1410   0.4461 0.0406248 0.936132 3
4595570.1056 5437417.1993  22.2941 0.0538695 1.030085 1
4595570.9345 5437414.5856   0.6481 0.1635765 1.094591 3
4595570.0528 5437417.5749  22.0171 0.0560954 1.179257 1
4595570.8965 5437414.9265  -0.0305 0.2653184 1.026345 3
4595570.1304 5437417.5438  18.3500 0.0435809 1.046522 1
4595570.8322 5437415.3506  -0.0148 0.3045576 1.049172 3
4595570.3956 5437416.9324   9.7495 0.0568036 1.354158 1
4595570.7637 5437415.7872   0.0757 0.3991871 1.049929 3
4595569.6326 5437419.5140  28.0698 0.0277829 1.008829 1
4595570.6995 5437416.2107   0.0287 0.2754048 1.076565 3
4595569.9976 5437418.5992  16.7916 0.0649393 1.073084 1
4595570.6351 5437416.6346  -0.0202 0.3733095 1.085609 3
4595569.9314 5437419.0193  16.8536 0.0207734 0.806777 1
4595569.9801 5437418.8701  15.5635 0.0259541 0.922956 2
4595570.5665 5437417.0712   0.0363 0.3047246 1.044417 3
4595570.5011 5437417.4981   0.0067 0.5985752 1.057919 0
4595569.7951 5437419.8711  17.1201 0.0424838 0.999998 1
4595570.4356 5437417.9253  -0.0278 0.5144958 1.050170 3
4595570.3680 5437418.3587  -0.0020 0.7206693 1.065090 0
4595570.3005 5437418.7919   0.0132 0.6993171 1.058654 0
4595570.2316 5437419.2292   0.0764 0.4222642 1.039536 3
4595570.1681 5437419.6503   0.0043 0.0987629 1.129875 3
4595571.0465 5437412.7023  30.6859 0.0455670 1.022387 1
4595571.0309 5437413.3486  26.4709 0.1295404 1.225006 1
4595571.1949 5437412.8127  22.5073 0.0383134 1.123227 2
4595570.8964 5437413.9884  28.3114 0.0433837 1.028333 1
4595570.9758 5437413.7299  26.3120 0.0239739 1.129826 2
4595570.8463 5437414.3519  28.0869 0.0658713 1.041387 1
4595571.0930 5437413.5519  21.8501 0.0296199 0.980569 2
4595570.7933 5437414.7254  27.9362 0.1051294 1.146897 1
4595570.6697 5437415.3253  29.5850 0.0379615 1.101952 1
4595570.7258 5437415.1449  28.1516 0.0523450 1.423492 2
4595570.9527 5437414.6217  20.8106 0.0301439 1.147878 1
4595570.6365 5437415.8392  27.3536 0.0516757 1.041938 1
4595570.8561 5437415.1385  21.7458 0.0265273 1.046473 2
4595570.8827 5437415.0538  21.0615 0.0363151 1.278165 2
4595570.7344 5437415.7336  23.3110 0.1945898 1.258361 0
4595570.6401 5437416.2406  24.1219 0.0856267 1.221330 1
4595570.7141 5437416.0065  22.2400 0.0321252 1.238640 2
4595570.8178 5437415.6787  19.5984 0.0585043 1.597496 2
4595571.5773 5437413.2766   0.0595 0.0661836 1.079199 3
4595570.3373 5437417.4033  30.2269 0.0992813 1.405335 0
4595570.2726 5437417.8126  30.2982 0.0648784 1.382111 0
4595570.5799 5437417.0605  20.8635 0.0329862 1.196959 1
4595570.7610 5437416.4952  16.2133 0.0452719 1.012624 2
4595571.3811 5437414.5598   0.0567 0.0301516 0.950718 3
4595570.2976 5437418.1506  26.4887 0.0637954 1.231862 1
4595571.3201 5437414.9732  -0.0052 0.0773550 1.087765 3
4595570.2075 5437418.6404  27.1960 0.0355985 1.048515 1
4595571.2572 5437415.3937  -0.0198 0.4207131 1.044286 3
4595570.1266 5437419.1009  27.6830 0.0944682 1.925897 1
4595571.1906 5437415.8249   0.0359 0.1929673 1.017197 3
4595570.4292 5437418.3855  18.2082 0.0398431 1.068451 1
4595571.1240 5437416.2564   0.0800 0.2521724 1.038660 3
4595570.4457 5437418.5534  16.1181 0.0581726 1.355017 1
4595571.0618 5437416.6741  -0.0056 0.4074179 1.067936 3
4595570.3859 5437418.9543  16.0095 0.0610976 1.042348 1
4595570.9971 5437417.0993  -0.0298 0.6075034 1.041858 3
4595570.3161 5437419.3867  16.1627 0.0708822 1.818270 1
4595570.9296 5437417.5335   0.0074 0.4204874 1.065316 3
4595570.8638 5437417.9622  -0.0096 0.6892007 1.064611 0
4595570.7963 5437418.3957   0.0159 0.7040450 1.059951 0
4595570.7284 5437418.8305   0.0555 0.6137705 1.259840 0
4595570.6636 5437419.2558   0.0167 0.5405737 1.051925 0
4595570.5980 5437419.6840  -0.0005 0.5282575 1.056174 0
4595571.4584 5437412.8553  26.4877 0.0824904 1.079549 1
4595571.3760 5437413.3247  26.9409 0.1010823 1.072164 1
4595571.4065 5437413.2256  26.2082 0.0364359 1.015552 2
4595571.3373 5437413.6523  26.3657 0.1105565 1.310560 1
4595571.2612 5437414.1011  26.7558 0.0897933 1.220484 1
4595571.0747 5437414.9049  29.9542 0.0696397 1.032209 1
4595571.1913 5437414.5300  27.0046 0.0437006 1.466848 2
4595571.0323 5437415.2435  29.5385 0.0500744 1.710871 1
4595571.1016 5437415.0217  27.7792 0.0536776 1.422580 2
4595571.0523 5437415.3834  27.5274 0.0429170 1.071549 1
4595571.3066 5437414.5722  21.0427 0.0130525 0.520398 2
4595570.9936 5437415.7755  27.4860 0.0666548 1.709281 1
4595571.1457 5437415.2925  23.6241 0.0273674 0.977488 2
4595571.2418 5437414.9868  21.1609 0.0365800 1.197112 2
4595570.8247 5437416.5161  30.2086 0.0415883 1.085349 1
4595570.8589 5437416.4078  29.3469 0.0520945 1.113760 2
4595571.0044 5437416.1561  24.1151 0.1028157 1.066072 1
4595571.1190 5437415.7951  21.2016 0.1417505 1.165893 3
4595570.7120 5437417.2825  29.9577 0.0533989 1.040000 1
4595570.7541 5437417.1504  28.8928 0.0707246 1.518548 3
4595570.6598 5437417.6531  29.7214 0.0652773 1.285918 1
4595570.8074 5437417.1921  25.9787 0.0440354 0.975707 2
4595570.8577 5437417.0349  24.6993 0.0570779 1.456541 3
4595570.7453 5437417.5954  25.9785 0.1177278 1.287472 1
4595571.2198 5437416.1201  13.8383 0.0332951 1.139448 3
4595570.6732 5437418.0303  26.2246 0.0419951 1.345636 1
4595571.3615 5437415.8999   8.5423 0.0672670 1.837655 3
4595570.9159 5437417.4945  18.4111 0.0533113 1.159441 1
4595571.6254 5437415.3084   0.0084 0.0646671 1.019540 3
4595570.4776 5437419.0555  28.0478 0.1570919 1.495404 0
4595570.7972 5437418.2922  18.1965 0.0422570 0.918406 1
4595571.4947 5437416.1630   0.0657 0.4880319 1.059864 3
4595571.4324 5437416.5816   0.0024 0.5079956 1.047418 0
4595571.3671 5437417.0087   0.0045 0.7192933 1.078883 0
4595571.3014 5437417.4374   0.0062 0.7075472 1.053289 0
4595571.2356 5437417.8663  -0.0049 0.7175547 1.076505 0
4595571.1697 5437418.2947  -0.0160 0.6268567 1.085158 0
4595571.1017 5437418.7305   0.0287 0.4448855 1.085638 0
4595571.0359 5437419.1587   0.0153 0.5674842 1.053003 0
4595570.9705 5437419.5858  -0.0001 0.4969250 1.042061 0
4595571.7859 5437413.1700  22.7894 0.0540867 1.140845 1
4595571.7195 5437413.5900  22.8591 0.0449385 1.109839 1
4595571.8358 5437413.2151  20.0298 0.0406778 1.132970 2
4595571.8775 5437413.0804  19.0149 0.0409402 1.094540 2
4595571.4743 5437414.5841  27.4084 0.1132509 1.600805 1
4595571.3174 5437415.2904  29.8910 0.0382760 1.266150 1
4595571.4365 5437414.9094  26.8721 0.0558914 1.139906 2
4595571.2991 5437415.5528  28.8598 0.0618868 1.385603 1
4595571.3742 5437415.3135  26.9520 0.0334075 1.332554 2
4595571.2158 5437416.0230  29.4430 0.0424263 0.903589 1
4595571.2379 5437415.9530  28.8862 0.0365775 1.432218 2
4595571.1328 5437416.4914  30.0178 0.0723137 1.212502 1
4595571.2267 5437416.1945  27.6436 0.0202953 0.981515 2
4595571.2549 5437416.1056  26.9307 0.0555199 1.337325 3
4595571.1179 5437416.7447  28.8592 0.0315320 1.110632 1
4595571.2387 5437416.3647  25.8044 0.1164918 1.570356 3
4595571.1593 5437416.8225  26.2678 0.0474826 1.115156 1
4595571.2073 5437416.6722  25.0514 0.0116457 0.702796 2
4595571.2527 5437416.5298  23.8989 0.0481099 2.490992 2
4595571.2900 5437416.4131  22.9503 0.0372952 1.460481 3
4595570.9810 5437417.5887  29.2295 0.0988116 1.516422 1
4595571.0327 5437417.4273  27.9200 0.0275143 1.010610 3
4595570.9452 5437417.9091  28.5685 0.0693484 1.335549 1
4595571.0319 5437417.6402  26.3714 0.0212404 0.918793 2
4595571.4420 5437416.3671  15.8950 0.0328988 1.099718 3
4595570.9701 5437418.0423  26.3627 0.0482571 1.139343 3
4595571.2932 5437417.2612  16.4966 0.0337150 0.965049 1
4595571.5388 5437416.5060  10.1656 0.0305752 1.152555 2
4595571.9292 5437415.3050   0.0219 0.1490383 1.038774 3
4595571.2016 5437417.7605  17.2261 0.0390911 1.123798 1
4595571.8640 5437415.7323   0.0464 0.2445510 1.039847 3
4595571.1542 5437418.1242  16.8098 0.1042030 1.579059 1
4595571.7985 5437416.1606   0.0795 0.2758857 1.039480 3
4595571.7362 5437416.5793   0.0242 0.3500145 1.033572 0
4595571.0253 5437418.9555  16.8608 0.0414424 1.041670 1
4595571.6725 5437417.0017  -0.0115 0.4531533 1.061653 3
4595570.9699 5437419.3440  16.6450 0.0421206 1.084478 1
4595571.6065 5437417.4318   0.0081 0.4969878 1.072019 3
4595570.9013 5437419.7721  16.7880 0.0869091 1.063604 1
4595571.5406 5437417.8612   0.0039 0.3770783 1.025851 3
4595571.4737 5437418.2937   0.0229 0.5006525 1.101056 3
4595571.4073 5437418.7246   0.0333 0.5969842 1.037378 0
4595571.3434 5437419.1473  -0.0198 0.6680264 1.042755 0
4595571.2771 5437419.5780  -0.0129 0.6701089 1.051499 0
4595571.9314 5437414.0799  29.1572 0.0737017 1.078946 1
4595571.8372 5437414.5852  29.9822 0.0630413 1.230015 1
4595571.9602 5437414.1920  26.9745 0.0487065 1.680238 2
4595572.0692 5437414.0525  22.8112 0.0704419 1.035180 1
4595572.1721 5437413.7251  20.2933 0.0462027 1.099735 2
4595571.8433 5437414.9773  26.8782 0.0838234 1.142142 1
4595572.0139 5437414.4369  22.6546 0.0414358 1.244177 2
4595571.9492 5437414.8519  22.7446 0.0297415 1.000390 1
4595572.0314 5437414.5927  20.7026 0.0672515 1.047197 2
4595571.5869 5437416.2011  30.3034 0.0186768 0.916893 1
4595571.6108 5437416.1259  29.7045 0.0493617 1.504440 2
4595571.7047 5437415.8312  27.3560 0.0255862 1.047875 2
4595571.5424 5437416.5486  29.9222 0.0665527 1.420750 1
4595571.7416 5437415.9255  24.9199 0.0229548 0.965237 2
4595571.5791 5437416.6435  27.4919 0.0529843 1.083034 1
4595571.7317 5437416.1680  23.6486 0.0220342 0.882233 2
4595571.7681 5437416.0548  22.7316 0.0293233 1.135920 3
4595571.5180 5437417.0439  27.4998 0.0185265 0.902466 1
4595571.5564 5437416.9248  26.5344 0.0314159 1.009381 2
4595571.7068 5437416.4585  22.7494 0.0174140 0.903183 3
4595571.6057 5437416.9850  23.7574 0.0507961 1.065739 1
4595571.7722 5437416.4709  19.5498 0.0406943 1.473295 2
4595571.8610 5437416.1967  17.2904 0.0730803 2.394728 3
4595571.3700 5437417.9239  28.1469 0.0504534 0.992652 1
4595572.4756 5437414.5264   0.0743 0.2460881 1.056149 3
4595571.6454 5437417.2951  19.6243 0.0470385 1.059672 1
4595572.4102 5437414.9553   0.0777 0.1870064 1.071997 3
4595571.9540 5437416.5741  10.1511 0.0387169 1.027630 1
4595572.3450 5437415.3837   0.0892 0.3241122 1.050343 3
4595572.2816 5437415.8062   0.0709 0.5530459 1.072338 0
4595572.2174 5437416.2310   0.0828 0.4994321 1.058048 0
4595571.4914 5437418.6430  17.1341 0.0578009 1.106646 1
4595572.1536 5437416.6550   0.0676 0.4397089 1.046044 3
4595571.4419 5437419.0142  16.7828 0.1791105 1.055890 1
4595572.0891 5437417.0809   0.0601 0.2083695 1.104450 3
4595571.3792 5437419.4254  16.7736 0.0571903 1.054691 1
4595572.0259 5437417.5029   0.0172 0.4503150 1.044845 3
4595571.3107 5437419.8529  16.9213 0.0613929 1.127109 1
4595571.9601 5437417.9322   0.0121 0.4791028 1.058853 3
4595571.8930 5437418.3658   0.0413 0.5372085 1.065043 3
4595571.8287 5437418.7915   0.0019 0.5094638 1.043885 3
4595571.7640 5437419.2173  -0.0201 0.4174737 1.070568 3
4595571.6990 5437419.6449  -0.0355 0.2538091 1.063720 3
4595572.4557 5437413.6522  28.8939 0.1588064 1.423784 0
4595572.3577 5437414.1693  29.7820 0.1638127 1.136312 0
4595572.3062 5437414.5384  29.5652 0.1022861 1.098790 1
4595572.3456 5437414.6222  27.1437 0.0547680 1.173314 1
4595572.2958 5437414.9881  26.8829 0.0427136 0.991917 1
4595572.4594 5437414.4756  22.8988 0.0287359 1.172794 2
4595572.2237 5437415.4235  27.1684 0.0340842 0.993470 1
4595572.3965 5437414.8845  22.9330 0.0358089 1.305509 2
4595572.1594 5437415.8344  27.2814 0.0881697 1.121338 1
4595572.2123 5437415.6700  25.9703 0.0208915 0.873955 2
4595572.0754 5437416.3057  27.8882 0.0369140 0.971357 1
4595572.2655 5437415.7179  23.1622 0.0287358 1.005578 2
4595572.3063 5437415.5914  22.1450 0.0549026 1.186208 2
4595572.3404 5437415.4860  21.2975 0.0115328 0.539121 2
4595572.3582 5437415.4312  20.8591 0.0381835 0.987166 3
4595571.9401 5437416.9349  29.7509 0.1012140 1.455041 1
4595572.0243 5437416.6757  27.6650 0.0382047 1.055222 2
4595572.3245 5437415.7514  20.1819 0.0447242 1.804714 3
4595571.8603 5437417.3917  30.2382 0.0454131 1.176478 1
4595571.9010 5437417.4799  27.7197 0.0498569 1.086483 1
4595571.9514 5437417.3262  26.4623 0.0502321 1.124808 2
4595572.0718 5437416.9589  23.4566 0.0512734 1.139695 2
4595571.8152 5437417.9555  28.3214 0.0669079 1.028453 1
4595572.9410 5437414.5358   0.0604 0.1655063 1.121950 3
4595572.1804 5437417.0662  17.6484 0.0447038 1.017105 1
4595572.8741 5437414.9690   0.1174 0.1038634 1.067075 3
4595571.9344 5437418.0293  22.2561 0.0438045 1.206732 1
4595572.8120 5437415.3881   0.0449 0.2490661 1.106196 3
4595571.8404 5437418.7518  21.4803 0.0403657 1.118478 1
4595572.6818 5437416.2438   0.1063 0.4266998 1.077568 3
4595571.7887 5437419.1275  21.2120 0.0333677 1.142725 1
4595571.9561 5437418.6311  16.9564 0.0391268 1.230115 2
4595572.6188 5437416.6654   0.0804 0.4141280 1.054496 3
4595572.5554 5437417.0878   0.0568 0.6552199 1.032857 0
4595572.4907 5437417.5147   0.0591 0.8038789 1.043310 0
4595571.7718 5437419.8524  16.8537 0.0776707 1.178845 1
4595572.4258 5437417.9413   0.0297 0.4392780 1.057900 3
4595572.3587 5437418.3747   0.0567 0.3206974 1.032923 3
4595572.2937 5437418.8025   0.0364 0.4417981 1.077513 3
4595572.6895 5437414.3257  29.2982 0.0596780 0.963665 1
4595572.7341 5437414.1852  28.2281 0.0694961 1.233757 2
4595572.6565 5437414.6376  28.6364 0.1143516 1.036652 1
4595572.8002 5437414.1868  25.1734 0.0173278 0.777839 3
4595572.8123 5437414.3602  23.3986 0.0943285 1.699099 1
4595572.6014 5437415.2294  27.0383 0.0373918 1.044385 1
4595572.5721 5437415.5321  26.2762 0.0577408 1.048402 1
4595572.6724 5437415.2212  23.8242 0.0272531 1.103198 2
4595572.4443 5437416.1392  27.9608 0.0693089 1.040244 1
4595572.6467 5437415.5149  22.9574 0.0221190 0.910825 2
4595572.5745 5437415.9522  23.2543 0.0300513 1.020300 1
4595572.6262 5437415.7936  21.9722 0.0245190 0.828720 2
4595572.6512 5437415.7166  21.3505 0.0445054 1.290838 2
4595572.6947 5437415.5830  20.2709 0.0372968 0.809776 2
4595572.7171 5437415.5144  19.7173 0.0607793 1.297965 3
4595572.2319 5437417.2160  30.2540 0.0967445 1.052515 1
4595572.2962 5437417.2332  27.1691 0.0319742 1.244990 1
4595572.2055 5437417.7242  27.9023 0.0597816 1.080766 1
4595572.2677 5437417.5358  26.3696 0.0209036 0.899691 2
4595572.2080 5437417.9323  26.3171 0.0409882 1.128526 1
4595572.3518 5437417.4985  22.7577 0.0232217 0.943008 2
4595572.4863 5437417.3150  17.8443 0.0367453 1.097522 1
4595573.1899 5437415.2026   0.1005 0.2414596 1.069762 3
4595572.2666 5437418.1946  21.7679 0.0463960 0.984590 1
4595572.4325 5437417.6988  17.6271 0.0264876 0.937703 2
4595573.1247 5437415.6304   0.1211 0.2894232 1.040851 3
4595573.0621 5437416.0508   0.0877 0.4807330 1.063622 0
4595572.1319 5437419.0394  22.0209 0.0258893 1.050109 1
4595572.9973 5437416.4783   0.1108 0.6650202 1.058595 3
4595572.0711 5437419.4416  21.9919 0.0310286 0.908743 1
4595572.9337 5437416.9014   0.0928 0.6243365 1.050220 3
4595572.2313 5437419.1971  16.3345 0.0350490 1.166096 1
4595572.8698 5437417.3259   0.0754 0.4768003 1.051770 3
4595572.8051 5437417.7526   0.0633 0.3193792 1.048370 3
4595572.7403 5437418.1793   0.0442 0.5952878 1.082683 3
4595572.9650 5437414.9919  28.7178 0.1219893 1.055088 1
4595573.0617 5437414.9041  24.9250 0.1043406 1.032806 1
4595573.1218 5437414.7178  23.4699 0.1062045 1.094737 3
4595572.8846 5437415.6650  27.7552 0.0785631 1.109116 1
4595573.0458 5437415.1678  23.8329 0.0334024 1.053391 3
4595572.8323 5437416.0388  27.5839 0.0708121 1.518082 1
4595573.1186 5437415.1599  20.5784 0.0405570 1.325340 2
4595573.1633 5437415.0226  19.4887 0.0599508 1.200132 2
4595573.2116 5437414.8745  18.3132 0.0280541 1.102132 3
4595572.9499 5437415.8945  23.2216 0.0413112 1.584373 1
4595573.0371 5437415.6278  21.0739 0.1397005 1.420012 2
4595572.8619 5437416.3802  23.9138 0.0305968 1.045277 1
4595573.0515 5437415.8031  19.2239 0.0686789 1.075044 2
4595572.6498 5437417.2404  27.6644 0.0520852 1.395195 1
4595572.8882 5437416.7389  20.2589 0.0470395 1.046718 1
4595572.7435 5437417.3949  22.3428 0.0401038 0.973214 1
4595572.8674 5437417.0230  19.2562 0.0246280 0.987702 2
4595572.6825 5437417.7988  22.3246 0.0856789 1.180004 1
4595572.8546 5437417.2846  18.0438 0.0402482 1.097242 2
4595572.7290 5437418.1077  18.0634 0.0483840 1.049172 1
4595573.4425 5437415.9968   0.1218 0.2822913 1.085444 3
4595573.3792 5437416.4205   0.1059 0.5754004 1.073140 0
4595573.3148 5437416.8466   0.1126 0.5685410 1.065912 3
4595573.2509 5437417.2720   0.1007 0.5863000 1.048329 0
4595573.1856 5437417.7008   0.1132 0.7319324 1.050441 3
4595573.2992 5437415.7819  28.7236 0.0346402 1.079064 1
4595573.3627 5437415.5881  27.1907 0.0377363 1.231256 2
4595573.4049 5437415.6759  24.7251 0.0413965 1.091411 1
4595573.4451 5437415.5539  23.7531 0.1030707 1.070324 2
4595573.1708 5437416.6016  28.9541 0.0589035 1.031462 1
4595573.1331 5437416.9315  28.4195 0.0426095 0.973084 1
4595573.3728 5437416.6540  19.6067 0.0253374 0.953532 1
4595573.2147 5437417.3473  21.9871 0.1129850 1.066105 1
4595573.1438 5437417.7807  22.2184 0.0843945 1.121234 1
4595573.5393 5437416.4000  28.8333 0.0354994 0.978453 1
4595573.4381 5437417.1372  28.3822 0.0353102 1.232018 1
4595572.3091 5437413.6550   0.1655 0.0389022 1.054540 3
4595573.4993 5437416.7950  22.1704 0.0349485 0.997794 1
4595573.1929 5437417.3458  18.0494 0.0383179 1.110309 2
4595571.8660 5437419.7310   0.0231 0.6833972 1.060035 3
4595571.8743 5437419.2675   0.0397 0.0525174 1.122420 3
4595573.4379 5437416.3229  28.6946 0.0514984 1.092832 1
4595572.9677 5437417.1698  22.4138 0.0296809 1.152872 2
4595572.6546 5437417.3039  18.1174 0.0375588 1.082475 1
4595571.3151 5437419.6974  -0.0213 0.5844293 1.052195 3
4595573.0686 5437416.1410  23.5247 0.0266090 0.939512 1
4595571.3232 5437419.2353  -0.0085 0.3629793 1.037251 3
4595571.4367 5437413.2170   0.0394 0.2002879 1.070718 3
4595572.5836 5437417.9865  21.8070 0.1389838 1.124459 1
4595573.1101 5437416.6066  28.7674 0.0579683 1.540366 1
4595572.4186 5437417.4337  19.3912 0.0516502 1.163396 1
4595572.3043 5437417.6394  17.8412 0.0391907 1.131312 2
4595573.1230 5437415.7497  28.6760 0.0372966 1.210392 1
4595570.9995 5437419.5409   0.0117 0.3177517 1.045155 3
4595572.3492 5437416.7027  18.2119 0.0795178 1.289364 1
4595571.0102 5437419.0744   0.0594 0.2374201 1.153687 3
4595572.5999 5437415.8345  21.4225 0.0686577 1.060236 1
4595572.5217 5437415.9719  20.3809 0.0631157 1.123873 2
4595571.0138 5437418.6217   0.0120 0.0835592 1.255370 3
4595572.7763 5437415.1024  23.6579 0.0528123 1.131293 1
4595572.5449 5437415.5058  20.5449 0.0620780 1.343009 2
4595571.0184 5437418.1667  -0.0178 0.0415629 1.014714 3
4595572.8945 5437414.4757  25.1334 0.1333335 1.083723 1
4595572.8172 5437414.6093  24.0934 0.0496080 1.386655 2
4595571.0284 5437417.7024   0.0266 0.0440502 1.058026 3
4595571.1307 5437412.6182   0.0833 0.0523206 1.033546 3
4595571.9695 5437419.3921  16.3643 0.0309530 0.922151 1
4595572.3889 5437418.1886  21.9760 0.0576639 1.411735 1
4595571.9498 5437418.9989  15.9915 0.0302494 1.084369 2
4595572.4196 5437417.7094  22.3048 0.0601211 1.230852 1
4595572.4316 5437416.8401  22.2294 0.0401268 0.935036 1
4595570.8025 5437419.7776   0.0126 0.4049623 1.040364 3
4595572.2414 5437416.7570  19.5302 0.0446602 0.938662 1
4595570.8148 5437419.3091   0.0708 0.2829242 1.077676 3
4595572.3992 5437416.0507  21.5124 0.0592290 1.060687 1
4595572.1648 5437416.4668  18.3651 0.0501661 1.602885 2
4595570.8184 5437418.8563   0.0203 0.1032689 1.087283 3
4595572.5909 5437415.2898  23.9482 0.1234463 1.009835 0
4595572.3520 5437415.2850  20.5912 0.0500989 1.040930 1
4595572.2865 5437415.3994  19.7057 0.0312434 0.899768 2
4595570.8308 5437417.9418  -0.0073 0.1556972 1.047591 3
4595572.7191 5437414.2240  25.4459 0.0797542 1.150665 3
4595570.9467 5437414.6233   0.6704 0.2308845 1.100528 3
4595570.9476 5437414.1770   0.5090 0.0325632 0.986507 3
4595570.9394 5437413.2978   0.1082 0.0688147 1.133938 3
4595570.9470 5437412.3936   0.0948 0.1103922 1.076950 3
4595571.5740 5437419.7098  16.8864 0.0652059 1.034605 1
4595571.9080 5437418.6606  21.3110 0.0709577 1.095491 1
4595571.9280 5437418.1993  21.4856 0.1092653 1.119695 1
4595571.6096 5437418.7854  17.1530 0.0280656 0.834429 2
4595572.3800 5437416.9497  27.5098 0.0486541 1.095716 1
4595571.9870 5437417.6675  22.1944 0.0836818 1.217393 2
4595572.1038 5437416.6110  23.5306 0.0769242 1.021760 1
4595570.3797 5437419.7116   0.0562 0.2382977 1.068659 3
4595572.4412 5437415.5862  27.9056 0.0921518 1.371734 1
4595570.3894 5437419.2472   0.0786 0.0539446 1.273565 3
4595572.4605 5437415.1346  28.0385 0.0437052 1.026656 1
4595572.0528 5437415.8563  22.5582 0.0426801 1.988635 2
4595571.9600 5437416.0206  21.3143 0.0530819 1.107132 3
4595572.5592 5437414.5440  29.2523 0.0421392 1.040053 1
4595572.4972 5437414.6529  28.4150 0.0453371 1.139544 2
4595570.3987 5437418.3380   0.0096 0.0360841 1.033518 3
4595572.5936 5437414.0681  29.6022 0.1029043 1.054060 0
4595571.9522 5437414.3360  20.6348 0.0441373 1.196077 3
4595570.4547 5437415.1171   0.0283 0.2044862 1.025949 3
4595570.4669 5437414.6512   0.0195 0.0594788 1.097861 3
4595570.5274 5437413.6612   0.4131 0.5554968 1.051302 0
4595571.1675 5437419.9328  16.9260 0.0538475 1.042565 1
4595571.9687 5437417.5974  27.6005 0.0455106 1.153622 1
4595571.8855 5437417.7509  26.4683 0.0584673 1.096282 2
4595571.9795 5437417.1609  27.6221 0.0318044 0.979483 1
4595571.9292 5437417.2530  26.9442 0.0296190 0.974633 2
4595571.9978 5437416.7108  27.7394 0.0462188 1.011475 1
4595572.0259 5437416.2443  27.9742 0.0796663 1.744692 1
4595569.9716 5437419.9507   0.0856 0.2708981 1.037499 3
4595572.0023 5437415.8697  27.5065 0.0735073 1.120571 1
4595571.6988 5437416.4129  23.4448 0.0836191 1.171794 2
4595569.9793 5437419.4911   0.0471 0.0649715 1.026566 3
4595571.9894 5437415.4757  27.1837 0.0332987 1.129490 1
4595571.9245 5437415.5911  26.3145 0.0648361 0.966399 2
4595571.7131 5437415.9664  23.4856 0.0609667 1.277903 2
4595571.6599 5437416.0610  22.7722 0.0258019 1.099587 2
4595569.9865 5437419.0331   0.0346 0.0689854 1.062970 3
4595571.9776 5437415.0795  26.8765 0.0559411 1.139802 1
4595571.6587 5437415.6415  22.6055 0.0371139 1.227096 2
4595571.3890 5437416.1168  18.9982 0.0541818 1.556219 2
4595571.2740 5437416.3193  17.4597 0.0464024 1.204081 3
4595572.1940 5437414.2839  29.6618 0.1291736 1.175570 0
4595572.1489 5437413.9478  28.9232 0.0534983 1.451529 1
4595571.6821 5437414.7571  22.5981 0.0353883 0.998354 2
4595570.0131 5437417.6513   0.0873 0.1096653 1.201681 3
4595571.6931 5437414.3173  22.5970 0.0753014 1.044542 1
4595571.5520 5437414.5601  20.6847 0.0701061 1.092464 3
4595570.0629 5437414.8962   0.1060 0.2669964 1.095525 3
4595570.1329 5437413.8929   0.6630 0.0524915 1.076714 3
4595570.1253 5437413.4597   0.3747 0.4686053 1.056871 0
4595570.1160 5437413.0305   0.1753 0.2589034 1.024415 3
4595570.1107 5437412.5931   0.0289 0.0447624 1.041503 3
4595570.9586 5437419.9455  16.9092 0.0562636 1.106191 1
4595570.9612 5437419.5148  16.8160 0.0322508 0.893933 1
4595571.7347 5437417.2350  27.1668 0.0569119 1.058553 1
4595571.7895 5437416.7191  27.7751 0.0533527 0.954395 1
4595571.8197 5437416.2483  28.0359 0.0600741 1.073303 1
4595569.7800 5437419.9500   0.1958 0.1025961 1.009121 3
4595571.7876 5437415.8907  27.4475 0.0543327 1.121524 1
4595571.5095 5437416.3915  23.7032 0.0896072 1.634235 2
4595571.4397 5437416.5171  22.7640 0.0230019 0.846691 2
4595569.7806 5437419.5047   0.0488 0.0383090 1.077861 3
4595571.7899 5437415.4715  27.3229 0.0323505 0.993652 1
4595571.5178 5437415.9577  23.6600 0.0364148 1.226786 2
4595571.1862 5437416.5502  19.1959 0.1025103 1.206071 3
4595572.0026 5437414.6786  30.0343 0.0514634 1.242420 1
4595569.7982 5437418.5863   0.0479 0.1414617 1.028626 3
4595571.9728 5437414.3173  29.4850 0.1219884 1.141143 0
4595571.4722 5437414.7770  22.5459 0.0505757 1.027802 1
4595571.3568 5437414.9783  21.0163 0.0307616 1.242206 2
4595571.1310 5437415.3722  18.0220 0.0304457 1.177275 2
4595569.8160 5437417.6662   0.0799 0.1476817 1.088792 3
4595571.3554 5437414.5589  20.8202 0.0385896 0.993959 1
4595571.2230 5437414.7881  19.0634 0.0234611 1.048173 2
4595569.8199 5437417.2160   0.0355 0.0429892 1.091451 3
4595569.8566 5437415.3762   0.1262 0.0786937 1.189287 3
4595569.8678 5437414.9133   0.1218 0.0917057 1.048970 3
4595569.9378 5437413.9104   0.6915 0.4647802 1.076043 0
4595569.9362 5437413.4695   0.4776 0.2892936 1.068090 3
4595569.9219 5437413.0487   0.1885 0.5058490 1.033124 3
4595569.9218 5437412.6047   0.0933 0.0542574 1.380116 3
4595570.6488 5437419.7732  16.8068 0.0727884 1.087902 1
4595571.4867 5437417.7808  28.1863 0.0687823 1.037479 1
4595571.3980 5437417.1130  26.7277 0.0735103 1.191151 1
4595571.5096 5437416.0773  27.9523 0.0592062 1.089566 1
4595571.2101 5437416.6203  23.9104 0.0517509 1.068996 2
4595569.4793 5437419.7586   0.1769 0.0734622 1.122957 3
4595571.2763 5437416.0824  24.6637 0.0753015 2.483101 1
4595571.2166 5437416.1899  23.8581 0.0153320 0.752424 2
4595571.1007 5437416.3983  22.2911 0.0745536 1.456539 3
4595571.2202 5437415.7632  23.7626 0.0836415 1.048575 1
4595569.4912 5437418.8494   0.0606 0.1280520 0.997116 3
4595571.4954 5437414.8562  27.2595 0.0990532 1.723265 1
4595571.2174 5437415.3485  23.5688 0.0327675 1.052819 2
4595571.1457 5437415.4754  22.6176 0.0513874 1.372700 2
4595569.4984 5437418.3926   0.0367 0.0725849 1.141976 3
4595571.1688 5437415.0140  22.7444 0.0498948 1.058553 1
4595571.0541 5437415.2154  21.2217 0.0427255 1.084710 2
4595569.5085 5437417.9307   0.0719 0.1612722 1.125311 3
4595571.1629 5437414.6035  22.4872 0.0614428 1.158500 1
4595570.8792 5437415.0980  18.7164 0.0302059 1.051770 2
4595569.5183 5437417.4695   0.1033 0.0635926 1.101090 3
4595569.5223 5437417.0193   0.0707 0.1838175 1.041191 0
4595571.0163 5437413.1662  19.9150 0.0612036 1.099370 1
4595569.5428 5437415.6508   0.0651 0.1722812 1.084248 3
4595569.5516 5437415.1917   0.0554 0.5206167 1.114648 0
4595569.5749 5437414.2645   0.0588 0.4249097 1.042127 3
4595569.6261 5437413.2929   0.3936 0.0583166 1.154221 3
4595569.6152 5437412.8663   0.1270 0.1145977 1.004023 3
4595569.6196 5437412.4157   0.0612 0.1761403 1.040197 3
4595571.0757 5437417.8987  28.2172 0.0406844 1.025985 1
4595571.2325 5437417.1925  30.2372 0.0890491 1.087109 1
4595570.9412 5437417.7336  26.2599 0.0451091 1.219609 2
4595571.2596 5437416.7306  30.4711 0.0748911 1.112875 1
4595571.2017 5437416.8372  29.6854 0.0373427 1.444866 2
4595570.9711 5437416.8464  26.4198 0.0078360 0.750502 0
4595571.2311 5437415.9591  29.8000 0.0544826 1.335279 1
4595571.0583 5437416.2728  27.4707 0.0935810 2.558177 3
4595570.8249 5437416.2783  24.1744 0.0499467 1.018573 1
4595569.0694 5437419.4403   0.1333 0.2202813 1.046426 3
4595571.0496 5437415.4576  27.0693 0.0436360 1.303243 1
4595570.7074 5437416.0691  22.4535 0.0346446 1.113649 2
4595570.6077 5437416.2474  21.0972 0.0388578 1.836657 2
4595569.0786 5437418.9801   0.1110 0.1011602 1.064200 3
4595569.0889 5437418.5187   0.1049 0.2219049 1.077394 0
4595571.0887 5437414.5586  27.2224 0.1460508 1.320620 1
4595569.1021 5437418.0532   0.1716 0.0620575 1.142163 3
4595571.0751 5437414.1671  26.8662 0.0794351 1.285624 1
4595570.7192 5437414.7882  22.1382 0.1058731 1.577728 3
4595571.0707 5437413.7592  26.6314 0.0488231 1.057399 1
4595570.8836 5437414.0830  24.1294 0.0409827 1.056915 2
4595570.8362 5437414.1651  23.4984 0.0499483 2.358779 2
4595570.7535 5437414.3084  22.4006 0.0208099 0.941220 2
4595569.1108 5437417.1517   0.0837 0.0698318 1.227754 3
4595571.3446 5437412.8727  30.2925 0.0673321 1.126525 1
4595569.1142 5437416.7020   0.0383 0.1030728 1.025880 3
4595571.0775 5437412.4996  26.4427 0.0507392 1.073322 1
4595570.8058 5437412.9583  22.6732 0.0579222 1.129530 2
4595569.1354 5437415.7792   0.1243 0.0989653 1.119243 3
4595570.8331 5437412.4927  22.9843 0.0594535 1.218583 2
4595569.1439 5437415.3216   0.1194 0.2388606 1.086666 3
4595569.1511 5437414.8669   0.0749 0.0843629 1.076463 3
4595569.1606 5437414.4068   0.0533 0.1750996 1.062859 3
4595569.1746 5437413.9412   0.0591 0.6074432 1.047082 0
4595569.1843 5437413.4812   0.0096 0.2550231 1.069953 3
4595570.8525 5437417.9262  28.2872 0.0310908 1.042325 1
4595570.7181 5437418.1792  26.4358 0.0577742 1.091599 2
4595571.0070 5437417.2247  30.2845 0.0546331 0.996809 1
4595570.7175 5437417.7655  26.3079 0.0471084 1.253003 2
4595571.0163 5437416.7966  30.2768 0.0931750 1.174666 1
4595570.8322 5437416.7244  27.6257 0.0398452 1.363228 2
4595570.6114 5437417.1307  24.5992 0.0601958 1.339288 2
4595570.9173 5437415.7427  28.5127 0.0253540 1.047805 2
4595570.8095 5437415.9381  27.0487 0.0301324 1.024034 2
4595570.6114 5437416.2969  24.3472 0.0275757 1.080972 2
4595568.8522 5437419.4845   0.1452 0.1703747 1.017765 3
4595570.8483 5437415.4540  27.4341 0.0522570 1.404089 1
4595570.4209 5437416.2224  21.6121 0.0642851 1.522196 2
4595568.8639 5437419.0216   0.1440 0.1230793 1.040467 3
4595568.8766 5437418.5570   0.1567 0.1885521 1.048658 0
4595570.8575 5437414.6103  27.1788 0.1151803 1.598427 1
4595568.8890 5437418.0939   0.2028 0.1576611 1.073976 3
4595570.5257 5437414.7787  22.5656 0.0915343 1.564168 2
4595570.8420 5437413.8082  26.5775 0.0507679 1.263532 1
4595570.6259 5437414.1845  23.6922 0.0679833 1.769131 2
4595568.9016 5437416.7453   0.0524 0.1554176 1.049118 0
4595568.9138 5437416.2823   0.1155 0.0356347 1.026553 3
4595570.5827 5437413.0050  22.6396 0.0883142 1.076963 1
4595568.9221 5437415.8267   0.1163 0.2608967 1.069046 3
4595570.6189 5437412.5252  23.0774 0.0343326 1.069145 2
4595568.9290 5437415.3727   0.0889 0.1732027 1.090118 3
4595568.9382 5437414.9143   0.0646 0.0611242 1.005332 3
4595568.9512 5437414.4503   0.0909 0.6097758 1.072502 0
4595568.9758 5437413.5259   0.0567 0.1851971 1.046369 3
4595570.5657 5437418.5263  26.4104 0.0378294 1.076438 1
4595570.8362 5437417.1890  29.9090 0.0802351 1.068701 1
4595570.6916 5437417.4610  27.9094 0.0273450 1.213603 2
4595570.5783 5437417.6739  26.3386 0.0586305 1.278527 2
4595570.8700 5437416.7149  30.2394 0.0486398 1.119239 1
4595570.6594 5437417.1079  27.3325 0.0284396 1.185419 2
4595570.5738 5437417.2676  26.1485 0.0534408 1.953972 2
4595570.8588 5437416.3247  29.9490 0.1307243 1.460914 1
4595570.6999 5437416.2049  27.6285 0.0530078 1.097022 1
4595568.7274 5437419.3891   0.1685 0.1431090 1.008438 0
4595570.7205 5437415.3406  27.6207 0.0599838 1.370203 1
4595570.7114 5437414.9432  27.3062 0.0285328 0.940592 1
4595568.7506 5437418.4633   0.1526 0.3863597 1.050777 3
4595568.7598 5437418.0058   0.1545 0.2818461 1.017480 3
4595570.7024 5437414.1314  26.7804 0.0595915 1.180619 1
4595568.7742 5437417.0961   0.1249 0.0790531 1.077011 3
4595568.7769 5437416.6495   0.0611 0.0802140 1.052341 0
4595570.4341 5437413.3501  22.5760 0.0444750 1.127679 1
4595568.7854 5437416.1928   0.0666 0.1480642 1.041468 3
4595570.7002 5437412.4764  26.2378 0.0373680 0.942894 1
4595570.4592 5437412.8886  22.8513 0.0387905 1.161131 2
4595568.7946 5437415.7349   0.0770 0.2583481 1.095452 3
4595568.8053 5437415.2747   0.0901 0.3153174 1.073363 3
4595568.8160 5437414.8150   0.0867 0.3642879 1.072319 3
4595568.8310 5437414.3471   0.1304 0.4615988 1.058110 0
4595568.8434 5437413.8844   0.1151 0.1849668 1.057692 3
4595568.8538 5437413.4258   0.0771 0.7425649 1.060052 3
4595570.4254 5437418.1970  28.7784 0.1036415 1.331136 1
4595570.4842 5437417.6742  29.4736 0.0364539 1.012218 1
4595570.4100 5437417.8151  28.4398 0.0611320 1.423929 2
4595570.2479 5437417.2931  25.9312 0.1365951 1.145971 1
4595570.5034 5437416.4049  29.3552 0.0407686 1.353248 1
4595570.3776 5437415.8112  27.3613 0.0559312 1.100041 1
4595570.0181 5437416.4683  22.3676 0.0364045 1.082241 2
4595568.4095 5437419.4083   0.0568 0.1866859 1.025271 3
4595570.2680 5437415.5965  25.7173 0.0545116 0.934290 1
4595570.0094 5437416.0654  22.1258 0.0693408 1.121627 3
4595570.4394 5437414.8729  27.8651 0.0554974 1.174300 1
4595568.4393 5437418.4717   0.0987 0.1587152 1.077428 3
4595570.2960 5437414.7159  25.7374 0.0599915 1.041463 1
4595568.4540 5437418.0040   0.1703 0.1184030 1.111327 3
4595570.5063 5437413.9283  28.3311 0.0366826 1.303063 1
4595570.3400 5437414.2228  26.1196 0.0537106 1.266925 2
4595570.0671 5437414.7061  22.4544 0.0639942 1.319200 2
4595568.4559 5437417.5593   0.0651 0.0730321 1.036420 3
4595570.4048 5437413.6950  26.7568 0.0428637 1.060116 1
4595570.1455 5437414.1505  23.3055 0.0663233 1.964098 2
4595568.4637 5437417.1049   0.0657 0.1681795 1.016612 3
4595570.3973 5437413.2934  26.5040 0.1059572 1.649318 1
4595568.4708 5437416.6502   0.0601 0.0478791 1.200624 3
4595570.2227 5437413.1808  23.9928 0.0494218 1.062394 1
4595570.1143 5437413.3682  22.4906 0.0440295 1.326543 2
4595568.4773 5437416.1972   0.0350 0.2549403 1.045950 3
4595570.3470 5437412.5517  25.6396 0.0508404 1.324537 1
4595568.4870 5437415.7397   0.0474 0.2181067 1.045688 3
4595568.4959 5437415.2820   0.0350 0.0710560 1.245682 3
4595568.5085 5437414.8189   0.0569 0.2776284 1.081659 3
4595568.5174 5437414.3620   0.0201 0.1610628 1.007597 3
4595568.5574 5437412.9703   0.0531 0.1397962 1.040859 3
4595568.5676 5437412.5126   0.0338 0.2098712 1.070859 3
4595570.0688 5437419.3201  28.2613 0.0554759 1.573023 1
4595570.0316 5437418.9814  27.6050 0.0656099 1.114121 1
4595570.1217 5437417.9865  28.5974 0.0257769 0.968615 1
4595570.1738 5437417.4763  29.1972 0.0455150 1.135643 1
4595570.1563 5437417.0991  28.8267 0.0450651 0.993598 1
4595569.9281 5437417.5286  25.6324 0.0446662 2.367848 2
4595570.2636 5437416.4888  30.1951 0.0893183 1.049930 1
4595569.9303 5437417.1113  25.5419 0.0341082 1.218487 2
4595569.9114 5437416.7316  25.1576 0.0419848 1.313789 1
4595569.7119 5437417.1014  22.3620 0.0397622 1.244087 2
4595570.0825 5437416.0026  27.4182 0.0492210 1.081584 1
4595569.7230 5437416.6638  22.4025 0.0311976 0.947206 2
4595570.2641 5437415.2596  29.7799 0.0561424 1.563541 1
4595568.1248 5437419.1644   0.0912 0.0895525 1.167563 3
4595569.9863 5437415.3529  25.8063 0.0344743 1.172721 1
4595569.7499 5437415.7810  22.5323 0.0508615 1.136616 2
4595568.1395 5437418.6977   0.0886 0.2428173 1.015561 3
4595570.1639 5437414.6197  28.0419 0.0323919 1.086337 1
4595569.9343 5437415.0324  24.9167 0.0558984 1.421822 2
4595568.1624 5437418.2164   0.2328 0.0940097 1.020474 3
4595570.1988 5437414.1453  28.2956 0.0512545 1.028041 1
4595569.9467 5437414.5947  24.9078 0.0389400 1.211932 2
4595569.7814 5437414.8895  22.6517 0.0289981 1.041083 2
4595568.1621 5437417.7761   0.0834 0.1091128 1.048812 3
4595570.1130 5437413.8864  26.9268 0.0447390 1.099128 1
4595568.1739 5437417.3158   0.1107 0.1420295 1.046369 3
4595570.1127 5437413.4735  26.7083 0.0785811 1.286669 1
4595568.1787 5437416.8664   0.0574 0.1932835 1.022398 3
4595570.1349 5437413.0220  26.9127 0.0682830 1.140107 1
4595568.1885 5437416.4090   0.0724 0.1610328 1.021402 3
4595569.8208 5437413.1513  22.4433 0.0682981 1.066068 1
4595568.1965 5437415.9547   0.0517 0.3691131 1.048107 3
4595570.0868 5437412.2794  25.9969 0.0195905 0.919939 2
4595569.8330 5437412.7138  22.4867 0.0301422 1.099482 2
4595568.2070 5437415.4970   0.0654 0.1007384 1.052866 3
4595569.8382 5437412.2873  22.4103 0.0663668 1.059860 2
4595568.2180 5437415.0376   0.0600 0.2704493 1.042039 3
4595568.2307 5437414.5756   0.0778 0.1797122 1.059916 3
4595568.2439 5437414.1121   0.0799 0.4841198 1.062439 3
4595568.2715 5437413.1851   0.1001 0.0630518 1.062276 3
4595568.2828 5437412.7259   0.0852 0.0682108 1.099193 3
4595570.0521 5437419.3932  28.4736 0.0499920 1.625802 1
4595570.0958 5437418.4870  28.8085 0.0588226 1.173894 1
4595569.9337 5437418.3908  26.3817 0.0631141 1.108440 1
4595570.2334 5437416.5847  30.2278 0.0704144 1.029894 1
4595569.8815 5437416.8379  25.1299 0.0765387 1.621273 1
4595570.0630 5437416.0843  27.5660 0.0268961 0.908897 1
4595569.6989 5437416.7635  22.4224 0.0387025 1.208452 2
4595570.2284 5437415.3672  29.7429 0.0983942 1.348361 1
4595568.1239 5437419.2624   0.1932 0.1053646 1.047770 3
4595570.1324 5437415.1339  28.2291 0.0673191 1.257764 1
4595569.7303 5437415.8723  22.6166 0.0420937 1.214451 2
4595568.1355 5437418.8015   0.1461 0.1379388 1.046688 3
4595570.1292 5437414.7279  27.9957 0.0621378 1.664228 1
4595569.9117 5437415.1242  24.9975 0.0880419 1.146212 2
4595568.1595 5437418.3171   0.2927 0.1330802 1.185535 3
4595570.1684 5437414.2463  28.3226 0.0491266 1.012412 1
4595569.9045 5437414.7234  24.7187 0.0408396 1.127502 2
4595568.1581 5437417.8808   0.1238 0.0669593 1.078884 3
4595570.0840 5437413.9860  26.9542 0.0646750 1.250850 1
4595569.8169 5437414.4650  23.3277 0.0569134 1.160464 2
4595568.1693 5437417.4200   0.1349 0.1372432 1.079140 3
4595570.0933 5437413.5569  26.8567 0.1090289 1.109238 1
4595568.1735 5437416.9727   0.0703 0.1924473 1.050594 3
4595570.1090 5437413.1167  26.9516 0.0439151 1.177857 1
4595569.9218 5437413.4471  24.3291 0.0476193 1.009916 2
4595569.7753 5437413.7056  22.3312 0.0521361 1.060284 2
4595568.1835 5437416.5148   0.0887 0.1579712 1.003103 3
4595570.0909 5437412.7358  26.5885 0.0779936 1.046077 1
4595569.7926 5437413.2580  22.4005 0.0503123 1.267683 2
4595568.1914 5437416.0608   0.0638 0.2863576 1.034117 3
4595570.1169 5437412.2778  26.8121 0.0758296 1.358500 1
4595569.8125 5437412.8063  22.5483 0.0551985 1.105424 2
4595568.2047 5437415.5975   0.1151 0.1561783 1.116269 3
4595568.2154 5437415.1388   0.1091 0.1564510 1.059896 3
4595568.2247 5437414.6824   0.0786 0.3441617 1.048337 3
4595568.2408 5437414.2147   0.1254 0.4100582 1.046500 3
4595568.2646 5437413.2948   0.0859 0.1154064 1.033619 3
4595568.2739 5437412.8381   0.0413 0.1951350 1.041943 3
4595569.8903 5437419.4576  28.8173 0.0506507 1.123116 1
4595569.8134 5437418.7885  27.4391 0.0916218 1.408168 1
4595569.9839 5437418.0435  29.7267 0.0644152 1.018632 1
4595569.9868 5437417.6285  29.6357 0.0519929 1.193284 1
4595570.0102 5437417.1748  29.8419 0.0520411 0.937322 1
4595570.0653 5437416.6595  30.4991 0.0416190 1.042737 1
4595569.8209 5437417.1264  27.0189 0.0600181 1.190549 2
4595569.7530 5437416.8431  25.9290 0.1136155 1.068405 1
4595569.4886 5437417.3445  22.1478 0.0370764 1.266342 2
4595569.9498 5437416.0596  28.6002 0.0832553 1.248271 1
4595569.8403 5437415.8533  26.9174 0.0530811 1.126317 1
4595569.5330 5437416.4271  22.5522 0.0229291 0.991639 2
4595569.8211 5437415.4770  26.5135 0.0434427 1.223791 1
4595569.5157 5437416.0428  22.1802 0.0903609 1.514327 2
4595569.7452 5437415.2035  25.2791 0.0384900 1.071837 1
4595569.5549 5437415.5535  22.6094 0.0265587 0.949557 2
4595567.9914 5437418.4279   0.4064 0.1301853 1.086345 3
4595569.7520 5437414.7763  25.1987 0.0975700 1.108804 1
4595567.9819 5437418.0048   0.1178 0.2131636 1.047711 3
4595569.8668 5437414.1549  26.5833 0.0694450 1.280642 1
4595569.6299 5437414.5835  23.3282 0.0294923 1.307222 2
4595569.5737 5437414.6852  22.5449 0.0341294 1.725194 2
4595567.9889 5437417.5530   0.0604 0.1337311 1.062886 3
4595569.9040 5437413.6752  26.8738 0.0585692 1.168486 1
4595569.7147 5437414.0152  24.2871 0.0817232 1.082500 2
4595568.0005 5437417.0923   0.0916 0.1663618 1.109712 3
4595569.8996 5437413.2707  26.6473 0.0580443 1.317156 1
4595569.7262 5437413.5793  24.2321 0.0486715 1.072298 2
4595568.0052 5437416.6439   0.0287 0.1919698 1.103026 3
4595569.9219 5437412.8184  26.8400 0.0532518 1.082189 1
4595568.0167 5437416.1833   0.0565 0.1508445 1.063985 3
4595569.9245 5437412.4004  26.7418 0.0995138 1.246558 1
4595569.8095 5437412.6019  25.1225 0.0729046 1.691663 2
4595568.0264 5437415.7253   0.0535 0.1012505 1.225687 3
4595569.6233 5437412.5114  22.3530 0.0258713 0.911532 2
4595568.0369 5437415.2673   0.0516 0.2761573 1.032390 3
4595568.0484 5437414.8072   0.0509 0.2771151 1.009589 3
4595568.0634 5437414.3411   0.0904 0.6152152 1.058372 0
4595568.0775 5437413.8768   0.0991 0.4116681 1.077543 3
4595568.0915 5437413.4120   0.1088 0.2305480 1.060436 3
4595569.4561 5437419.5255  28.3286 0.0396318 1.089290 1
4595569.4348 5437419.1582  27.8732 0.0403438 1.312088 1
4595569.6334 5437417.5429  30.2596 0.0517660 0.970148 1
4595569.4233 5437417.5393  27.1384 0.0432274 1.057128 1
4595569.4360 5437417.1042  27.2004 0.0284032 1.003594 1
4595569.5497 5437416.4779  28.7034 0.0384309 1.219877 1
4595569.5096 5437416.1437  28.0050 0.1235374 1.950726 1
4595569.3761 5437416.3947  26.1075 0.0385254 1.229120 2
4595569.6317 5437415.5063  29.6062 0.0693517 1.153847 1
4595569.5511 5437415.6568  28.4630 0.0647955 1.196534 2
4595569.4930 5437415.7652  27.6389 0.0353168 1.302377 3
4595569.6493 5437415.0643  29.6799 0.0272129 0.916347 1
4595569.5863 5437415.1809  28.8016 0.0423611 1.250368 2
4595569.4960 5437414.9373  27.3710 0.0215314 0.966246 1
4595569.4472 5437415.0269  26.6855 0.0440602 1.175406 2
4595569.5862 5437414.3617  28.4458 0.0294760 0.876937 1
4595569.5221 5437414.4786  27.5660 0.0473255 1.221561 2
4595569.6199 5437413.8907  28.6960 0.0326898 1.017734 1
4595569.5841 5437413.5459  27.9958 0.0528166 1.083322 1
4595569.2550 5437414.1365  23.4492 0.0579963 1.026368 2
4595569.4998 5437413.2849  26.6618 0.0416316 1.026356 1
4595569.2710 5437413.6921  23.4670 0.0309450 1.075479 2
4595569.1761 5437413.8610  22.1500 0.0509993 1.995366 2
4595569.2129 5437413.3802  22.4699 0.0341671 1.151322 1
4595569.1540 5437413.4841  21.6423 0.0452931 0.991124 2
4595569.5067 5437412.4495  26.4454 0.0600909 1.185518 1
4595567.6278 5437415.7394   0.0353 0.4209936 1.064779 3
4595567.6397 5437415.2787   0.0447 0.1755589 1.046417 3
4595567.6531 5437414.8162   0.0680 0.3530777 1.037398 0
4595567.6634 5437414.3591   0.0392 0.5492728 1.044173 0
4595567.6800 5437413.8916   0.0784 0.1925018 1.082644 3
4595569.3432 5437419.5628  28.3694 0.0396025 1.000009 1
4595569.3524 5437418.7268  28.1696 0.0506856 1.059025 1
4595569.5207 5437417.5798  30.2894 0.0660059 1.111194 1
4595569.3204 5437417.5620  27.2823 0.0968308 1.193484 1
4595569.4435 5437416.5059  28.8107 0.0438516 0.979827 1
4595569.4245 5437416.1331  28.4057 0.1869141 1.741299 1
4595569.5256 5437415.5332  29.7215 0.0896193 1.595819 1
4595569.0333 5437416.0455  22.5225 0.0428163 1.145083 1
4595568.9931 5437416.1208  21.9453 0.0147218 0.819556 2
4595569.4757 5437414.8097  28.6765 0.0462839 1.246685 1
4595569.2618 5437415.2067  25.6431 0.0272492 0.816632 2
4595569.4814 5437414.3893  28.5762 0.0467781 1.369238 1
4595569.3119 5437414.7015  26.1827 0.0513241 1.573546 2
4595569.4532 5437414.0316  27.9705 0.0488717 1.180127 1
4595569.3411 5437414.2364  26.4022 0.0312238 1.102111 2
4595569.1290 5437414.6239  23.4174 0.0588468 1.190862 2
4595569.4778 5437413.5776  28.1046 0.0794234 0.997827 1
4595569.1473 5437414.1767  23.4807 0.0430279 1.149788 2
4595569.3894 5437413.3261  26.6804 0.0461999 1.240595 1
4595569.1688 5437413.7228  23.5755 0.0303561 0.881104 2
4595569.2297 5437413.2004  24.2523 0.0515333 1.055881 1
4595569.1071 5437413.4191  22.5132 0.0336065 0.964057 2
4595569.0534 5437413.5149  21.7535 0.0277953 1.183562 2
4595569.4003 5437412.4840  26.5142 0.0591335 1.065540 1
4595567.5469 5437415.3244   0.0601 0.2597113 1.026052 3
4595567.5621 5437414.8599   0.1074 0.2116211 1.066317 3
4595567.5739 5437414.4007   0.0990 0.3621842 1.063653 3
4595567.5903 5437413.9331   0.1342 0.3991985 1.067048 3
4595567.6068 5437413.4669   0.1719 0.0560526 1.061135 3
4595569.2516 5437419.3153  28.0121 0.0306183 1.050809 1
4595569.4443 5437417.2985  30.1926 0.0895843 1.278144 1
4595569.2424 5437417.6959  27.2644 0.0995725 1.070485 2
4595569.2403 5437416.8793  26.9805 0.0801506 1.600831 1
4595568.8947 5437417.5496  21.9507 0.0364017 1.128212 2
4595569.4290 5437415.6967  29.4561 0.0551630 1.428904 1
4595569.3592 5437415.8299  28.4446 0.0440195 1.046986 2
4595569.4669 5437415.2173  29.8449 0.0607058 1.509525 1
4595569.3899 5437415.3633  28.7418 0.0558799 1.349448 2
4595569.3281 5437414.6595  27.5129 0.0456852 1.074936 1
4595569.2341 5437414.8348  26.1665 0.0496285 1.517406 2
4595569.4276 5437414.0654  28.7258 0.0366051 1.105649 1
4595569.2471 5437414.3995  26.1729 0.0733314 1.293941 2
4595569.0054 5437414.8471  22.7145 0.0344062 1.531923 2
4595569.3961 5437413.7133  28.0697 0.0334082 1.016556 1
4595569.2842 5437413.9189  26.4883 0.0815256 1.092026 2
4595569.3193 5437413.4441  26.7814 0.0359993 1.111357 1
4595569.0377 5437413.9572  22.7913 0.0439886 1.128297 2
4595569.2941 5437413.0776  26.2574 0.0853635 1.105549 1
4595569.1494 5437413.3392  24.1823 0.0520936 1.136365 2
4595568.9590 5437413.2665  21.2870 0.0349718 0.939013 1
4595567.5017 5437415.0022   0.0674 0.1081722 1.074420 3
4595567.5146 5437414.5406   0.0823 0.6045689 1.052234 0
4595567.5301 5437414.0747   0.1081 0.2900053 1.042898 3
4595567.5452 5437413.6098   0.1255 0.0495433 1.008031 3
4595568.8887 5437418.8974  28.0967 0.0641561 1.074536 1
4595568.9186 5437418.4293  28.3472 0.1190670 1.091443 1
4595568.9279 5437418.0018  28.3362 0.0551308 1.004211 1
4595569.1041 5437417.2473  30.7492 0.0607163 0.984079 1
4595568.9140 5437417.6217  27.9895 0.0232949 0.927032 2
4595568.9633 5437417.1160  28.5748 0.0333095 0.967727 1
4595568.8987 5437417.2422  27.6351 0.0734760 1.253818 2
4595568.9795 5437416.6764  28.6857 0.0679416 1.092591 1
4595569.0480 5437416.1363  29.5450 0.0807869 1.226576 1
4595568.9876 5437415.8442  28.5311 0.0639552 0.986502 1
4595568.8658 5437416.0770  26.7664 0.0380669 1.019298 2
4595568.9948 5437415.4219  28.4894 0.0509351 1.036422 1
4595568.6998 5437415.9814  24.2195 0.0767296 1.089272 2
4595569.0639 5437414.8840  29.3084 0.0470327 1.557634 1
4595568.8663 5437415.2559  26.4737 0.0423887 1.632957 2
4595569.0362 5437414.5280  28.7379 0.0596232 1.200038 1
4595568.9028 5437414.7770  26.8261 0.0667347 1.573582 2
4595568.6295 5437414.8729  22.7311 0.0319314 1.053536 1
4595568.9777 5437413.8175  27.5013 0.0683879 1.342117 1
4595568.9150 5437413.9328  26.6123 0.0290153 1.017428 2
4595568.8406 5437414.0696  25.5563 0.0333431 1.160728 2
4595568.6249 5437414.4659  22.4908 0.0546809 1.618839 2
4595569.0211 5437413.3292  27.9246 0.0436652 1.094340 1
4595568.8805 5437413.5856  25.9193 0.0517368 1.478039 2
4595568.9733 5437413.0057  27.0693 0.0745733 1.091414 1
4595568.8777 5437413.1786  25.7003 0.0312772 1.030447 2
4595568.9072 5437412.7139  25.9506 0.1192268 1.241370 1
4595568.7032 5437417.9099  28.2290 0.1256128 1.119405 1
4595568.6976 5437417.5129  27.9990 0.0372507 1.109794 1
4595568.6898 5437417.1198  27.7579 0.1028141 1.105758 1
4595568.7713 5437416.5523  28.8245 0.0860400 1.127761 1
4595568.6522 5437415.9657  26.8080 0.0348903 1.089412 1
4595568.2119 5437416.8103  20.4052 0.0531098 1.028342 2
4595568.7877 5437415.2972  28.6239 0.0871876 1.313522 1
4595568.4810 5437415.8809  24.1719 0.0430077 0.992687 3
4595568.8559 5437414.7601  29.4354 0.0755128 1.302269 1
4595568.7073 5437415.0407  27.2925 0.0321322 1.169321 2
4595568.4844 5437415.4618  24.0746 0.0651332 1.247016 2
4595568.8077 5437414.4431  28.5626 0.0926610 1.679680 1
4595568.4123 5437414.7699  22.6901 0.1178476 1.081757 1
4595568.6935 5437413.8367  26.5296 0.0333854 0.992650 1
4595568.4959 5437414.2013  23.7048 0.0492572 1.139922 2
4595568.4048 5437414.3693  22.4008 0.0184306 0.898161 2
4595568.3485 5437414.4731  21.5958 0.0562667 1.175732 2
4595568.7986 5437413.2338  27.8439 0.0768123 1.088810 1
4595568.7240 5437413.3703  26.7716 0.0873881 1.270104 2
4595568.7571 5437412.8999  27.0711 0.0961280 1.285765 1
4595568.6745 5437412.6393  25.7021 0.0455912 1.432353 1
4595568.4160 5437412.6902  21.7947 0.0324731 0.871313 2
4595568.7427 5437419.1555  28.3076 0.0585691 1.092275 1
4595568.7590 5437418.7163  28.3491 0.0564900 1.243937 1
4595568.9484 5437417.5196  30.8077 0.0942640 0.997756 1
4595568.7201 5437417.1662  27.1468 0.1018940 1.548072 1
4595568.3450 5437417.5002  21.4537 0.0385555 1.024188 1
4595568.7143 5437416.3613  26.7867 0.0458760 1.127188 1
4595568.2793 5437417.2155  20.3449 0.0240189 0.910157 2
4595568.8386 5437415.7108  28.4752 0.0627668 1.116588 1
4595568.5516 5437416.2698  24.2292 0.0474036 1.184086 2
4595568.8179 5437415.3439  28.0075 0.0478747 1.070111 1
4595568.5615 5437415.8396  24.2244 0.0300167 1.004714 2
4595568.8865 5437414.8046  28.8327 0.0908448 1.159016 1
4595568.7732 5437415.0220  27.1727 0.0428592 1.156392 2
4595568.7179 5437415.1281  26.3622 0.0295382 1.110890 3
4595568.7683 5437414.6237  26.9203 0.0761768 1.030644 1
4595568.8748 5437414.0132  28.2629 0.0435342 1.014499 1
4595568.7714 5437414.2086  26.7633 0.0569375 1.452192 2
4595568.8618 5437413.6309  27.8631 0.0848912 1.085355 1
4595568.8232 5437413.2949  27.1075 0.0394023 1.040771 1
4595568.7339 5437413.4609  25.8032 0.0418786 1.090408 2
4595568.7546 5437413.0121  25.9206 0.1392134 1.890488 1
4595568.7296 5437412.6480  25.3701 0.0528518 1.363267 1
4595568.4944 5437413.0783  21.9300 0.0357305 1.033349 2
4595568.5897 5437418.0469  28.2982 0.0652014 1.468522 1
4595568.7791 5437417.2565  30.9653 0.0668572 1.069468 1
4595568.5732 5437417.2660  27.7510 0.0953352 1.722548 1
4595568.6626 5437416.6805  28.9541 0.0300142 1.064966 1
4595568.6052 5437416.7952  28.0947 0.0417274 0.995093 2
4595568.5420 5437416.9215  27.1490 0.0736062 1.485405 2
4595568.7271 5437416.1453  29.7710 0.0957497 1.093791 1
4595568.5344 5437416.1189  26.7504 0.0724013 0.987193 1
4595568.1177 5437416.9392  20.5588 0.0247968 0.650200 2
4595568.3670 5437416.0369  24.1109 0.0550181 1.078084 1
4595568.1189 5437416.5216  20.4305 0.0312000 1.136508 2
4595568.5979 5437415.1776  27.3712 0.0667954 1.070797 1
4595568.3767 5437415.6064  24.1014 0.0551224 1.086942 2
4595568.2168 5437415.9164  21.7263 0.0413352 1.102222 2
4595568.6836 5437414.6049  28.4557 0.1461821 1.384837 1
4595568.3884 5437414.3481  23.7299 0.0607043 1.109262 1
4595568.2437 5437414.6221  21.6043 0.0403800 1.166011 2
4595568.6770 5437413.3941  27.7486 0.1069649 1.188307 1
4595568.6110 5437413.5181  26.7802 0.0793610 1.130008 3
4595568.6301 5437413.0725  26.8737 0.0772500 1.196211 1
4595568.5584 5437413.2061  25.8195 0.0334752 1.152218 2
4595568.3138 5437413.6620  22.2268 0.0323769 1.253917 2
4595568.6742 5437412.5825  27.3363 0.0653735 1.107177 1
4595568.5393 5437412.4203  25.1610 0.1000548 1.072071 1
4595568.3213 5437412.8199  21.9468 0.0364094 1.171909 2
4595568.3657 5437417.6985  28.4799 0.0556424 1.196796 1
4595568.2823 5437417.4609  27.0884 0.0720771 1.152281 1
4595568.4982 5437416.2130  30.0273 0.0541733 1.134990 1
4595568.4516 5437415.4944  29.0298 0.0436683 1.178316 1
4595568.1110 5437416.1643  23.9508 0.0409343 1.307789 2
4595568.1303 5437415.7150  24.0809 0.0998087 1.144884 1
4595568.3521 5437414.8730  27.1974 0.0538732 1.581139 1
4595568.4414 5437414.2935  28.3276 0.0675253 1.061795 1
4595568.3799 5437414.4116  27.4242 0.0224879 0.977725 2
4595568.3875 5437413.5803  27.1268 0.1104613 1.403245 1
4595568.4327 5437413.0858  27.6024 0.0351491 1.202515 1
4595568.3912 5437413.1638  26.9881 0.0485209 0.972785 2
4595568.0659 5437413.7743  22.1903 0.0234378 0.977461 2
4595568.3921 5437412.7530  26.8124 0.0480287 1.109080 1
4595568.2054 5437413.1006  24.0502 0.0220207 0.915719 2
4595568.0809 5437413.3325  22.2092 0.0328096 1.052071 2
4595568.4009 5437417.9350  28.4790 0.0854476 1.124349 1
4595568.3235 5437417.6897  27.1516 0.0259152 0.847670 1
4595568.4659 5437416.9914  29.1515 0.0278338 0.867395 1
4595568.5287 5437416.4581  29.9637 0.0446246 1.344807 1
4595568.4878 5437415.7317  29.0291 0.0832748 1.055805 1
4595568.4840 5437415.3341  28.8024 0.0786793 1.404382 1
4595568.1606 5437415.9780  23.9136 0.0311542 1.209711 2
4595568.3845 5437415.1252  27.1210 0.0767778 2.265809 1
4595568.1703 5437415.5485  23.8960 0.0316319 1.053279 2
4595568.0242 5437415.8372  21.6840 0.0304024 0.983886 2
4595568.4766 5437414.5372  28.3195 0.0460593 1.129086 1
4595568.4230 5437414.6424  27.5129 0.0510107 1.101128 2
4595568.4941 5437414.0971  28.3719 0.0397697 0.921474 1
4595568.4337 5437414.2147  27.4702 0.0915288 1.299103 2
4595568.4087 5437413.8559  26.8860 0.0729644 1.296208 1
4595568.0445 5437414.5588  21.4442 0.0310834 0.879816 2
4595568.4793 5437413.3134  27.7380 0.0894309 1.089949 1
4595568.4284 5437413.4110  26.9733 0.0328675 1.090277 2
4595568.3696 5437413.5236  26.0925 0.0239635 1.052237 2
4595568.4274 5437413.0045  26.7621 0.0458323 1.327469 1
4595568.1279 5437413.5736  22.2692 0.0312819 1.044236 2
4595568.3625 5437417.8341  28.4875 0.0865418 1.243977 1
4595568.2863 5437417.5881  27.1602 0.0337975 0.997930 1
4595568.4166 5437416.5069  28.8586 0.0532462 1.122272 1
4595568.3360 5437416.6730  27.6191 0.0313101 1.073353 2
4595568.4481 5437415.6323  29.0202 0.0325737 1.107888 1
4595568.4455 5437415.2317  28.8013 0.1017507 1.819849 1
4595568.1343 5437415.8582  24.0449 0.0352377 1.002367 2
4595568.3276 5437415.0617  26.8187 0.0988725 1.225533 1
4595568.3904 5437414.5295  27.5865 0.0766781 1.381505 1
4595568.4566 5437413.9930  28.3762 0.0625720 1.107346 1
4595568.3911 5437414.1218  27.3866 0.1274295 1.354810 2
4595568.3708 5437413.7537  26.8658 0.0545872 1.108979 1
4595568.1794 5437414.1272  23.9722 0.0250250 1.001203 2
4595568.0094 5437414.4589  21.4018 0.0284878 0.943207 2
4595568.4417 5437413.2094  27.7352 0.0693821 0.970559 1
4595568.4017 5437412.8791  26.9299 0.0833244 1.479936 1
4595568.1040 5437413.0384  22.2004 0.0474207 1.058314 1
4595568.0935 5437417.9506  28.8552 0.0818853 1.037525 1
4595567.9930 5437417.7560  27.1544 0.0906208 1.051721 1
4595568.0907 5437417.1449  28.4825 0.1380094 1.887370 1
4595568.1179 5437416.6827  28.7487 0.0749950 1.261804 1
4595568.1715 5437415.3562  29.0838 0.0339832 1.153656 1
4595567.8395 5437416.0288  23.9911 0.0321468 1.066364 2
4595568.0785 5437415.1382  27.4798 0.0397696 1.078552 1
4595567.9068 5437415.4835  24.8562 0.0583628 1.104527 2
4595568.1153 5437414.6574  27.8561 0.0335565 0.968333 1
4595567.9124 5437415.0623  24.7559 0.0308129 1.060890 2
4595568.1769 5437414.1277  28.5903 0.0659735 1.145998 1
4595568.0486 5437414.3817  26.6453 0.0315177 1.077772 2
4595568.1111 5437413.4429  27.1747 0.0436601 1.052356 1
4595567.9003 5437413.8537  23.9749 0.0334670 1.038694 2
4595568.1164 5437413.0248  27.0549 0.0506190 1.272358 1
4595567.7859 5437413.6637  22.0275 0.0626409 1.046650 2
4595567.9791 5437417.9614  28.9776 0.0375860 0.982207 1
4595567.9652 5437417.5866  28.5832 0.0565396 1.023101 1
4595567.9816 5437417.1481  28.6735 0.1076082 1.229898 1
4595568.0149 5437416.6738  29.0305 0.1083245 1.294650 1
4595567.7121 5437416.4883  24.0129 0.0754563 1.080105 1
4595568.0552 5437415.3764  29.1512 0.0584672 1.130557 1
4595567.7252 5437416.0520  24.0414 0.0376182 1.198777 2
4595567.7870 5437415.5164  24.8270 0.0423777 1.097390 1
4595567.7856 5437415.1102  24.6161 0.0354664 1.099201 1
4595568.0641 5437414.1438  28.7017 0.0485690 1.141436 1
4595567.7985 5437414.6751  24.6257 0.0474816 1.071843 2
4595567.9562 5437413.9535  26.8369 0.0462505 1.111853 1
4595567.8105 5437414.2427  24.6060 0.0663022 0.950736 2
4595567.9862 5437413.4872  27.0832 0.1033052 1.062704 1
4595567.7251 5437413.5895  22.8683 0.0266594 0.836096 1
4595567.6689 5437413.6992  22.0072 0.0375624 1.037012 2
4595567.9567 5437418.1029  29.0189 0.0506859 1.169769 1
4595567.9511 5437417.7115  28.7451 0.0380780 1.204086 1
4595567.9561 5437417.2967  28.6488 0.1147254 1.055213 1
4595567.9084 5437417.3991  27.9009 0.0816497 2.171654 2
4595567.9839 5437416.8334  28.9222 0.1306727 1.443233 1
4595568.0375 5437415.5089  29.2584 0.0733320 1.071385 1
4595567.9340 5437415.3193  27.4507 0.0517690 1.224888 1
4595567.9448 5437414.8907  27.4261 0.0228649 0.788172 1
4595567.7735 5437415.2417  24.7491 0.0804277 1.078079 2
4595568.0251 5437414.3214  28.4783 0.0611938 1.179703 1
4595568.0497 5437413.8667  28.6440 0.0780251 1.032895 1
4595567.7894 5437414.3921  24.6039 0.0344294 1.158176 2
4595567.9655 5437413.6304  27.1202 0.1014204 1.121681 1
4595567.7722 5437414.0174  24.1198 0.0388934 1.117371 2
4595567.9727 5437413.2103  27.0203 0.0416711 1.133766 1
4595567.6587 5437413.4223  21.9209 0.0420136 1.388032 1
4595567.7065 5437412.9162  22.4491 0.0348539 1.243362 1
4595567.6448 5437416.0962  26.8329 0.1069051 1.167555 1
4595567.6804 5437415.6141  27.2207 0.0714428 1.001944 1
4595567.7991 5437414.1521  28.5015 0.0274636 0.982921 1
4595567.5422 5437414.6761  24.4823 0.0424817 1.132689 2
4595567.7081 5437413.9306  26.8679 0.0333079 1.060650 1
4595567.5447 5437413.8508  24.1018 0.0571099 1.041501 1
4595567.4202 5437413.6886  21.9440 0.0515471 1.100061 1
4595567.4795 5437413.1588  22.6543 0.0657749 1.084210 1
4595567.4894 5437412.7284  22.5924 0.0787174 1.020446 1
4595567.4262 5437414.4568  26.3916 0.1053415 1.032992 1
4595567.3104 5437413.8760  24.1469 0.0357898 0.934893 1
4595567.2475 5437413.5925  22.9447 0.0788688 1.028587 1
4595567.2597 5437412.7465  22.7054 0.0924919 1.246987 1
4595567.2537 5437412.3472  22.3987 0.0868980 1.045836 1
4595567.5501 5437414.4004  28.7143 0.0294518 1.083546 1
4595567.2384 5437413.4143  22.8759 0.0792503 1.156839 1
4595567.2422 5437412.9968  22.7149 0.0774207 1.051581 1
4595567.2452 5437412.5811  22.5429 0.0878841 1.117109 1
4595567.4818 5437414.3375  28.7482 0.0277525 0.982339 1
4595567.3147 5437412.5007  -0.0520 0.3493101 1.100229 3
4595567.2920 5437412.9693  -0.0522 0.4747602 1.056813 3
4595567.2694 5437413.4265  -0.0224 0.2287305 1.043835 3
4595567.2772 5437412.7053  -0.0834 0.5285235 1.058071 3
4595567.2543 5437413.1597  -0.0469 0.4438085 1.030741 3
4595567.4595 5437412.6761   0.0276 0.5783299 1.074961 3
4595567.4364 5437413.1383   0.0468 0.2704704 1.046030 3
4595567.4135 5437413.5884   0.0999 0.0787916 1.046641 3
4595567.3896 5437414.0897   0.0203 0.1147723 1.040651 3
4595567.6170 5437412.6140  -0.0101 0.3673640 1.046831 3
4595567.5934 5437413.0840  -0.0115 0.6521080 1.072079 0
4595567.5702 5437413.5370   0.0308 0.4332667 1.062838 3
4595567.5465 5437414.0195  -0.0004 0.2062692 1.026546 3
4595567.5228 5437414.4937  -0.0093 0.0392489 1.076489 3
4595567.4995 5437414.9496   0.0005 0.2635059 1.061433 3
4595567.6309 5437412.4181  -0.0618 0.5779314 1.071841 0
4595567.6073 5437412.8759  -0.0393 0.6020981 1.084304 0
4595567.5835 5437413.3360  -0.0143 0.2313787 1.045138 3
4595567.5594 5437413.8205  -0.0524 0.2267782 1.051234 3
4595567.5357 5437414.2819  -0.0290 0.1445308 1.020915 3
4595567.5119 5437414.7455  -0.0255 0.3392533 1.042603 3
4595567.7117 5437412.3975   0.0107 0.5996662 1.076244 0
4595567.6877 5437412.8669   0.0057 0.5505406 1.079543 3
4595567.6637 5437413.3308   0.0181 0.3955464 1.064499 3
4595567.6399 5437413.7904   0.0447 0.0344260 1.015142 3
4595567.6157 5437414.2677   0.0276 0.0500496 0.996107 3
4595567.5917 5437414.7313   0.0330 0.0780341 0.960716 3
4595567.5673 5437415.2178  -0.0345 0.0949515 1.033956 3
4595567.9472 5437412.4191   0.0110 0.6963881 1.039887 0
4595567.9232 5437412.8858   0.0071 0.6309335 1.043845 0
4595567.8753 5437413.8068   0.0507 0.1161018 1.061928 3
4595567.8511 5437414.2796   0.0443 0.0443348 1.156470 3
4595567.8270 5437414.7450   0.0471 0.1475928 1.089188 3
4595567.8027 5437415.2220   0.0051 0.0452601 1.075950 3
4595568.0714 5437412.6392  -0.0361 0.6003757 1.076097 0
4595568.0469 5437413.1073  -0.0414 0.3401915 1.063488 3
4595568.0227 5437413.5623  -0.0090 0.0415336 0.986457 3
4595567.9734 5437414.5142  -0.0344 0.0776635 1.044732 3
4595567.9491 5437414.9754  -0.0373 0.2081101 1.051018 3
4595567.9002 5437415.9067  -0.0765 0.0531526 0.940089 3
4595568.1109 5437412.6126  -0.0409 0.6534140 1.069498 0
4595568.0861 5437413.0809  -0.0447 0.2406287 1.041596 3
4595568.0120 5437414.4701   0.0070 0.1990570 1.080792 3
4595567.9869 5437414.9503  -0.0388 0.3905136 1.059515 3
4595567.9376 5437415.8650  -0.0363 0.0281115 0.835770 3
4595568.2699 5437412.7043   0.0209 0.6910318 1.061040 0
4595568.2453 5437413.1588   0.0471 0.1465666 1.052601 3
4595568.2213 5437413.5860   0.1521 0.0466945 1.102994 3
4595568.4469 5437412.2879  -0.0201 0.5885226 1.057422 0
4595568.4215 5437412.7617  -0.0470 0.4047177 1.052941 3
4595568.3720 5437413.6484   0.0720 0.1001572 1.024716 3
4595568.3205 5437414.6199  -0.0076 0.0834967 1.062725 3
4595568.1455 5437417.7824   0.0373 0.0969131 1.040867 3
4595568.4946 5437412.2973  -0.0676 0.5738043 1.064369 0
4595568.4691 5437412.7626  -0.0742 0.2734584 1.090745 3
4595568.4438 5437413.2122  -0.0336 0.0840661 0.995563 3
4595568.3665 5437414.6300  -0.0558 0.1173977 1.022176 3
4595568.1892 5437417.7901  -0.0060 0.0468794 0.968170 3
4595568.1361 5437418.7829  -0.1544 0.0581875 1.001867 3
4595568.6251 5437412.4426  -0.0295 0.4566658 1.073921 3
4595568.5996 5437412.8958  -0.0024 0.6617257 1.091754 0
4595568.5746 5437413.3319   0.0724 0.2649419 1.028277 3
4595568.4711 5437415.2089   0.0563 0.0621488 1.061751 3
4595568.4453 5437415.6728   0.0408 0.0586834 1.062621 3
4595568.3196 5437417.8589   0.2128 0.2898531 1.080946 0
4595568.2653 5437418.8866  -0.0211 0.1231855 1.049829 3
4595568.2396 5437419.3450   0.0382 0.0912995 1.081432 3
4595568.8089 5437412.9276   0.0301 0.2436111 1.085059 3
4595568.7569 5437413.8537   0.0526 0.0488164 1.072874 3
4595568.6776 5437415.2855  -0.0212 0.0349443 1.019406 3
4595568.6517 5437415.7383  -0.0109 0.0664208 1.102371 3
4595568.9115 5437412.5043  -0.0771 0.3203013 1.047040 3
4595568.7527 5437415.2950  -0.0407 0.1139452 1.045719 3
4595568.5422 5437418.9461  -0.0981 0.1278635 1.009585 3
4595568.5238 5437414.2165  24.3494 0.0981859 1.016554 1
4595568.9614 5437412.5600  -0.0189 0.1760959 1.051080 3
4595568.9354 5437413.0042   0.0275 0.0626778 1.033606 3
4595568.9089 5437413.4651   0.0313 0.0456176 1.125203 3
4595568.5573 5437414.6855  24.4858 0.0646065 0.979265 1
4595568.5238 5437415.8356  21.6454 0.0732328 1.027265 2
4595568.5076 5437416.3934  20.2397 0.0331156 1.284805 2
4595568.8821 5437417.2941   0.0514 0.0504405 1.177607 3
4595568.8021 5437418.6617   0.0447 0.0343669 0.994932 3
4595568.7746 5437419.1470   0.0109 0.0324064 0.908747 3
4595568.7480 5437419.5961   0.0815 0.1584619 1.000921 3
4595568.8024 5437413.5887  25.3311 0.0375174 1.123266 3
4595568.7747 5437413.6796  27.2631 0.0572069 1.143414 1
4595568.7083 5437415.9377  21.7722 0.1024857 1.048994 2
4595568.7426 5437414.3456  26.7561 0.0883988 1.069498 1
4595569.1400 5437415.5927   0.0176 0.2567543 1.038347 3
4595569.0066 5437417.8147   0.0725 0.0934348 1.079630 3
4595568.9521 5437418.7401   0.0493 0.0408349 1.053535 3
4595568.9246 5437419.2124   0.0452 0.4042589 1.064669 3
4595568.9578 5437413.5249  25.6609 0.1215100 1.610922 1
4595568.9463 5437413.4861  26.8319 0.0865199 1.451776 1
4595568.8837 5437415.5853  21.7685 0.0413160 1.062840 2
4595568.8808 5437415.2536  23.6695 0.0710627 1.080551 1
4595568.8427 5437416.5310  20.4714 0.0493174 1.073097 2
4595568.8576 5437415.6062  23.8807 0.0781556 1.041294 1
4595568.8895 5437414.1235  28.5304 0.1543922 1.102787 1
4595568.8716 5437414.7180  27.1172 0.0358509 1.598538 2
4595569.2113 5437415.6717   0.0540 0.1017010 1.030279 3
4595569.0768 5437417.9000   0.0932 0.0378647 1.045048 3
4595568.9934 5437419.3244   0.0046 0.3325651 1.025079 3
4595569.0327 5437413.7062  25.4586 0.0469115 1.117636 1
4595569.0254 5437413.5371  26.9346 0.0663133 1.327479 1
4595568.9577 5437415.3293  23.7159 0.0600082 1.242655 1
4595568.9179 5437416.6178  20.4825 0.1053347 1.126863 2
4595568.9669 5437414.2313  28.5034 0.1338611 1.248923 1
4595568.9272 5437415.1152  27.4476 0.0495410 1.205015 1
4595569.5940 5437412.5034   0.0207 0.0896541 1.053285 3
