    X-Koord.     Y-Koord. Z-Koord.      Int.   Pulsb. W
4595571.1183 5437432.9450   0.0143 0.0542415 0.990780 3
4595570.2344 5437434.6660   0.1097 0.1246013 1.084654 3
4595570.2590 5437434.1525   0.0150 0.1249746 1.042347 3
4595570.2849 5437433.6484  -0.0502 0.5478689 1.084207 0
4595570.3125 5437433.1583  -0.0562 0.6860096 1.040731 0
4595569.5839 5437435.3658   0.0161 0.0667129 1.005693 3
4595569.6166 5437434.9135   0.1374 0.0352194 0.962209 3
4595569.6422 5437434.4053   0.0650 0.4445300 1.087574 0
4595569.6676 5437433.8960  -0.0123 0.5722464 1.057886 0
4595569.6923 5437433.3799  -0.1089 0.3828695 1.050914 3
4595569.7199 5437432.8858  -0.1202 0.6476543 1.064063 0
4595569.7498 5437432.4103  -0.0627 0.6070881 1.075250 0
4595569.7765 5437431.9082  -0.0735 0.5899570 1.049744 0
4595570.9328 5437433.6534  23.1612 0.1833687 1.538842 1
4595571.0095 5437432.9160  23.7668 0.0786147 1.091370 1
4595571.1124 5437433.1034  25.8801 0.0666046 1.094561 2
4595568.7338 5437436.6535   0.0170 0.5552564 1.038405 0
4595568.8189 5437435.1952   0.0669 0.1814051 1.087305 3
4595568.8460 5437434.6987   0.0284 0.2185937 1.120897 3
4595568.8751 5437434.2180   0.0582 0.1212155 1.008040 3
4595568.9011 5437433.7121   0.0109 0.2968818 1.052121 3
4595568.9295 5437433.2257   0.0118 0.3968415 1.040593 3
4595568.9583 5437432.7393   0.0094 0.5569893 1.065310 0
4595569.0100 5437432.4330   0.6279 0.3148890 1.101232 3
4595569.0504 5437432.0388   0.9609 0.1895153 1.123378 1
4595569.0205 5437431.8052   0.1734 0.0815793 1.334630 3
4595570.0851 5437434.7287  22.6960 0.0451877 1.111215 1
4595570.1239 5437434.3582  23.0120 0.0430983 1.047991 1
4595570.3432 5437435.4808  28.2054 0.0468004 0.962060 1
4595570.1297 5437433.7172  22.4301 0.0316155 1.250477 2
4595570.4022 5437435.2888  29.0817 0.1097143 1.476905 1
4595570.3842 5437433.7714  27.1392 0.0866624 1.248383 1
4595570.2638 5437432.7603  23.8770 0.0379492 1.098129 2
4595570.3774 5437433.0259  26.2296 0.0744764 1.514860 1
4595570.2928 5437432.3118  23.9547 0.0588283 1.392008 2
4595570.5116 5437433.4729  29.1457 0.0470895 1.104319 1
4595570.5398 5437433.0248  29.1931 0.0528892 1.175163 1
4595567.8746 5437437.1543   0.0790 0.5127709 1.098803 0
4595567.9295 5437436.1690   0.0419 0.4993961 1.122741 0
4595567.9588 5437435.6898   0.0654 0.5996411 1.085344 0
4595567.9911 5437435.2327   0.1610 0.1474483 1.067074 3
4595568.0250 5437434.7878   0.2921 0.2031180 1.218458 3
4595568.0453 5437434.2400   0.0890 0.2650646 1.063218 3
4595568.0739 5437433.7538   0.1168 0.3348486 1.073927 0
4595568.1019 5437433.2633   0.1115 0.2847965 1.089362 3
4595568.1495 5437432.9213   0.5986 0.3772786 1.102389 3
4595568.1598 5437432.2966   0.1165 0.1871060 1.098065 3
4595568.1798 5437431.7444  -0.0994 0.5131334 1.077679 0
4595569.4583 5437436.8841  28.1844 0.1104290 1.179491 1
4595569.3821 5437436.2795  26.1997 0.0389524 1.136945 2
4595569.4954 5437436.5072  28.4571 0.0873215 1.976311 1
4595569.4831 5437435.7363  27.4771 0.0621620 1.210469 1
4595569.3749 5437434.8682  24.6403 0.0453725 1.115013 2
4595569.5797 5437435.8374  29.3129 0.1015918 1.237096 1
4595569.5309 5437435.4436  28.0435 0.0455171 1.116425 2
4595569.6432 5437435.6776  30.2979 0.1878528 1.475637 1
4595569.5653 5437434.3682  27.5416 0.0330559 1.055926 1
4595569.6038 5437434.0029  27.8522 0.1660380 1.405351 1
4595569.7645 5437433.9682  30.7073 0.0873172 1.074861 1
4595569.7096 5437433.5138  29.2440 0.0545592 1.421970 2
4595569.6542 5437432.3694  27.0804 0.0793199 1.369764 1
4595567.3120 5437435.7372   0.0011 0.3494894 1.064014 0
4595567.3737 5437434.7964   0.0834 0.4165483 1.070253 3
4595567.4996 5437435.0244   2.5673 0.0591670 1.505143 2
4595567.4028 5437434.3129   0.0919 0.1540938 1.042745 3
4595567.5947 5437435.0323   4.2676 0.1696321 1.230989 3
4595567.6853 5437435.0134   5.8608 0.0604530 1.088006 3
4595567.7731 5437434.9766   7.3830 0.1463687 1.115343 3
4595567.5184 5437432.3712   0.1585 0.0397086 0.959781 3
4595567.5389 5437431.8222  -0.0377 0.5099157 1.070939 0
4595568.8254 5437436.9090  28.0811 0.1322521 1.060297 1
4595568.8325 5437436.2948  27.5823 0.0546147 0.969994 1
4595568.6074 5437434.5207  21.7521 0.0670783 1.193253 2
4595568.9729 5437436.7341  30.5226 0.1216144 0.983554 1
4595568.9966 5437436.2519  30.4564 0.0836555 1.408424 1
4595569.1190 5437435.2191  31.5924 0.0244937 0.956756 1
4595569.0815 5437434.9156  30.6070 0.0969529 1.132923 2
4595569.0912 5437434.3197  30.1594 0.0479631 1.133256 1
4595568.9062 5437432.8141  25.3044 0.0360600 1.026423 2
4595569.1442 5437434.0744  30.8524 0.0284343 0.983066 1
4595569.1120 5437433.8106  30.0095 0.0903542 1.083476 2
4595569.1934 5437433.8005  31.4465 0.0745195 1.110435 1
4595569.0845 5437432.9043  28.5751 0.0383348 0.896873 3
4595569.1911 5437433.1029  30.6808 0.1044192 1.200810 1
4595569.1475 5437432.7422  29.5264 0.0451562 1.182133 2
4595569.1763 5437432.2969  29.5825 0.1000720 1.602368 1
4595569.2048 5437431.8497  29.6450 0.0772578 1.159465 1
4595566.5175 5437437.0060   0.0432 0.3719415 1.058227 3
4595566.5459 5437436.5190   0.0566 0.2340310 1.093183 0
4595566.5735 5437436.0252   0.0049 0.0822492 1.040907 3
4595566.6633 5437434.5937   0.0606 0.2432807 1.074834 3
4595566.6919 5437434.1064   0.0721 0.3621776 1.072355 3
4595567.5046 5437434.6155  14.8803 0.0721800 1.109730 3
4595567.8276 5437434.3604  20.3122 0.0497468 1.198519 3
4595567.9335 5437434.5022  22.3186 0.0360460 1.570017 1
4595567.8995 5437434.2386  21.4608 0.1317776 1.123795 3
4595568.2877 5437436.5910  30.7138 0.0461990 1.223322 1
4595568.1843 5437435.1112  27.3835 0.0618588 1.200149 1
4595568.1142 5437434.5607  25.5670 0.0294026 0.995247 2
4595568.3875 5437436.0416  31.9129 0.1403014 1.702117 0
4595568.4257 5437435.6765  32.2206 0.1532088 1.336494 1
4595568.3911 5437434.7318  30.6290 0.1093781 1.584261 1
4595568.4681 5437434.6764  31.9284 0.0938973 1.413268 1
4595568.5066 5437434.3142  32.2394 0.0543713 1.107354 1
4595568.5159 5437433.7154  31.8149 0.1079958 1.487871 0
4595568.4197 5437432.2558  28.5728 0.0283678 0.958108 2
4595568.5087 5437432.3023  30.1855 0.0458667 1.051045 1
4595568.5715 5437432.1386  31.1274 0.1590760 1.556095 0
4595568.6314 5437431.9526  31.9950 0.1103926 1.065704 0
4595565.6318 5437436.8050   0.0510 0.1600198 1.057226 3
4595565.6625 5437436.3336   0.0804 0.1886811 1.019226 3
4595565.8029 5437433.8832   0.0443 0.0858000 1.129396 3
4595565.8290 5437433.3774   0.0127 0.0733199 1.212079 3
4595565.8553 5437432.8745  -0.0060 0.0719503 1.050269 3
4595565.8753 5437432.3238  -0.1791 0.1464087 1.122974 3
4595567.1141 5437435.3188  24.1395 0.1609882 1.316805 0
4595567.4362 5437437.0935  31.5439 0.1681456 1.494306 0
4595567.3281 5437435.6104  28.1496 0.0727465 1.855347 1
4595567.0947 5437433.8302  22.2986 0.0414527 0.991772 2
4595567.4985 5437436.2503  31.7723 0.0726206 1.048069 1
4595567.4235 5437435.6747  29.8688 0.0297081 0.883716 2
4595567.2698 5437434.4962  25.9752 0.0367589 1.299809 2
4595567.5666 5437435.4514  32.1117 0.0839114 1.189194 1
4595567.4709 5437434.7100  29.6770 0.0673956 1.076223 2
4595567.5748 5437434.8516  31.6252 0.0908581 1.321650 1
4595567.6387 5437434.6868  32.5597 0.1395367 1.103585 0
4595567.6563 5437434.1584  32.3387 0.1144517 1.140368 1
4595567.6508 5437433.4463  31.5496 0.0678610 0.953898 1
4595567.6242 5437433.2357  30.8738 0.0931166 1.276140 2
4595567.7147 5437433.2843  32.4926 0.0577423 1.185999 1
4595567.6528 5437432.7913  30.9161 0.0398666 1.207348 2
4595567.7648 5437433.0145  33.0845 0.1130479 1.346213 0
4595567.7969 5437432.6018  33.2145 0.0621180 1.092798 1
4595564.8079 5437436.5828   0.1017 0.1533902 1.038206 3
4595564.8369 5437436.0987   0.0880 0.1279991 1.179002 3
4595564.8640 5437435.6030   0.0342 0.0683657 1.059820 3
4595564.8928 5437435.1159   0.0403 0.0838114 1.162669 3
4595564.9466 5437434.1165  -0.0049 0.0521727 1.121191 3
4595564.9655 5437433.5605  -0.2028 0.3326610 1.048885 3
4595565.0518 5437432.0957  -0.1077 0.2659135 1.052952 0
4595566.1685 5437436.0376  22.7222 0.0852588 2.081661 2
4595566.1982 5437435.5900  22.7553 0.0462129 1.019812 1
4595566.4564 5437436.1662  27.7631 0.0528208 1.038773 1
4595566.2691 5437434.7794  23.1409 0.0370068 1.109595 2
4595566.4841 5437435.7102  27.7505 0.0570850 0.965335 1
4595566.4623 5437435.5479  27.2073 0.0489366 1.739333 2
4595566.6525 5437436.3072  31.2469 0.1492610 1.332946 0
4595566.6208 5437435.4113  29.7633 0.0476903 1.160986 1
4595566.7518 5437435.7401  32.3383 0.0530412 1.060520 1
4595566.6397 5437434.8925  29.5557 0.0453819 1.134071 2
4595566.8093 5437435.5158  33.0793 0.1111331 1.119824 0
4595566.8216 5437434.9504  32.7086 0.0844340 1.057614 1
4595566.7579 5437434.4638  31.1281 0.0405094 1.228834 3
4595566.8620 5437434.5989  33.0345 0.1068689 1.147120 1
4595566.7904 5437433.3848  30.6337 0.0281267 0.955569 1
4595566.7337 5437432.9467  29.2303 0.0527439 1.050170 2
4595566.6717 5437432.4683  27.7032 0.0757102 1.311502 2
4595566.8894 5437433.4846  32.4166 0.0844762 0.967497 1
4595566.9204 5437433.0587  32.5178 0.1103800 1.131366 0
4595566.9132 5437432.3347  31.6945 0.0825651 0.995340 2
4595566.8786 5437432.0636  30.8753 0.0555706 1.634785 3
4595566.9635 5437432.0603  32.3082 0.1162363 1.510635 1
4595564.0571 5437436.2281   0.0388 0.3231922 1.095000 0
4595564.0863 5437435.7448   0.0322 0.1084175 1.085068 3
4595564.1142 5437435.2504  -0.0027 0.1358726 1.147777 3
4595564.1454 5437434.7795   0.0488 0.0685888 1.341557 3
4595564.2863 5437432.3148   0.0678 0.1528318 1.016612 3
4595564.3241 5437431.8881   0.2189 0.4228117 1.058197 0
4595565.6848 5437436.8278  28.0413 0.0647768 1.511620 2
4595565.7230 5437435.7902  27.6006 0.0517721 1.012495 1
4595565.8667 5437436.1845  30.4281 0.0787182 1.225037 1
4595565.8140 5437435.7973  29.1366 0.0565762 1.465455 2
4595565.8280 5437435.2415  28.8089 0.0709116 1.259069 1
4595565.7780 5437434.8726  27.6097 0.0941321 1.049230 2
4595565.8833 5437434.9913  29.4919 0.0404723 1.200374 1
4595565.9793 5437435.0444  31.1552 0.0943951 1.867546 0
4595566.0847 5437435.1740  33.0523 0.1769697 1.209548 0
4595566.1202 5437434.7826  33.2590 0.0421325 1.246797 1
4595566.0413 5437434.1884  31.3629 0.0386988 1.023806 2
4595566.1658 5437434.4681  33.7117 0.0767809 1.036789 0
4595566.1270 5437433.5123  32.1561 0.0429292 1.014118 1
4595565.9551 5437432.2046  28.0796 0.0387079 0.997567 2
4595566.1962 5437433.3781  33.1856 0.1311078 1.150944 0
4595566.2027 5437432.7649  32.7057 0.1255844 1.229335 0
4595563.2277 5437436.0729   0.0975 0.0998331 1.083596 3
4595563.2561 5437435.5822   0.0693 0.3015405 1.064971 0
4595563.2861 5437435.1026   0.0690 0.3040282 1.144397 3
4595563.3154 5437434.6186   0.0495 0.2504670 1.082304 0
4595563.3439 5437434.1265   0.0336 0.1285438 1.185186 3
4595563.3726 5437433.6380   0.0341 0.1211853 1.101972 3
4595564.8367 5437436.3657  27.0201 0.0668520 1.122877 2
4595564.9313 5437436.3826  28.6060 0.0541443 1.430817 1
4595565.0081 5437436.2783  29.7744 0.0593087 1.154060 1
4595564.9600 5437435.9337  28.6235 0.0415705 0.920399 2
4595565.1247 5437436.4630  31.8962 0.0353638 1.068985 1
4595565.0655 5437436.0374  30.4795 0.0614856 1.135240 2
4595565.1984 5437436.3453  32.9984 0.0912020 1.192620 1
4595565.1422 5437435.9388  31.6495 0.0842145 1.248396 3
4595565.1981 5437435.6918  32.3240 0.0617905 1.317152 1
4595564.9971 5437434.2299  27.5893 0.0720758 1.132573 2
4595565.2180 5437435.1824  32.1545 0.1334677 1.140771 1
4595565.1164 5437434.4393  29.7608 0.0280201 0.995860 3
4595565.2009 5437434.4008  31.1284 0.0579851 1.039861 1
4595565.1697 5437434.1717  30.4020 0.0748493 1.559404 2
4595565.2465 5437434.0790  31.5922 0.1286387 1.092784 1
4595565.1546 5437433.4002  29.4514 0.0283113 0.982210 2
4595565.3200 5437433.9652  32.7089 0.1041475 0.991653 1
4595565.2746 5437433.6286  31.6495 0.0479342 1.328169 2
4595565.3080 5437433.2171  31.8403 0.0757360 1.187227 1
4595565.2621 5437432.8745  30.7792 0.1077671 1.328855 2
4595565.3025 5437432.5149  31.1372 0.0671195 1.171526 1
4595565.3427 5437432.1523  31.4470 0.1546324 1.130374 1
4595562.4223 5437435.6231   0.2052 0.1184615 1.170679 3
4595564.0042 5437436.2362  26.5585 0.0400049 0.983055 2
4595564.1238 5437436.4164  28.6851 0.0645886 1.010009 1
4595564.1114 5437435.6783  27.7410 0.0663094 1.110926 1
4595564.0426 5437435.1960  26.1412 0.0777263 1.046422 2
4595564.2793 5437436.2080  31.0073 0.0866747 0.976144 1
4595564.2271 5437435.8399  29.7868 0.0467151 1.190020 2
4595564.1859 5437435.5499  28.8253 0.0291687 1.091712 3
4595563.9682 5437433.3538  23.1642 0.0425619 1.170634 1
4595564.3514 5437435.4188  31.3890 0.0481125 1.209192 1
4595564.3161 5437435.1670  30.5686 0.0579998 1.061052 2
4595564.2844 5437434.9414  29.8325 0.0363846 1.034289 3
4595564.3913 5437435.0531  31.6843 0.1196217 1.578432 1
4595564.4268 5437434.6544  31.8785 0.0772094 1.381236 1
4595564.3791 5437434.3114  30.7777 0.0356258 1.085037 2
4595564.1152 5437432.4130  24.6973 0.0331990 0.978591 3
4595564.4771 5437434.3645  32.4286 0.0559619 1.113444 1
4595564.3961 5437433.7782  30.5672 0.0869284 1.421620 2
4595564.4676 5437433.6415  31.6139 0.0799622 1.113677 1
4595564.2128 5437431.7900  25.5925 0.0359887 1.068934 2
4595564.5092 5437432.6287  31.4083 0.0415714 1.203399 1
4595562.9816 5437435.1234  20.2051 0.0691730 1.101466 1
4595563.2982 5437435.9698  26.1579 0.0635455 1.098191 1
4595563.4253 5437435.5405  27.7728 0.0457578 1.185475 1
4595563.3038 5437434.6989  24.9527 0.0250597 0.996616 2
4595563.1912 5437433.9196  22.3752 0.0427347 1.097433 2
4595563.4685 5437435.1883  28.1084 0.0866652 1.328434 1
4595563.5797 5437435.3132  30.0257 0.0454302 1.094424 1
4595563.5002 5437434.7566  28.1748 0.0473502 1.060143 2
4595563.5431 5437434.4032  28.5125 0.0870295 1.255221 1
4595563.6552 5437434.5395  30.4555 0.0499398 1.008878 1
4595563.7107 5437434.2786  31.1026 0.0409140 0.977592 1
4595563.5823 5437433.3663  28.1575 0.0745298 1.536903 2
4595562.6733 5437435.7491  27.2471 0.0568506 1.232098 1
4595562.6637 5437434.7450   0.0630 0.7538376 1.065869 0
4595562.5973 5437435.1716   0.1232 0.6706473 1.053309 0
4595562.5314 5437435.5966   0.1606 0.4433343 1.117582 0
4595562.4675 5437436.0163   0.1180 0.6764821 1.066850 0
4595562.6109 5437435.2664  27.2134 0.0569155 1.040150 1
4595562.5428 5437435.6804  27.4866 0.0552707 1.090536 1
4595563.2938 5437433.6733   0.0145 0.2301856 1.034172 3
4595563.2263 5437434.1025   0.0673 0.5595843 1.068132 0
4595563.1606 5437434.5267   0.0642 0.6690972 1.117842 0
4595563.0950 5437434.9509   0.0881 0.4403040 1.077271 3
4595563.0297 5437435.3736   0.1027 0.5509127 1.047100 0
4595562.9640 5437435.7983   0.1163 0.5478981 1.109201 0
4595562.8994 5437436.2197   0.0885 0.3599987 1.098200 3
4595563.1370 5437434.4303  20.1587 0.0644534 1.026747 1
4595563.5625 5437433.7706   0.1020 0.4367427 1.055756 0
4595563.4955 5437434.1982   0.1433 0.4530118 1.142400 0
4595562.8594 5437436.1187  21.2799 0.0636140 1.123977 1
4595563.4329 5437434.6147   0.0322 0.4080417 1.116146 3
4595563.3673 5437435.0397   0.0533 0.3754705 1.104241 3
4595563.3020 5437435.4634   0.0651 0.6263470 1.049747 0
4595563.2363 5437435.8882   0.0825 0.5042692 1.093407 0
4595563.1723 5437436.3082   0.0390 0.2264453 1.101632 3
4595563.6413 5437432.9582  28.1093 0.0602874 1.169309 1
4595563.7430 5437432.6750  24.6159 0.0213818 1.004570 2
4595563.6741 5437433.0945  24.8497 0.0378059 0.911121 1
4595563.7299 5437432.9401  22.9197 0.0259937 0.878596 2
4595563.6730 5437433.3279  22.7348 0.0857860 1.210654 1
4595563.4547 5437434.1554  28.2021 0.0364532 0.967743 1
4595563.5471 5437433.9035  24.9609 0.0579554 1.051834 2
4595564.2578 5437431.9670   0.0385 0.2705030 1.058748 3
4595563.3338 5437434.7130  30.3265 0.0288918 0.964242 1
4595563.4842 5437434.3065  25.0020 0.0283689 0.997899 2
4595564.1928 5437432.3902   0.0768 0.3169304 1.055826 3
4595563.3415 5437434.9233  27.9091 0.0820415 2.179257 1
4595563.2786 5437435.3239  28.0036 0.0474724 1.025244 1
4595563.2997 5437435.2677  27.2448 0.0881609 1.159924 2
4595564.0649 5437433.2310  -0.0778 0.1751640 1.086584 3
4595563.2693 5437435.5836  26.1495 0.0370213 1.239347 1
4595563.4252 5437435.1721  20.5215 0.0449062 1.016836 2
4595563.9934 5437433.6722   0.1050 0.2596796 1.056518 3
4595563.1995 5437436.0035  26.4684 0.0490103 1.160364 1
4595563.9269 5437434.0994   0.1203 0.4327730 1.062138 3
4595563.2806 5437436.0315  21.2878 0.0269349 0.899139 2
4595563.8601 5437434.5274   0.1523 0.2924179 1.202772 3
4595563.7977 5437434.9442   0.0531 0.4214944 1.078211 3
4595563.7324 5437435.3684   0.0611 0.4030771 1.055097 3
4595563.6676 5437435.7913   0.0500 0.1664727 1.084915 3
4595563.6020 5437436.2159   0.0716 0.1399103 1.059851 3
4595564.4037 5437431.9011  23.4731 0.0288950 0.978381 1
4595564.0674 5437433.2811  30.6585 0.0540933 1.067448 1
4595563.9919 5437433.7141  31.1409 0.0470189 1.062367 1
4595564.0476 5437433.5635  29.2534 0.0208809 0.924677 2
4595564.1370 5437433.3220  26.2327 0.0256240 1.019741 2
4595563.9315 5437434.1062  31.1176 0.0154211 0.780644 1
4595563.9530 5437434.0485  30.3845 0.0854448 1.060958 2
4595564.7194 5437432.4920  -0.1537 0.0498083 1.250436 3
4595563.7766 5437435.2137  30.1924 0.0982567 1.152428 1
4595563.8154 5437435.1122  28.8397 0.0528054 1.317747 3
4595563.7849 5437435.4286  27.7854 0.0836874 1.050230 1
4595564.5849 5437433.3507  -0.1345 0.3010081 1.041618 3
4595563.7603 5437435.7304  26.5095 0.0425843 1.335572 1
4595564.5151 5437433.7865  -0.0196 0.4728831 1.056968 3
4595564.4457 5437434.2205   0.0927 0.3615220 1.066341 0
4595564.3795 5437434.6468   0.0964 0.5898121 1.081139 0
4595564.3147 5437435.0698   0.0679 0.3204215 1.088091 3
4595564.2502 5437435.4914   0.0378 0.1165187 0.972295 3
4595564.1842 5437435.9178   0.0721 0.4895536 1.051274 3
4595564.1183 5437436.3433   0.1033 0.3146850 1.108629 3
4595564.5380 5437432.2925  31.3319 0.0283818 1.005528 1
4595564.7093 5437432.0499  23.5794 0.0379597 1.000684 1
4595564.5592 5437432.6910  26.5669 0.0642418 1.023102 1
4595564.3787 5437433.4105  30.5011 0.0947018 1.109468 1
4595564.4079 5437433.3316  29.5263 0.0196746 0.901999 2
4595564.3103 5437433.8248  30.7354 0.0254617 1.040019 1
4595564.4365 5437433.4862  26.4820 0.0319885 0.997196 2
4595564.2489 5437434.2199  30.7383 0.0874662 1.072289 0
4595564.1648 5437434.6751  31.5316 0.1365873 0.991920 1
4595564.2150 5437434.5426  29.8115 0.0428209 1.211541 3
4595564.1516 5437434.9436  29.9078 0.0395162 1.046952 1
4595564.1727 5437434.8881  29.1772 0.0200834 0.939453 2
4595564.2026 5437434.8099  28.1466 0.0428992 1.175012 2
4595564.0308 5437435.7298  29.9066 0.1068978 1.096350 1
4595564.8237 5437433.9419   0.0179 0.3691081 1.072386 3
4595563.9404 5437436.4388  28.8383 0.0247259 0.922574 1
4595564.0495 5437436.1624  24.9819 0.0263034 1.005530 2
4595564.7560 5437434.3719   0.0652 0.2354562 1.090100 3
4595564.6891 5437434.8001   0.1030 0.2840657 1.145999 0
4595564.6258 5437435.2194   0.0226 0.2560513 1.081026 3
4595564.5599 5437435.6449   0.0394 0.0816279 1.054328 3
4595564.4934 5437436.0721   0.0955 0.2124474 1.072270 0
4595564.4293 5437436.4928   0.0672 0.2113700 1.052565 3
4595564.9976 5437431.7830  23.5156 0.0871626 1.161563 1
4595564.9338 5437432.1897  23.6026 0.1368546 1.065366 1
4595564.6374 5437433.2288  31.4455 0.0906011 1.166807 1
4595564.4877 5437434.0915  32.3573 0.0752014 1.176253 1
4595564.5374 5437433.9580  30.6724 0.0517330 1.138947 2
4595564.4417 5437434.4449  31.8452 0.0972131 1.097244 1
4595564.5031 5437434.2813  29.7541 0.0051021 0.550912 3
4595564.3917 5437434.8093  31.4825 0.0899785 0.990965 1
4595564.4152 5437434.7472  30.6736 0.0439917 1.001581 2
4595564.3198 5437435.4665  29.7796 0.0647374 1.130411 1
4595564.3797 5437435.3109  27.6949 0.0425845 1.138127 2
4595564.4288 5437435.1834  25.9871 0.0572332 1.541806 2
4595565.1845 5437433.2193  -0.1879 0.0548823 1.120491 3
4595564.2214 5437435.9580  31.1224 0.1061038 1.068964 1
4595565.1145 5437433.6559  -0.0711 0.1334696 1.051537 3
4595564.2345 5437436.1620  28.5418 0.0529138 1.048492 1
4595565.0447 5437434.0911   0.0527 0.3811376 1.088008 3
4595564.9780 5437434.5190   0.0711 0.3805676 1.099580 0
4595564.9124 5437434.9443   0.0724 0.1547620 1.071008 3
4595564.8472 5437435.3693   0.0569 0.0311448 1.034063 3
4595564.7174 5437436.2166   0.0616 0.0697262 1.130822 3
4595564.6521 5437436.6418   0.0801 0.2144925 1.044515 3
4595565.3035 5437432.0795  31.0471 0.1025010 2.001161 1
4595565.2511 5437432.4511  30.7918 0.0603648 1.130406 1
4595565.3479 5437432.1886  27.6229 0.0334909 1.270688 2
4595565.1490 5437432.9572  32.1097 0.0590302 1.166776 1
4595565.1785 5437432.8779  31.1497 0.0877488 1.128030 2
4595565.1032 5437433.3106  31.6000 0.0594404 1.209153 1
4595565.0587 5437433.6617  31.0417 0.1157046 1.380309 1
4595564.9719 5437434.1246  31.8963 0.0477506 0.950688 1
4595564.9946 5437434.0648  31.1409 0.0471626 1.643469 2
4595565.0164 5437434.0076  30.4182 0.0376848 1.253243 3
4595564.9183 5437434.4992  31.6536 0.0774296 1.038815 1
4595565.0384 5437434.1857  27.6412 0.0488706 1.407877 3
4595564.8435 5437434.9293  32.1380 0.0825945 1.095888 1
4595564.9851 5437434.5626  27.3625 0.0353584 1.216546 2
4595564.7339 5437435.6864  31.7717 0.1419152 1.534397 1
4595564.7083 5437435.9907  30.5993 0.0720092 1.030734 1
4595564.7334 5437435.9275  29.7372 0.0618659 1.206940 2
4595565.6010 5437433.7354  -0.0027 0.1034136 1.056657 3
4595564.6441 5437436.3944  30.7480 0.0495508 1.057809 1
4595564.7084 5437436.2331  28.5184 0.0484510 1.064331 2
4595565.5305 5437434.1739   0.1542 0.0594310 1.057442 3
4595564.6448 5437436.6360  28.6429 0.1055242 1.281308 1
4595564.6932 5437436.5157  26.9529 0.0387990 1.077570 2
4595565.4563 5437434.6210   0.4436 0.1314636 1.715660 3
4595565.4005 5437435.0219   0.1081 0.3884359 1.085431 3
4595565.3353 5437435.4472   0.0938 0.1709370 1.116920 3
4595565.2695 5437435.8734   0.1325 0.0836813 1.005510 3
4595565.1422 5437436.7151   0.0729 0.1580405 1.093389 0
4595565.8318 5437432.0340  27.6293 0.0722243 1.231162 1
4595565.8763 5437431.9147  26.2016 0.0511662 1.214260 2
4595565.8990 5437432.0904  23.4827 0.0681719 1.251903 1
4595565.9611 5437431.9252  21.4840 0.0273317 1.184703 2
4595565.6821 5437432.9019  28.5067 0.0627301 1.500469 1
4595565.8366 5437432.4941  23.4891 0.0234544 0.970543 2
4595565.5017 5437433.6112  32.3787 0.0837263 1.116792 1
4595565.4792 5437433.9050  31.1320 0.0352497 1.470225 1
4595565.4480 5437434.4632  28.1396 0.0280082 1.001498 2
4595565.1888 5437435.6019  32.7381 0.1221489 1.244661 0
4595565.1958 5437435.8260  30.4967 0.0402416 1.268343 1
4595565.3961 5437435.3262  23.7380 0.0457710 1.384944 2
4595566.0973 5437433.5767   0.1372 0.0979270 1.025515 3
4595565.1397 5437436.2087  30.3781 0.0769527 0.972872 1
4595565.1604 5437436.1574  29.6729 0.0732750 1.257556 2
4595566.0335 5437433.9977   0.0861 0.0615274 1.052357 3
4595565.1189 5437436.5056  29.0441 0.1433139 1.197953 1
4595565.1880 5437436.3363  26.6852 0.0369324 1.376025 3
4595565.9021 5437434.8500   0.1174 0.0816617 1.161008 3
4595565.8386 5437435.2714   0.0627 0.2169047 1.115042 3
4595565.7747 5437435.6931   0.0321 0.0464802 1.050132 3
4595565.7102 5437436.1166   0.0406 0.0376631 0.991849 3
4595565.6457 5437436.5397   0.0439 0.0445241 1.085887 3
4595565.9147 5437432.9683  32.2744 0.0779043 1.248432 1
4595565.9870 5437432.7773  29.9424 0.0257061 1.104219 3
4595565.9743 5437433.0465  28.3813 0.0953005 0.977052 2
4595565.7940 5437433.7536  32.2616 0.1234654 1.556539 0
4595565.6908 5437434.2562  33.6595 0.0690465 1.116668 1
4595565.6540 5437434.5877  32.8871 0.0330883 1.064149 1
4595565.7033 5437434.4614  31.2643 0.0300286 1.053112 2
4595565.8417 5437434.1066  26.7172 0.0260220 1.376964 2
4595566.6501 5437432.0343   0.1387 0.1012702 0.994378 3
4595565.6317 5437434.8827  31.6359 0.1094778 1.153837 1
4595565.7027 5437434.7023  29.2863 0.0420343 1.283548 2
4595566.5801 5437432.4714   0.2244 0.0505873 1.124988 3
4595565.5901 5437435.2281  31.0148 0.0919827 1.601082 0
4595565.5306 5437435.6191  30.9930 0.0445596 1.222720 1
4595565.5657 5437435.5313  29.8141 0.0798202 1.650192 2
4595566.4542 5437433.3094   0.0910 0.0894616 1.005192 3
4595566.0657 5437435.8511   0.0444 0.0510347 1.110530 3
4595566.0025 5437436.2712   0.0052 0.0765282 1.120771 3
4595566.5535 5437432.0945  31.8231 0.0407658 0.973533 1
4595566.5993 5437431.9737  30.4075 0.0953302 1.224354 2
4595566.4696 5437432.5493  32.5019 0.0377727 1.191581 1
4595566.5102 5437432.4432  31.2325 0.0331916 1.411088 2
4595566.3893 5437432.9944  33.1626 0.1067821 1.084266 1
4595566.4246 5437432.9027  32.0404 0.0518348 1.504623 3
4595566.3191 5437433.4119  33.4985 0.1178373 1.351224 1
4595566.3473 5437433.3392  32.6002 0.0276960 1.026528 3
4595566.2443 5437433.8409  33.9757 0.0312264 0.981893 1
4595566.3190 5437433.6498  31.5906 0.0786419 1.214457 2
4595566.1940 5437434.2069  33.6744 0.1101324 1.727487 1
4595566.1465 5437434.5664  33.2758 0.0658915 1.075458 1
4595566.1686 5437434.5106  32.5596 0.0144027 0.887662 3
4595566.0893 5437434.9510  33.1955 0.1060557 1.118573 1
4595566.1423 5437434.8185  31.4729 0.0220090 0.868081 3
4595566.1493 5437435.0449  29.2919 0.0691108 1.076197 1
4595566.1944 5437434.9331  27.8191 0.0701892 1.201520 2
4595567.0383 5437432.8424   0.2984 0.0705378 1.048548 3
4595566.0609 5437435.5085  30.2170 0.0837514 1.667592 1
4595566.0849 5437435.4496  29.4310 0.0122743 0.757659 2
4595566.1049 5437435.4005  28.7756 0.0299117 1.317882 2
4595566.2803 5437434.9695  23.0194 0.0644112 1.116060 3
4595565.9543 5437436.0149  31.7829 0.0444802 1.029348 1
4595566.0196 5437435.8557  29.6206 0.0873130 1.421186 2
4595566.9141 5437433.6771   0.1215 0.0658091 1.009900 3
4595565.8965 5437436.4022  31.7322 0.0367304 1.015833 1
4595565.9926 5437436.1701  28.5361 0.0374502 1.281933 2
4595566.8484 5437434.1037   0.1318 0.0508979 1.048203 3
4595565.9423 5437436.5412  28.2211 0.0840396 1.025566 1
4595565.9997 5437436.4037  26.3013 0.0333793 1.182348 2
4595566.7858 5437434.5226   0.0479 0.2225832 1.079394 3
4595566.7177 5437434.9549   0.1716 0.2219409 1.078779 3
4595566.6550 5437435.3740   0.1103 0.0603989 1.017464 3
4595566.5922 5437435.7932   0.0674 0.2130008 1.070549 3
4595566.5286 5437436.2151   0.0479 0.0668233 1.027159 3
4595566.4646 5437436.6376   0.0333 0.0322515 1.037455 3
4595567.0564 5437431.9898  32.6587 0.0586005 1.367231 1
4595567.0882 5437431.9072  31.6874 0.0537379 1.171058 2
4595567.0120 5437432.3418  32.1503 0.0566940 1.088909 1
4595567.1535 5437431.9769  27.8147 0.0300958 1.067398 2
4595566.9489 5437432.7414  32.2402 0.1467743 1.598996 0
4595566.8837 5437433.1466  32.4138 0.0656285 1.128789 1
4595566.9827 5437432.8950  29.3297 0.0291572 1.092431 2
4595567.0369 5437432.7574  27.6434 0.0318687 1.234843 2
4595567.0854 5437432.6341  26.1321 0.0473954 1.593215 2
4595566.9003 5437433.3453  30.0278 0.0305645 0.872894 1
4595566.9256 5437433.2814  29.2354 0.0759920 1.316037 3
4595566.7588 5437433.9424  32.5741 0.0649007 1.063979 1
4595566.8544 5437433.7034  29.5772 0.0507765 1.093440 2
4595566.9063 5437433.5737  27.9507 0.0412643 1.374452 3
4595566.7081 5437434.3114  32.2782 0.0285210 1.517845 1
4595566.7377 5437434.2381  31.3464 0.0174991 0.997636 2
4595566.7518 5437434.2031  30.9017 0.0485002 2.004625 3
4595566.8528 5437434.1996  25.7920 0.0695146 1.272805 3
4595566.5666 5437435.1478  32.9974 0.0643033 1.149592 1
4595567.5813 5437432.6715   0.6287 0.0353060 0.988502 3
4595566.6095 5437435.2901  29.7135 0.0471564 1.144381 1
4595566.7213 5437435.0196  26.1219 0.1428712 1.583893 3
4595566.5117 5437435.7746  30.9539 0.1234550 1.707532 1
4595566.6504 5437435.4417  26.4647 0.0417031 1.973429 3
4595566.4417 5437436.1910  31.3037 0.0541896 1.127906 1
4595566.5465 5437435.9418  27.8952 0.0301157 1.099506 2
4595567.4021 5437433.9072   0.1418 0.1572444 1.092886 3
4595566.3486 5437436.6612  32.4055 0.0901265 1.103086 1
4595567.3356 5437434.3350   0.1883 0.0406215 1.202289 3
4595567.2706 5437434.7601   0.1982 0.3369483 1.048965 0
4595567.2106 5437435.1730   0.0568 0.1989820 1.038525 3
4595567.1472 5437435.5938   0.0341 0.1099704 1.055349 3
4595567.0180 5437436.4415   0.0670 0.2876112 1.056714 3
4595567.3551 5437431.8192  32.5872 0.0693673 1.077782 1
4595567.3081 5437432.1774  32.1776 0.0620153 1.146973 1
4595567.2973 5437432.4423  30.6512 0.1109359 1.347910 1
4595567.1639 5437433.0222  32.9221 0.0512855 1.045061 1
4595567.1908 5437432.9536  32.0869 0.0550864 1.005303 2
4595567.1259 5437433.3578  32.2471 0.0533667 1.026600 1
4595567.1771 5437433.2282  30.6488 0.0452194 1.062913 2
4595567.2227 5437433.1128  29.2255 0.0261691 1.063671 3
4595567.1240 5437433.6031  30.4308 0.0643710 0.950269 1
4595567.1573 5437433.5196  29.3904 0.0667170 1.337733 2
4595567.1804 5437433.4615  28.6651 0.0267902 1.064752 2
4595567.2089 5437433.3900  27.7727 0.0265089 1.127707 3
4595567.0413 5437434.0529  31.1260 0.0449178 1.313408 1
4595567.0825 5437433.9502  29.8297 0.0335841 1.202034 2
4595567.1372 5437433.8139  28.1097 0.0814865 1.391181 2
4595567.4028 5437433.1522  19.7496 0.0515601 1.108762 3
4595566.9363 5437434.5557  32.5414 0.0325146 1.225438 1
4595566.9879 5437434.4283  30.9079 0.0207465 1.035781 2
4595567.0405 5437434.2983  29.2457 0.0568595 1.076004 2
4595567.1054 5437434.1380  27.1959 0.0582338 1.116829 3
4595566.8705 5437434.9618  32.7441 0.1222902 1.396177 0
4595566.8577 5437435.2384  31.2520 0.0637594 1.192898 1
4595566.9219 5437435.0824  29.1950 0.0543219 1.858637 3
4595566.8074 5437435.6070  30.9593 0.0527957 0.988779 1
4595566.8464 5437435.5130  29.7006 0.0578046 1.068990 2
4595566.9609 5437435.2368  26.0082 0.0408976 1.253664 3
4595566.7351 5437436.0290  31.3761 0.0387478 1.060928 1
4595566.8423 5437435.7728  27.8966 0.0394994 1.065359 2
4595566.9438 5437435.5304  24.6061 0.0388304 1.955384 3
4595566.6769 5437436.6683  29.3853 0.0667512 1.163976 1
4595567.4912 5437434.7574   2.7224 0.0417922 1.215739 3
4595566.7176 5437436.8275  26.0667 0.0285992 1.222945 2
4595567.5066 5437434.9930   0.1130 0.0973188 1.063464 3
4595567.4438 5437435.4122   0.0621 0.0558289 1.025618 3
4595567.3791 5437435.8361   0.0779 0.1007432 1.092068 3
4595567.2484 5437436.6864   0.1368 0.1374663 1.241733 3
4595567.5999 5437432.4417  30.8342 0.0325603 0.988990 2
4595567.4603 5437433.0374  33.3048 0.1583798 1.148037 0
4595567.4425 5437433.3222  32.0094 0.0633043 1.609025 1
4595567.3501 5437433.7951  33.0236 0.1341346 1.035318 1
4595567.4310 5437433.5923  30.5023 0.0466627 1.246477 3
4595567.2380 5437434.5584  32.7780 0.0761200 1.055492 1
4595567.2768 5437434.4628  31.5530 0.0481260 1.345925 2
4595567.2922 5437434.6712  29.1709 0.0177022 0.904324 3
4595567.1245 5437435.3260  32.6258 0.0558751 1.144414 1
4595567.1715 5437435.2120  31.1245 0.0726838 1.163790 3
4595567.1887 5437435.4189  28.6628 0.0274526 1.072802 3
4595567.0098 5437436.0967  32.5157 0.0951837 1.022753 1
4595567.2478 5437435.5293  24.8268 0.0296171 1.072132 3
4595567.1505 5437436.0147  26.0261 0.0338824 1.304567 1
4595567.2486 5437435.7828  22.8398 0.0414597 1.014057 2
4595567.6959 5437434.7258   8.3272 0.0968746 1.874999 3
4595567.0917 5437436.4078  25.9840 0.0416971 1.175384 2
4595567.7790 5437434.7982   3.5654 0.1739735 1.817557 3
4595566.9284 5437437.0434  29.3387 0.0318251 1.167072 1
4595567.0348 5437436.7963  25.8632 0.0967036 1.645271 2
4595567.8188 5437434.9771   0.1773 0.1428599 1.082349 3
4595567.7334 5437435.4491   0.8699 0.0741266 0.865741 1
4595567.7562 5437435.3967   0.1178 0.3505895 1.140525 3
4595567.6941 5437435.8150   0.0457 0.2011119 1.011576 3
4595567.5647 5437436.6632   0.0665 0.0951642 1.065790 3
4595567.4992 5437437.0891   0.0889 0.0538658 0.937204 3
4595568.1153 5437431.7574  31.5724 0.1174173 1.167849 0
4595567.9999 5437432.2920  33.2591 0.0660039 0.926086 1
4595568.0375 5437432.1961  32.1206 0.0912879 1.379865 3
4595567.9468 5437432.6660  33.0778 0.0914274 0.976855 1
4595567.9726 5437432.6005  32.2886 0.0484455 1.280048 3
4595567.9051 5437433.0122  32.5427 0.0769210 1.215553 1
4595567.9542 5437432.8889  31.0402 0.0694075 1.133935 2
4595568.0604 5437432.6218  27.7830 0.0240860 1.084992 3
4595567.9545 5437433.1316  29.2047 0.0596642 1.174631 1
4595568.0199 5437432.9686  27.1927 0.0836154 1.160365 2
4595567.8723 5437433.5806  29.8989 0.0413785 1.176298 1
4595567.9783 5437433.3183  26.6301 0.1713254 1.053468 2
4595567.7375 5437434.1582  32.1962 0.1294868 1.300664 0
4595567.6614 5437434.5902  32.6968 0.1065784 1.060336 0
4595567.6154 5437434.9481  32.2936 0.1115838 1.904200 1
4595568.6268 5437432.5057   0.6226 0.0487922 1.017803 3
4595567.5617 5437435.3254  32.1274 0.0435987 1.042456 1
4595567.6833 5437435.0342  28.2917 0.0814621 1.284373 2
4595568.5812 5437432.8841   0.0488 0.0888483 1.008134 3
4595567.5115 5437435.6945  31.8472 0.0235242 1.011353 0
4595567.4444 5437436.1044  32.1040 0.0755491 1.115435 1
4595567.4652 5437436.0554  31.4394 0.0508070 1.150715 2
4595568.4527 5437433.7316   0.0535 0.0583410 1.090448 3
4595567.3906 5437436.4823  31.9367 0.1140408 1.015547 1
4595567.4182 5437436.4178  31.0513 0.0284521 1.143299 3
4595567.3404 5437436.8523  31.6317 0.2095411 1.169410 0
4595567.4680 5437436.8152  25.5975 0.0564264 0.987689 1
4595568.2568 5437435.0091   0.1051 0.4182596 1.066667 3
4595568.1924 5437435.4334   0.1096 0.2192950 1.041037 3
4595568.1299 5437435.8529   0.0421 0.1321945 1.038987 3
4595568.4200 5437432.0632  31.5271 0.1871521 1.282776 0
4595568.3941 5437432.3700  30.5115 0.0790905 1.167788 1
4595568.5544 5437431.9655  25.6721 0.0779654 1.003929 2
4595568.5063 5437432.3324  25.2955 0.1326116 1.131594 1
4595568.2277 5437433.2718  31.9843 0.0691939 1.087920 1
4595568.3859 5437433.1267  25.3149 0.0458627 1.179653 1
4595568.4848 5437432.8830  22.2740 0.1065826 1.210114 2
4595568.2219 5437433.7779  28.5007 0.0138738 0.825517 1
4595568.2814 5437433.6324  26.6792 0.0126523 0.751230 2
4595568.0432 5437434.4609  32.1302 0.0850174 1.523535 0
4595567.9550 5437434.9215  33.0359 0.0643050 1.050581 1
4595568.0048 5437434.8015  31.4834 0.0247648 0.841305 3
4595567.9269 5437435.2368  32.0735 0.1259314 1.105419 1
4595568.0199 5437435.0149  29.1641 0.0391230 1.705521 3
4595567.8651 5437435.6334  32.1563 0.0644702 1.035001 1
4595568.8901 5437433.2098   0.0103 0.1529116 1.103733 3
4595567.8142 5437436.0051  31.8921 0.1237140 1.257822 0
4595568.0781 5437435.6446  21.6396 0.0320101 0.946101 1
4595568.7595 5437434.0616   0.0532 0.5114014 1.077018 3
4595567.7263 5437436.7164  30.9136 0.0678157 1.556499 1
4595567.7759 5437436.6022  29.3323 0.0731211 1.611159 2
4595568.6939 5437434.4888   0.0709 0.1182607 1.173308 3
4595567.6797 5437437.0789  30.4903 0.0378286 1.023033 1
4595567.8420 5437436.7088  25.2926 0.0677196 1.196940 2
4595568.6301 5437434.9113   0.0559 0.1960780 1.059948 3
4595568.5654 5437435.3360   0.0726 0.4927959 1.063086 3
4595568.4988 5437435.7648   0.1360 0.2174289 1.059962 3
4595568.4357 5437436.1853   0.0828 0.2935129 1.029731 3
4595568.7353 5437432.0354  31.2108 0.0395462 1.119133 1
4595568.7816 5437431.9181  29.8298 0.0287746 1.092115 2
4595568.6968 5437432.3746  30.5720 0.0484394 1.074898 1
4595568.7334 5437432.2824  29.4731 0.1095028 1.210419 2
4595568.8686 5437432.1893  23.5894 0.0447246 0.955426 1
4595568.8873 5437432.1424  23.0238 0.0627806 1.344154 2
4595568.6459 5437432.9905  28.5215 0.0279071 1.043492 1
4595568.6581 5437433.2079  26.3305 0.0481941 0.980206 1
4595568.4062 5437434.0733  32.1964 0.1498457 1.137221 0
4595568.3393 5437434.4827  32.4084 0.0707312 1.095613 1
4595569.3784 5437431.9675   0.4384 0.0520491 1.386294 3
4595568.2911 5437434.8468  32.0709 0.0465863 0.972616 1
4595568.3151 5437434.7892  31.3260 0.0260753 0.994696 3
4595568.1991 5437435.3152  33.1008 0.1521282 1.345939 0
4595568.1594 5437435.6599  32.4916 0.1343347 1.998637 1
4595569.1994 5437433.2057  -0.0263 0.0435958 1.161813 3
4595568.1506 5437435.9326  30.9023 0.0769968 1.367839 1
4595569.1330 5437433.6347   0.0410 0.1224934 1.115582 3
4595568.0886 5437436.3304  30.9832 0.0612229 1.304965 1
4595569.0674 5437434.0611   0.0739 0.0959236 1.146743 3
4595568.1140 5437436.5282  28.2828 0.0321898 1.014997 1
4595569.0029 5437434.4860   0.0662 0.4450092 1.040638 3
4595567.9742 5437437.1049  30.8271 0.1821166 1.739813 1
4595568.9374 5437434.9128   0.1093 0.0397994 1.151141 3
4595568.0895 5437437.1032  25.2142 0.0673544 1.146229 2
4595568.8746 5437435.3331   0.0634 0.2149784 1.048178 3
4595568.8085 5437435.7611   0.1113 0.2247177 1.038743 3
4595568.7463 5437436.1801   0.0302 0.2456494 1.086763 3
4595568.6817 5437436.6050   0.0206 0.1015737 1.024630 3
4595569.2028 5437431.9680  29.6158 0.0902430 1.133440 1
4595569.1086 5437432.4475  30.6255 0.1016186 1.169908 1
4595569.2229 5437432.1635  27.2440 0.0321919 1.404633 2
4595569.0519 5437432.8342  30.5456 0.0585874 1.110200 1
4595569.1090 5437432.6932  28.8364 0.0314677 1.062617 2
4595568.9534 5437433.3226  31.7294 0.1539666 1.081787 1
4595568.9960 5437433.2183  30.4463 0.0313657 1.304178 2
4595568.9092 5437433.6774  31.2803 0.1382170 1.406289 1
4595569.1228 5437433.1587  24.8295 0.0226558 0.686762 2
4595569.1363 5437433.1259  24.4220 0.0135559 0.603214 3
4595568.8800 5437433.9971  30.3622 0.0599714 1.243237 1
4595568.9263 5437433.8856  28.9613 0.0585339 1.086861 2
4595568.7735 5437434.5029  31.7757 0.1255852 1.363933 1
4595569.0795 5437433.7719  22.4742 0.0333449 1.012516 3
4595568.8079 5437434.6727  28.9152 0.1379519 1.427210 2
4595569.7551 5437432.4286  -0.0419 0.0674544 1.043233 3
4595568.6426 5437435.3151  32.1785 0.1000247 1.117409 1
4595568.6683 5437435.2546  31.3858 0.0440113 1.321463 2
4595569.6925 5437432.8486  -0.0994 0.0476584 1.113988 3
4595568.5778 5437435.7197  32.3450 0.1430571 1.315260 1
4595568.6402 5437435.5744  30.4221 0.0346172 1.250993 2
4595569.6256 5437433.2796  -0.0268 0.0878035 1.093410 3
4595568.5285 5437436.0878  32.0240 0.1475632 1.300636 0
4595568.5097 5437436.3869  30.7557 0.1292208 1.422637 1
4595569.4920 5437434.1401   0.1345 0.0425470 1.043519 3
4595568.4425 5437436.7971  30.9948 0.1451922 1.076664 1
4595569.4298 5437434.5597   0.0744 0.0857107 1.054117 3
4595568.4088 5437437.1320  30.1856 0.0897917 1.275117 1
4595569.3650 5437434.9852   0.0969 0.2851376 1.045369 3
4595569.3028 5437435.4046   0.0430 0.0907456 1.078088 3
4595569.1733 5437436.2554   0.0432 0.3195591 1.059788 3
4595569.1102 5437436.6777  -0.0043 0.0739015 1.101677 3
4595569.0451 5437437.1038   0.0231 0.4949215 1.064196 0
4595569.6675 5437431.9465  29.2979 0.0857202 1.454405 1
4595569.7501 5437431.7423  26.9034 0.0412342 1.100474 2
4595569.5509 5437432.4809  30.9323 0.0303824 1.248275 1
4595569.6013 5437432.3573  29.4631 0.0546989 1.260977 2
4595569.6846 5437432.1529  27.0344 0.0937515 1.141069 2
4595569.5717 5437432.6781  28.5677 0.0460318 1.147243 1
4595569.6019 5437432.6047  27.6808 0.0473750 0.980931 2
4595569.4238 5437433.2857  31.1744 0.1282543 1.498846 0
4595569.3889 5437433.6195  30.4504 0.0542105 1.225808 1
4595569.3287 5437434.0148  30.4729 0.0403831 1.449035 1
4595569.4294 5437433.7754  27.4631 0.0560893 1.096565 2
4595569.4645 5437433.6921  26.4138 0.0333608 1.143291 2
4595569.1162 5437435.2729  31.5200 0.1164399 1.113927 1
4595570.1591 5437432.8569  -0.0626 0.0750820 1.095332 3
4595569.0413 5437435.7001  31.9929 0.0357540 1.257250 1
4595570.0948 5437433.2811  -0.0600 0.2924790 1.016685 3
4595569.0214 5437436.0026  30.7787 0.1373385 1.460815 1
4595570.0271 5437433.7137   0.0450 0.0758065 1.009565 3
4595568.9684 5437436.3803  30.5714 0.1515389 1.048217 1
4595569.1083 5437436.0647  26.2832 0.0317971 1.312659 2
4595569.9616 5437434.1404   0.0966 0.0444059 1.040090 3
4595569.0526 5437436.4527  26.1315 0.0601328 1.190123 1
4595569.8970 5437434.5660   0.1118 0.4635436 1.049196 3
4595568.9323 5437436.9833  27.9981 0.0935975 1.085209 1
4595569.8324 5437434.9912   0.1279 0.0748427 1.112884 3
4595569.7696 5437435.4122   0.0862 0.1631118 1.038088 3
4595569.7048 5437435.8372   0.0920 0.0998103 1.012857 3
4595570.0074 5437432.0996  28.5273 0.0317361 0.975493 2
4595570.0604 5437431.9699  26.9984 0.0417634 1.090573 2
4595569.8987 5437432.6141  29.9269 0.0756479 1.087227 1
4595569.9501 5437432.4891  28.4272 0.0280161 0.997775 2
4595569.9820 5437432.4117  27.5019 0.0603880 1.066852 2
4595569.8607 5437432.9554  29.2955 0.0704203 1.115081 1
4595569.9820 5437432.6629  25.7403 0.0461881 1.121732 2
4595569.7573 5437433.4542  30.5787 0.1313831 1.108027 1
4595569.8449 5437433.2449  28.0018 0.0192715 0.866334 2
4595569.7023 5437433.8372  30.4524 0.0826186 0.949689 1
4595569.7509 5437433.7218  29.0118 0.0297972 0.867598 2
4595569.7836 5437433.6442  28.0425 0.0072674 0.707245 2
4595569.7963 5437433.6142  27.6668 0.0445771 1.782548 2
4595569.4903 5437435.0941  31.4761 0.1544381 1.056446 0
4595569.5664 5437435.1752  27.3999 0.0371992 1.165979 2
4595570.4765 5437433.0880  -0.0558 0.1736030 0.996237 3
4595569.4040 5437435.8043  30.4955 0.1154408 1.029722 1
4595570.4113 5437433.5146  -0.0275 0.2964970 1.066408 3
4595569.3608 5437436.1612  29.9839 0.0380989 1.185399 1
4595569.4814 5437435.8895  26.3221 0.0532413 1.237895 2
4595569.5151 5437435.8137  25.3014 0.0372542 1.219280 2
4595570.3461 5437433.9417   0.0128 0.1260938 1.084800 3
4595569.3631 5437436.4168  28.0840 0.0821085 1.369697 1
4595569.4192 5437436.2915  26.3708 0.0720622 1.170809 2
4595570.2798 5437434.3707   0.0892 0.1118290 1.045215 3
4595570.2146 5437434.7971   0.1255 0.3589629 1.028005 0
4595569.4191 5437436.8229  22.6591 0.1616907 1.631826 1
4595570.1500 5437435.2221   0.1385 0.1524765 1.070675 3
4595570.0881 5437435.6414   0.0644 0.2503496 1.069955 3
4595570.2796 5437432.5615  29.8666 0.1002839 1.072138 1
4595570.4301 5437432.4523  23.7706 0.0381736 1.310077 2
4595570.1281 5437433.6797  29.0869 0.0961564 1.466166 1
4595570.2074 5437433.4927  26.7559 0.0493799 1.416103 2
4595570.2884 5437433.5606  22.6031 0.0791253 1.127963 1
4595569.9461 5437434.8714  29.2127 0.0456818 1.049067 1
4595569.9828 5437434.7871  28.1218 0.0165937 0.789315 2
4595570.0608 5437434.6078  25.8032 0.0464615 1.011771 2
4595570.9233 5437432.6246   0.1077 0.0707586 0.955332 3
4595569.8492 5437435.3513  30.3345 0.0510571 1.035379 1
4595569.8750 5437435.2925  29.5637 0.0885234 1.445204 2
4595570.8643 5437433.0376  -0.0257 0.0400543 1.041027 3
4595569.7764 5437435.7754  30.7254 0.0439053 0.986095 1
4595569.8182 5437435.6810  29.4760 0.0759665 1.609713 2
4595569.8603 5437435.5858  28.2158 0.0310630 1.265026 2
4595570.7999 5437433.4631  -0.0055 0.0494661 1.043893 3
4595569.7996 5437435.9833  28.2315 0.0402591 1.228083 2
4595570.7335 5437433.8925   0.0822 0.0644674 0.958179 3
4595570.6040 5437434.7449   0.1433 0.1141772 1.301249 3
4595569.6367 5437437.1351  27.7212 0.0424798 1.121685 1
4595570.5414 5437435.1662   0.0998 0.5939442 1.036027 3
4595569.7394 5437437.1810  22.7302 0.0629494 1.139333 2
4595570.4778 5437435.5897   0.0814 0.0741911 1.062464 3
4595570.4151 5437436.0107   0.0220 0.5266122 1.066960 3
4595570.3511 5437436.4352   0.0046 0.7479625 1.069645 0
4595570.7738 5437432.7073  26.9944 0.0356860 1.098536 1
4595570.8110 5437432.6194  25.9253 0.0300507 1.087605 2
4595570.6386 5437433.2809  29.1768 0.0481784 1.130259 1
4595570.5903 5437433.9066  27.1415 0.0248334 0.796929 1
4595570.4604 5437434.4633  29.1995 0.0240649 1.103149 1
4595570.4846 5437434.4080  28.4932 0.0553881 1.019717 2
4595570.3448 5437435.2439  29.1072 0.0551187 1.188035 1
4595570.3171 5437435.5680  28.1638 0.0780246 0.995269 1
4595570.4931 5437435.1755  22.9600 0.0224958 0.959171 2
4595570.2433 5437436.7956  23.1569 0.0390051 1.185590 2
4595570.9999 5437433.0904  29.1745 0.0501576 1.096392 1
4595571.1016 5437432.8516  26.2523 0.0564616 2.332685 2
4595570.9339 5437433.4997  29.3790 0.0401045 1.035309 1
4595570.9561 5437433.7045  27.0341 0.0401995 1.141930 1
4595571.0693 5437433.4432  23.7625 0.0778627 1.378479 2
4595570.8446 5437434.2196  28.5446 0.0396184 0.972233 1
4595570.7804 5437434.6249  28.6876 0.0933082 1.337471 1
4595570.7087 5437435.0465  29.0461 0.0504138 1.307502 1
4595571.0760 5437433.2007  -0.0195 0.1596198 1.053063 3
4595571.0892 5437432.7213   0.0068 0.1876191 1.059530 3
4595570.7254 5437433.9632   0.0891 0.2796627 1.185376 3
4595570.7447 5437433.0244   0.0613 0.0566456 1.065687 3
4595570.4842 5437435.6224   0.1219 0.0835983 1.033950 3
4595570.0195 5437436.9902   0.0756 0.3478312 1.050319 3
4595570.0252 5437436.5285   0.0160 0.4444853 1.057293 3
4595570.0355 5437436.0571   0.0362 0.1317376 1.084089 3
4595570.0746 5437434.1780   0.0216 0.1064117 1.018743 3
4595569.5918 5437436.7732  -0.0140 0.1195346 0.987383 3
4595569.6016 5437436.3050  -0.0207 0.1864731 1.103778 3
4595569.6763 5437435.6877   0.8553 0.0584132 0.948342 2
4595569.6163 5437435.8244   0.0536 0.3359867 1.081472 3
4595569.6242 5437435.3604   0.0280 0.3697628 1.054048 3
4595569.6511 5437434.4073   0.0882 0.0677458 1.179109 3
4595569.3710 5437436.7933  -0.0503 0.1451270 1.022269 3
4595569.3898 5437436.3047   0.0554 0.2837375 1.079358 3
4595569.4658 5437435.6864   0.9437 0.0393550 0.930285 2
4595569.3976 5437435.8427   0.0299 0.1637117 1.070731 3
4595570.8449 5437432.9073  23.8508 0.0350096 1.177041 1
4595569.0534 5437437.0841  -0.0206 0.3913132 1.055320 3
4595569.0642 5437436.6131  -0.0313 0.1136017 1.122007 3
4595569.0808 5437436.1298   0.0499 0.1600786 1.014622 3
4595569.0909 5437435.6625   0.0497 0.2167130 1.098571 3
4595569.1237 5437434.2526   0.0165 0.1517282 1.026948 0
4595569.1532 5437432.8526  -0.0578 0.1156254 1.039636 3
4595570.5144 5437435.7206  26.2612 0.1135151 1.029728 1
4595570.7283 5437434.3738  28.8181 0.0389895 1.083731 1
4595570.2962 5437434.9902  22.9220 0.0460653 1.128956 1
4595570.7951 5437433.3860  29.3769 0.0405731 1.339228 1
4595570.6266 5437433.7858  27.1451 0.0600871 1.140188 2
4595570.3198 5437433.6736  22.7596 0.0664507 1.091356 2
4595570.6657 5437432.4468  27.2042 0.0553630 1.152467 1
4595568.6623 5437435.7873   0.1232 0.2161484 1.050895 3
4595570.2386 5437436.6557  26.1568 0.0355755 0.933888 1
4595570.2315 5437436.2567  25.9192 0.0481063 1.267239 1
4595570.4818 5437434.4047  28.8204 0.0669700 1.116604 1
4595570.4960 5437433.9579  28.8404 0.0481853 1.223171 1
4595570.5564 5437433.4012  29.4789 0.0831080 1.051608 1
4595570.3922 5437433.3784  27.1325 0.0573381 1.075921 1
4595570.1671 5437433.4943  23.9727 0.0337685 1.068874 1
4595570.4587 5437432.3934  27.7269 0.1150010 1.288804 1
4595570.0485 5437433.3545  22.2336 0.0287111 1.104988 2
4595570.1769 5437432.6366  23.7978 0.0348587 1.153146 2
4595568.3987 5437436.7777   0.0658 0.2004480 1.103601 3
4595570.1840 5437432.2025  23.7592 0.0425131 1.300815 2
4595568.4090 5437436.3114   0.0427 0.1045124 1.085639 3
4595568.4265 5437435.8278   0.1195 0.5696782 1.076059 0
4595570.3229 5437434.3501  28.7160 0.0688677 1.085216 1
4595569.9040 5437434.9487  22.9329 0.0401409 1.285286 1
4595570.3944 5437433.3528  29.3350 0.0439207 1.104732 1
4595570.2317 5437433.7432  27.1555 0.0357447 1.185603 2
4595570.1072 5437434.0420  25.4896 0.0205561 0.942781 3
4595570.1304 5437433.5715  25.6299 0.0330713 0.946510 2
4595570.1859 5437433.0234  26.2181 0.0741251 1.027143 1
4595569.9094 5437433.2602  22.3392 0.0335575 0.931358 1
4595568.2505 5437437.1716   0.0626 0.6257666 1.064128 3
4595570.2959 5437431.9360  27.4288 0.0617144 1.106675 1
4595570.0419 5437432.5315  23.9655 0.0273415 1.040287 2
4595568.2652 5437436.6959   0.0924 0.1330019 1.025904 3
4595570.0429 5437432.1118  23.8465 0.0693810 1.068179 1
4595568.2756 5437436.2296   0.0652 0.3462478 1.086321 3
4595570.1127 5437434.4928  30.3524 0.0751933 1.043539 1
4595570.0043 5437434.7580  28.8955 0.0537802 1.508584 2
4595570.0308 5437434.2824  29.0839 0.0719672 1.213473 1
4595570.0484 5437433.8279  29.1500 0.0473673 1.162656 1
4595569.9146 5437433.7382  27.1852 0.0401247 1.018546 1
4595570.1226 5437432.8268  29.8228 0.0457965 0.930640 1
4595570.0852 5437432.9161  29.3192 0.0538992 1.708111 2
4595569.8853 5437433.3939  26.6253 0.0461340 1.410791 2
4595570.1482 5437432.3550  30.0204 0.0648940 1.099886 1
4595570.0364 5437432.6208  28.5027 0.0426502 1.134025 2
4595570.0416 5437432.1964  28.4333 0.0417381 1.163254 1
4595569.7417 5437435.2154  29.8530 0.0567340 1.193397 1
4595569.3984 5437436.0637  25.2118 0.0407803 1.186542 2
4595569.7295 5437434.4254  29.3451 0.0633477 0.988018 1
4595569.6708 5437434.5689  28.5552 0.0624333 1.335424 2
4595569.7112 5437434.0605  28.9253 0.0406381 1.159437 1
4595569.7432 5437433.5728  29.1810 0.0607874 1.443955 1
4595569.6238 5437433.8612  27.5765 0.0499281 1.174220 2
4595569.7906 5437433.0484  29.6534 0.1136942 1.193823 1
4595569.8257 5437432.5556  29.9643 0.1134215 1.043867 1
4595569.7252 5437432.3849  28.4484 0.0285211 1.019727 1
4595569.6615 5437432.5361  27.5822 0.0828726 1.167734 2
4595569.6422 5437432.1700  27.1712 0.0524988 1.125413 1
4595569.1664 5437437.0902  22.6891 0.0844728 1.310189 1
4595569.7077 5437435.3194  29.9091 0.0392471 1.010714 1
4595569.3707 5437436.1630  25.2979 0.0254176 0.776195 2
4595569.6893 5437434.9555  29.4839 0.0329825 0.952782 1
4595569.6526 5437435.0468  28.9851 0.0495870 1.735338 2
4595569.6951 5437434.5323  29.3879 0.0431790 0.944659 1
4595569.6509 5437434.6415  28.7877 0.0512398 1.814390 2
4595569.7057 5437433.6863  29.1780 0.0665205 1.118340 1
4595569.7437 5437433.1843  29.5232 0.1471030 1.619323 1
4595569.7978 5437432.6441  30.0952 0.1065062 1.001014 1
4595569.6945 5437432.4845  28.5173 0.0824596 1.008386 1
4595569.6250 5437432.6515  27.5676 0.0678443 1.072062 2
4595569.5038 5437432.9430  25.9116 0.0354185 1.144402 2
4595569.6143 5437432.2657  27.2634 0.0750400 0.978489 1
4595569.5593 5437432.3974  26.5046 0.0404740 1.174714 2
4595567.6669 5437435.6032   0.1669 0.0484956 1.033477 3
4595569.5541 5437436.1687  30.7096 0.0856101 1.170724 1
4595569.4463 5437436.0348  29.0714 0.0451577 1.351937 1
4595569.5651 5437435.3246  30.5458 0.0679381 0.944045 1
4595569.5080 5437435.4687  29.7655 0.0675051 1.855080 3
4595569.3526 5437435.4495  27.4688 0.0166506 0.711224 1
4595569.5653 5437434.5077  30.1970 0.0655253 1.082128 1
4595569.5072 5437433.8339  29.0461 0.0532233 1.078550 1
4595569.3973 5437434.1050  27.5450 0.0347695 1.139673 2
4595569.5572 5437433.3006  29.5572 0.0355216 1.146197 1
4595569.5974 5437432.7933  29.9413 0.1324310 1.008525 1
4595569.5696 5437432.4527  29.3925 0.0794145 1.138408 1
4595569.5521 5437432.0857  28.9976 0.0922996 1.139826 1
4595569.4411 5437432.3531  27.4578 0.0282924 1.085215 2
4595569.1650 5437435.6851  30.9377 0.1174960 1.427363 1
4595569.1309 5437435.3636  30.3009 0.0353119 1.034381 1
4595569.0360 5437435.6027  29.0053 0.1236351 1.829531 2
4595569.1867 5437434.8164  30.8759 0.0410557 1.228124 1
4595569.0862 5437435.0683  29.5077 0.0565418 1.728228 2
4595569.0592 5437434.7281  28.9547 0.0493579 1.219178 1
4595569.1952 5437433.9825  30.6344 0.1243950 1.410241 1
4595569.2024 5437433.5571  30.5568 0.0948758 1.237254 1
4595568.9270 5437434.2355  26.7900 0.0940496 1.125850 2
4595569.2261 5437433.0918  30.6994 0.1408682 1.094704 1
4595569.2558 5437432.6127  30.9232 0.0902022 1.110251 1
4595569.0899 5437433.0168  28.6569 0.0424344 1.253770 3
4595569.1516 5437432.4584  29.3156 0.0586953 1.639270 1
4595568.1582 5437434.4420  15.5300 0.0790770 1.457573 1
4595567.1305 5437433.8528   0.1246 0.0673271 0.986625 3
4595568.7986 5437437.1648  27.9357 0.1010244 1.053801 1
4595569.0162 5437436.1968  30.7540 0.1295657 1.197646 1
4595568.8302 5437436.6752  28.1888 0.0379283 1.135950 2
4595569.0434 5437435.7203  30.9656 0.1477024 1.228664 1
4595569.0997 5437435.1712  31.5620 0.0396704 1.163300 1
4595569.0088 5437435.4024  30.3156 0.0379384 1.030430 2
4595568.9296 5437435.6039  29.2243 0.1032874 1.512092 3
4595569.0560 5437434.8765  30.7739 0.0378674 1.169296 1
4595568.9619 5437435.1144  29.4834 0.0647412 1.403246 2
4595568.9367 5437434.7711  28.9468 0.0470606 1.054705 1
4595569.0860 5437433.5830  30.6467 0.1409325 1.096413 1
4595568.8148 5437434.2573  26.9011 0.0386647 1.068062 2
4595568.6209 5437432.2601  23.0858 0.1109534 1.704524 1
4595567.6976 5437434.4774  10.3303 0.1215272 1.155972 3
4595566.9643 5437435.8009   0.0590 0.1991839 1.040244 3
4595566.9821 5437435.3217   0.0850 0.1297978 1.011913 3
4595567.0315 5437433.8935   0.1642 0.0403023 1.134719 3
4595568.9520 5437436.3037  30.9785 0.0752785 1.047792 1
4595568.9524 5437435.8963  30.8159 0.1483036 1.164995 1
4595568.9421 5437435.5173  30.5052 0.0510131 1.065356 1
4595568.8693 5437435.7048  29.4866 0.0565826 1.377896 2
4595568.9879 5437434.9930  30.9486 0.0905945 1.221585 1
4595568.9459 5437434.6940  30.1750 0.0548038 1.327513 1
4595568.4995 5437435.8307  23.9753 0.0537297 1.003548 3
4595568.9866 5437434.1843  30.5593 0.0598122 1.227632 1
4595568.9965 5437433.7538  30.5210 0.0858038 1.091151 1
4595568.7214 5437434.4463  26.6776 0.0486780 1.081975 3
4595569.0082 5437433.3181  30.4992 0.1584474 1.671271 1
4595568.8972 5437433.1873  28.7667 0.0362833 1.163379 2
4595568.9627 5437432.6171  29.4768 0.1088128 1.831256 1
4595568.4542 5437433.4608  22.2415 0.0478393 1.051002 1
4595566.9065 5437435.9577   0.0762 0.2184016 1.049287 3
4595566.9263 5437435.4724   0.1264 0.5133674 1.068502 0
4595566.9470 5437434.9846   0.1995 0.1844624 1.121598 3
4595568.5428 5437436.3657  30.7682 0.0557699 1.142903 1
4595568.3483 5437436.8719  28.0749 0.0387510 1.018817 2
4595568.5866 5437435.8471  31.2045 0.0985181 1.474556 1
4595568.5383 5437435.5666  30.3570 0.0706436 1.620987 1
4595568.6289 5437434.9290  31.4142 0.0797446 1.260119 1
4595568.6725 5437434.4135  31.8242 0.1324756 1.195105 1
4595568.4036 5437435.0980  28.0986 0.0707025 1.507731 2
4595568.6423 5437434.0857  31.2288 0.0613615 1.942354 1
4595568.4730 5437434.5143  28.8589 0.0516666 1.098079 2
4595568.6547 5437433.6505  31.2296 0.1058930 1.455346 0
4595568.6134 5437432.9431  30.2521 0.0949411 1.088306 1
4595568.6666 5437432.4062  30.7825 0.0851604 1.186822 1
4595568.2469 5437433.0336  24.7735 0.0361873 1.209370 3
4595568.4326 5437432.1673  27.1367 0.0279437 0.935379 3
4595566.4913 5437436.4789  -0.0141 0.0609821 1.107616 3
4595566.5137 5437435.9871   0.0624 0.0868359 1.106494 3
4595566.5260 5437435.5210  -0.0006 0.2625578 1.068248 3
4595566.5446 5437435.0397   0.0426 0.1044820 1.076642 3
4595566.5582 5437434.5708   0.0162 0.2912737 1.022045 3
4595566.5818 5437434.0785   0.1500 0.0469953 1.189767 3
4595566.5899 5437433.6229   0.0713 0.2751165 1.061719 3
4595566.6259 5437432.6660   0.1651 0.0391613 1.088230 3
4595568.2355 5437436.8876  29.7850 0.1419123 1.028594 1
4595568.3130 5437436.2787  30.6761 0.0824213 1.169501 1
4595568.3066 5437435.4852  30.2192 0.0855053 1.874930 2
4595568.4289 5437434.7654  31.7161 0.0554196 1.065032 1
4595568.2335 5437435.2675  29.0023 0.0655700 1.111951 2
4595568.4602 5437434.2816  31.9655 0.1259605 1.350877 0
4595568.3853 5437434.0683  30.7365 0.0335542 0.986961 1
4595568.2530 5437434.4046  28.8706 0.0456137 0.930498 2
4595568.0956 5437434.8045  26.6758 0.1151646 1.149235 3
4595568.4526 5437433.4935  31.5118 0.1779768 1.120574 0
4595568.4170 5437433.1789  30.8038 0.1470483 1.380363 1
4595568.3676 5437432.8975  29.9053 0.0594308 1.149475 1
4595568.4459 5437432.2972  30.7842 0.0441752 1.210807 1
4595567.9858 5437433.4401  24.3916 0.0793774 1.239749 2
4595568.4948 5437431.7724  31.2739 0.0451843 1.043451 1
4595568.4216 5437431.9533  30.2521 0.0197575 0.760227 3
4595566.2688 5437436.8324   0.0081 0.0870102 1.031994 3
4595566.3001 5437435.8835  -0.0036 0.0675274 0.986412 3
4595566.3160 5437435.4086  -0.0112 0.3444743 1.049774 3
4595566.4091 5437433.0069   0.2781 0.0405220 1.103169 3
4595568.3694 5437436.6230  30.8832 0.1134228 1.053797 1
4595568.1731 5437437.1462  28.1161 0.0255072 0.951390 3
4595568.3761 5437436.2021  30.7891 0.0736417 1.197189 1
4595568.3698 5437435.8163  30.5115 0.0593348 1.259808 1
4595568.4778 5437435.1291  31.8401 0.1014083 1.643601 1
4595568.4846 5437434.7094  31.7278 0.1067360 1.490611 1
4595568.4932 5437434.2854  31.6575 0.1174964 2.264109 1
4595568.3083 5437434.7650  29.0307 0.0351338 1.201300 3
4595568.4811 5437433.9137  31.3041 0.0523037 0.898723 1
4595568.4396 5437434.0207  30.7099 0.0780742 1.550853 2
4595568.3269 5437434.3113  29.0967 0.0279931 1.100708 3
4595568.5277 5437433.3916  31.7787 0.0961635 1.012608 1
4595568.4093 5437433.6952  30.0955 0.0465988 0.926174 3
4595568.2694 5437433.6482  27.9089 0.0531838 1.712158 1
4595568.4902 5437432.6831  30.8051 0.0968764 1.055355 1
4595568.4285 5437432.4346  29.7209 0.0420814 1.108650 2
4595568.0723 5437433.3325  24.7031 0.0870143 1.443089 2
4595568.2647 5437432.4410  27.1985 0.0342336 1.025825 1
4595567.6773 5437433.9132  18.8655 0.0690907 1.310444 3
4595566.3798 5437436.2964   0.0623 0.1234772 1.087262 3
4595566.4001 5437435.8117   0.1069 0.3042695 1.059145 3
4595566.4186 5437435.3326   0.1335 0.1229495 1.135853 3
4595566.4336 5437434.8611   0.1221 0.2946536 1.036139 3
4595566.4497 5437434.3876   0.1326 0.1197702 1.109088 3
4595566.4666 5437433.9125   0.1716 0.0372277 1.129070 3
4595566.4817 5437433.4425   0.1837 0.0437328 1.042408 3
4595566.5006 5437432.9625   0.2355 0.0802893 1.068423 3
4595568.1082 5437437.0242  29.9048 0.0874296 1.150285 1
4595568.1894 5437436.4028  30.8624 0.0951030 1.264148 1
4595568.2581 5437435.8164  31.6460 0.1933682 1.469417 0
4595568.1880 5437435.5993  30.4532 0.0511887 1.720090 3
4595568.2779 5437434.9590  31.5196 0.0675152 1.822263 1
4595568.1468 5437435.3041  29.6603 0.0327656 1.068213 2
4595568.3064 5437434.4818  31.7148 0.1170817 1.513319 0
4595568.3366 5437433.9998  31.9691 0.0245964 0.951542 1
4595568.2435 5437434.2424  30.6268 0.0406596 0.957211 2
4595568.1095 5437434.5911  28.7045 0.0497654 1.370267 2
4595568.0146 5437434.8382  27.3571 0.0419142 1.220869 3
4595568.3049 5437433.6804  31.3304 0.0365403 1.080534 1
4595568.2857 5437433.3263  30.8551 0.0839376 1.439940 1
4595568.2415 5437433.0362  30.0079 0.0750141 1.149068 1
4595568.2984 5437432.4870  30.5947 0.0734601 1.138061 1
4595567.8562 5437433.6123  24.3073 0.0649875 1.341101 2
4595567.7297 5437433.9343  22.4822 0.0861190 1.972147 3
4595568.4159 5437431.7862  32.0701 0.0761712 1.066219 1
4595568.3605 5437431.9264  31.2797 0.0565817 1.125348 3
4595567.8641 5437431.9513  23.5903 0.1112296 1.819149 1
4595566.2160 5437436.0490   0.0289 0.0654288 1.053615 3
4595566.2340 5437435.5697   0.0417 0.0732793 1.116806 3
4595566.2519 5437435.0906   0.0745 0.3634104 1.067485 3
4595566.2662 5437434.6208   0.0580 0.3442548 1.055224 3
4595566.3158 5437433.1972   0.1595 0.0270747 0.714636 3
4595566.3288 5437432.7305   0.1361 0.0461177 0.894313 3
4595567.9057 5437437.0082  30.5690 0.1361373 1.132634 1
4595567.8507 5437437.1571  29.7850 0.0286752 0.914280 3
4595567.9523 5437436.4794  31.0377 0.0934227 1.005169 1
4595567.8705 5437436.6995  29.8731 0.0467918 1.590482 3
4595568.0360 5437435.8528  32.0274 0.1612660 1.260478 0
4595568.0710 5437435.3567  32.3234 0.1317049 1.198851 1
4595568.0467 5437435.0195  31.7640 0.1573168 1.544055 1
4595567.6018 5437436.1978  25.4370 0.0461076 1.116695 3
4595567.9317 5437434.9209  29.9133 0.0949606 1.823275 1
4595567.8337 5437435.1789  28.5186 0.0735146 1.601174 3
4595568.0939 5437434.0919  32.0421 0.1346809 1.141356 0
4595568.1081 5437433.6524  32.0636 0.0405450 1.024272 1
4595567.8610 5437434.2959  28.4887 0.0684918 1.218657 2
4595568.1198 5437433.2200  32.0275 0.0951934 1.040572 1
4595567.9640 5437433.2197  29.5901 0.0962344 1.308835 1
4595567.6920 5437433.5119  25.4833 0.0486497 1.225689 1
4595567.3698 5437434.3367  20.8248 0.0489046 1.423631 2
4595568.1439 5437431.9518  31.7455 0.1204816 1.125702 1
4595567.7752 5437432.8905  26.4659 0.0316555 1.146858 2
4595568.0634 5437431.7543  30.3919 0.0709548 1.139655 2
4595567.8424 5437432.3136  27.2209 0.0382809 1.337804 3
4595565.9930 5437435.6911   0.0172 0.4017423 1.088511 3
4595567.3553 5437431.8885  19.4314 0.0581847 1.020426 1
4595566.0089 5437435.2170   0.0190 0.3830893 1.135831 3
4595566.0304 5437434.7300   0.1122 0.1788051 1.250890 3
4595566.0403 5437434.2705   0.0471 0.2331208 1.066487 3
4595566.0526 5437433.8058   0.0286 0.2759862 1.024288 3
4595566.0602 5437433.3535  -0.0583 0.2236494 1.102242 3
4595567.9798 5437436.6845  31.1243 0.1117701 0.985904 0
4595568.0471 5437436.0992  31.8907 0.1179573 1.624760 1
4595567.9661 5437436.3198  30.7218 0.0325112 1.359855 3
4595568.1009 5437435.5529  32.4650 0.1182419 1.165651 1
4595568.0249 5437435.7589  31.3627 0.0464302 1.634728 3
4595568.0782 5437435.2140  31.9216 0.0925563 1.193757 1
4595567.9728 5437435.0960  30.1797 0.0739770 1.756332 1
4595567.8562 5437435.4087  28.4958 0.0450016 1.461897 2
4595568.1222 5437434.2956  32.1349 0.1013127 1.195387 1
4595568.0177 5437434.5739  30.6089 0.0447106 1.445400 2
4595567.8677 5437434.9738  28.4407 0.0387690 1.265770 3
4595567.9524 5437433.9422  29.2643 0.0349584 1.215325 1
4595568.0101 5437433.3885  29.9124 0.0442891 1.416155 1
4595567.3788 5437435.0433  20.7004 0.1964955 1.086172 3
4595567.7919 5437433.5539  26.5229 0.0720743 1.236617 1
4595568.1738 5437432.1581  31.8489 0.1621761 1.215707 0
4595568.0881 5437431.9784  30.3973 0.0435944 1.273810 3
4595566.0348 5437436.4039   0.0900 0.1324696 1.049229 3
4595566.0511 5437435.9297   0.0768 0.0736913 1.121545 3
4595566.0692 5437435.4510   0.0926 0.2652956 1.074079 3
4595566.0861 5437434.9758   0.1153 0.3694985 1.086230 3
4595566.1001 5437434.5078   0.0955 0.1035285 0.998120 3
4595566.1122 5437434.0449   0.0677 0.0777019 1.121429 3
4595566.1242 5437433.5823   0.0385 0.0450211 0.999569 3
4595566.1493 5437433.0878   0.1990 0.0435963 1.014550 3
4595567.8888 5437437.1397  30.5781 0.0716618 0.991291 1
4595567.9433 5437436.5870  31.1727 0.1173072 1.014391 1
4595567.8569 5437436.8263  29.9084 0.0372686 1.107265 3
4595568.0030 5437436.0213  31.8356 0.1538507 1.446676 1
4595567.9836 5437435.6739  31.3422 0.0603749 1.270715 3
4595568.0418 5437435.1142  31.9753 0.0935310 1.429843 1
4595567.9459 5437434.9746  30.3513 0.0539586 1.293393 1
4595568.0933 5437434.1744  32.3116 0.0775343 1.125110 1
4595568.0614 5437434.2605  31.8371 0.0519495 1.722877 3
4595567.7889 5437434.5913  27.6058 0.0638633 1.075260 1
4595567.9794 5437433.2757  30.0256 0.0845986 1.275260 1
4595567.7485 5437433.4825  26.4131 0.0882386 1.159815 1
4595567.6369 5437433.7768  24.7538 0.0928553 1.342536 3
4595568.1297 5437432.0769  31.7957 0.0922047 1.125613 1
4595567.8333 5437432.8535  27.4402 0.0431794 1.170412 3
4595568.0459 5437431.8945  30.3551 0.0517164 1.055901 2
4595567.9396 5437432.1715  28.7889 0.0309903 1.239770 3
4595566.0184 5437436.3132   0.0484 0.0755676 1.149161 3
4595566.0380 5437435.8290   0.0851 0.0499286 1.156903 3
4595567.3552 5437432.0430  19.3380 0.0577486 1.153100 1
4595566.0524 5437435.3596   0.0522 0.3280712 1.061970 3
4595566.0711 5437434.8799   0.1035 0.4872122 1.112852 0
4595566.0864 5437434.4085   0.1063 0.1047202 1.103060 3
4595567.6701 5437436.3266  31.1655 0.1702788 1.373386 0
4595567.7498 5437435.7051  32.1133 0.1109839 1.578005 1
4595567.6633 5437435.9434  30.8484 0.0231276 0.898731 3
4595567.7838 5437435.2109  32.3934 0.0568892 1.614940 1
4595567.4249 5437436.1948  27.1453 0.0768781 1.052117 2
4595567.3688 5437436.3486  26.3263 0.0352297 1.219300 3
4595567.7939 5437434.7832  32.3188 0.0746807 0.946389 0
4595567.6928 5437434.6561  30.6149 0.0639334 0.975794 0
4595567.8156 5437433.9228  32.2394 0.0355129 1.071714 1
4595567.5928 5437434.5233  28.9246 0.1032934 1.593155 2
4595567.8149 5437433.5240  32.0392 0.0997492 1.195092 0
4595567.2725 5437434.5694  23.7780 0.0582249 1.201258 1
4595567.7808 5437432.8126  31.1071 0.0483700 1.348984 1
4595567.5605 5437433.3966  27.8566 0.0358975 1.047424 2
4595567.2428 5437434.2387  23.1359 0.0596200 1.294376 3
4595567.8342 5437432.2701  31.6848 0.0513733 0.935759 1
4595567.8448 5437431.8418  31.6391 0.1103996 1.630030 0
4595567.6907 5437431.8420  29.1575 0.0424374 1.078342 2
4595565.7885 5437435.0666   0.0978 0.1220496 1.067925 3
4595565.8029 5437434.5965   0.0937 0.6178722 1.059679 0
4595565.8140 5437434.1352   0.0553 0.6227685 1.069598 0
4595565.8237 5437433.6772   0.0007 0.1226720 1.061365 3
4595565.8382 5437433.2084   0.0208 0.0494650 1.015303 3
4595565.8528 5437432.3048  -0.1470 0.0379575 0.961096 3
4595567.4613 5437436.9590  30.2156 0.1199713 1.225543 1
4595567.6365 5437436.0676  32.5877 0.0636189 1.023885 1
4595567.5410 5437436.3345  31.1854 0.0794986 1.114437 2
4595567.6425 5437435.6518  32.4535 0.1440802 1.554424 0
4595567.6832 5437435.1398  32.8303 0.1459143 1.114975 1
4595567.6407 5437435.2574  32.2026 0.0400567 1.845001 3
4595567.6424 5437434.8533  32.0014 0.1085446 1.843908 1
4595567.4810 5437435.2974  29.6172 0.0326984 1.038631 3
4595567.6775 5437434.3582  32.3050 0.0773860 1.276627 1
4595567.5644 5437434.6676  30.6215 0.0622507 2.348786 2
4595567.4413 5437435.0045  28.8026 0.0465956 1.911283 3
4595567.5717 5437434.2461  30.5201 0.1130390 1.235047 1
4595567.1629 5437435.3586  24.4586 0.0445900 1.115892 3
4595567.6681 5437433.5840  31.7733 0.0531682 1.372185 1
4595567.1802 5437434.9045  24.4849 0.0331646 1.071243 3
4595567.7468 5437432.9728  32.7334 0.0403217 1.136274 0
4595567.7330 5437432.6108  32.3111 0.0981496 1.207513 1
4595567.6523 5437432.8270  31.1105 0.0289322 1.001173 3
4595567.7468 5437432.1741  32.3069 0.0985150 1.007082 0
4595567.7339 5437431.8093  31.9097 0.1501473 1.196769 0
4595565.6329 5437436.5047   0.1284 0.0362844 0.949130 3
4595565.6502 5437436.0267   0.1331 0.0525988 1.183944 3
4595565.6636 5437435.5598   0.0804 0.0739364 1.111583 3
4595565.6808 5437435.0840   0.1153 0.1430198 1.094727 3
4595565.6954 5437434.6144   0.1144 0.3020658 1.079171 3
4595565.7055 5437434.1559   0.0580 0.5344225 1.090528 0
4595565.7137 5437433.7028  -0.0209 0.2446255 1.079234 3
4595565.7216 5437433.2510  -0.0984 0.0771505 1.152404 3
4595567.4665 5437437.0131  30.7239 0.1534520 1.330946 0
4595567.5211 5437436.4577  31.3356 0.1421544 1.023095 1
4595567.6056 5437435.8200  32.3646 0.1543081 1.204143 0
4595567.6582 5437435.2728  32.9231 0.1316807 1.662969 0
4595567.5926 5437435.0579  31.7125 0.1021382 1.074776 1
4595566.8679 5437437.0828  20.8506 0.0325484 0.970962 3
4595567.6672 5437434.4514  32.6030 0.0905938 1.292346 1
4595567.5559 5437434.7607  30.9311 0.0816373 1.854119 2
4595567.4694 5437435.0011  29.6364 0.0359193 1.264340 3
