    X-Koord.     Y-Koord. Z-Koord.      Int.   Pulsb. W
4595539.8234 5437451.4040  -0.0123 0.4557263 1.067646 3
4595539.8441 5437450.8812  -0.1130 0.5844228 1.058409 3
4595539.8706 5437450.3783  -0.1271 0.7047084 1.074866 0
4595539.9011 5437449.8893  -0.0591 0.6187057 1.068059 0
4595539.9666 5437449.5240   0.4841 0.2114998 1.338794 0
4595539.9668 5437448.9270   0.1010 0.4697512 1.566365 0
4595539.9884 5437448.4052   0.0020 0.1434713 0.988572 3
4595538.9676 5437450.8295   0.0291 0.1543702 1.166000 3
4595539.0536 5437450.5322   0.8026 0.1865967 0.966854 1
4595538.9959 5437450.3324   0.0240 0.4193596 1.099102 3
4595539.0254 5437449.8394   0.0444 0.4091504 1.162615 0
4595539.0481 5437449.3223  -0.0234 0.5934707 1.051841 0
4595539.0732 5437448.8137  -0.0536 0.6033173 1.057983 0
4595539.1003 5437448.3101  -0.0785 0.7498154 1.039986 0
4595539.1353 5437447.8349  -0.0303 0.4374296 1.051769 0
4595539.1763 5437447.3807   0.0983 0.1331462 1.072059 3
4595539.2173 5437446.9283   0.2200 0.0501375 1.051577 3
4595538.1424 5437449.4543  -0.0227 0.1737961 1.064253 3
4595538.1687 5437448.9481  -0.0419 0.6972428 1.047137 0
4595538.1956 5437448.4442  -0.0569 0.7139710 1.058699 0
4595538.2313 5437447.9710   0.0120 0.3744285 1.117696 0
4595539.4083 5437451.5126  15.4188 0.0413147 1.061503 1
4595538.2623 5437447.4810   0.0134 0.4616000 1.063234 3
4595539.3765 5437450.8226  14.6310 0.0454030 1.000045 1
4595539.6436 5437451.1907  17.8318 0.0472021 0.899072 1
4595539.5792 5437450.9619  16.9731 0.0639802 1.065635 2
4595539.6023 5437450.4658  16.9205 0.0510554 1.023807 1
4595539.6884 5437450.1964  17.7212 0.0301674 1.137414 1
4595539.6395 5437450.0207  17.0732 0.0575075 1.100918 2
4595539.2275 5437449.8648  23.6122 0.1720802 1.065159 1
4595539.4243 5437450.0039  25.8630 0.1026497 1.055225 1
4595539.2486 5437449.3680  23.5443 0.0499140 0.971853 2
4595539.7500 5437450.6187  29.8000 0.1171901 0.954097 1
4595539.3021 5437448.9896  23.9070 0.0385020 1.030953 2
4595539.3212 5437448.4871  23.8142 0.1564763 1.093253 1
4595539.6969 5437449.2921  28.4467 0.1410742 1.122146 1
4595539.4338 5437448.3253  24.9399 0.0420547 1.287295 2
4595539.8121 5437449.1496  29.6305 0.0657603 0.928485 1
4595539.7277 5437448.8380  28.5078 0.1597307 1.127113 2
4595539.9039 5437448.9217  30.5021 0.2128440 1.121632 0
4595539.9212 5437448.4185  30.3723 0.1805068 1.040628 1
4595539.8367 5437448.1032  29.2201 0.0515580 1.338010 3
4595539.6643 5437446.8877  26.4342 0.0458706 1.350260 1
4595539.5767 5437446.5591  25.2195 0.0787340 1.003281 2
4595539.5166 5437446.3337  24.3890 0.0662341 1.381606 2
4595539.7214 5437446.5269  26.7936 0.0629846 1.134113 1
4595538.3260 5437449.3253  23.7395 0.1453159 1.058127 1
4595538.4340 5437448.5691  24.4668 0.1031371 1.113679 1
4595538.4754 5437448.1463  24.6277 0.1275182 1.096773 1
4595538.2575 5437447.6094   0.0124 0.8068738 1.048978 0
4595538.1886 5437448.0378  -0.0257 0.6001614 1.089794 0
4595538.1193 5437448.4673  -0.0152 0.7342770 1.064209 0
4595538.0492 5437448.9004   0.0331 0.6551463 1.051296 0
4595537.9798 5437449.3306   0.0195 0.6825376 1.088502 0
4595538.2803 5437447.4661  24.6778 0.0902847 1.044375 1
4595538.2154 5437447.8692  24.6540 0.1139686 1.098343 1
4595538.3750 5437447.3854   0.0034 0.8328644 1.051200 0
4595538.3061 5437447.8132  -0.0242 0.4889551 1.070714 0
4595538.0262 5437449.0571  23.8804 0.0424278 1.045300 1
4595538.2367 5437448.2430  -0.0180 0.4359803 1.054037 3
4595538.1672 5437448.6737  -0.0028 0.7404970 1.061649 0
4595538.0973 5437449.1056   0.0090 0.5547411 1.052301 0
4595538.0278 5437449.5361   0.0088 0.7349148 1.041833 0
4595538.3724 5437447.2753  24.7216 0.0251019 0.908430 1
4595538.3080 5437447.6761  24.6389 0.1281625 1.077758 1
4595538.2433 5437448.0783  24.5857 0.1761696 1.065146 1
4595538.4562 5437447.1807   0.0572 0.2643700 1.064004 3
4595538.3875 5437447.6075   0.0098 0.7237415 1.047359 0
4595538.1180 5437448.8662  23.9547 0.0998660 0.963254 1
4595538.3183 5437448.0373  -0.0029 0.4068301 1.083997 3
4595538.0522 5437449.2731  23.9810 0.0290972 1.000294 1
4595538.2491 5437448.4666  -0.0105 0.5967736 1.042042 3
4595538.1794 5437448.8976   0.0168 0.7019383 1.040675 0
4595538.1095 5437449.3298   0.0634 0.5131656 1.070458 0
4595538.5563 5437447.9534  24.5939 0.1376328 1.042086 1
4595538.7718 5437447.0480   0.1023 0.2202955 1.107586 3
4595538.4924 5437448.3536  24.4707 0.1093423 1.019972 1
4595538.7034 5437447.4750   0.0239 0.5372707 1.049860 3
4595538.4300 5437448.7472  24.1410 0.1426571 1.062486 1
4595538.6348 5437447.9029  -0.0156 0.2270066 1.050954 3
4595538.3675 5437449.1414  23.7897 0.2018176 1.079264 1
4595538.5651 5437448.3350   0.0628 0.1469022 1.044932 3
4595538.4962 5437448.7639   0.0400 0.5316244 1.049209 0
4595538.4271 5437449.1936   0.0009 0.5608510 1.061784 0
4595538.3577 5437449.6249   0.0027 0.5907918 1.050305 0
4595538.9299 5437446.9668  25.9426 0.1160413 1.054007 1
4595538.8161 5437447.7053  24.1628 0.1646937 1.152546 1
4595539.0262 5437446.8042   0.2050 0.1425801 1.102260 3
4595538.7499 5437448.1147  24.3030 0.1222414 1.169355 1
4595538.9585 5437447.2279   0.0665 0.4237275 1.063033 3
4595538.6857 5437448.5157  24.2104 0.1468795 1.038193 1
4595538.8897 5437447.6564   0.0521 0.2442321 1.126020 3
4595538.6239 5437448.9065  23.7908 0.0883681 1.085098 1
4595538.8213 5437448.0830  -0.0040 0.4219005 1.049954 3
4595538.5590 5437449.3109  23.7121 0.1425425 1.065416 1
4595538.7513 5437448.5164   0.0963 0.2449399 1.062870 3
4595538.6823 5437448.9459   0.0529 0.4591007 1.051619 0
4595538.6131 5437449.3758   0.0452 0.6197684 1.064097 0
4595538.5435 5437449.8073   0.0590 0.7105592 1.053270 0
4595538.4738 5437450.2394   0.1283 0.4702134 1.060788 0
4595539.0470 5437446.8242  25.9413 0.1344763 1.079094 1
4595538.9324 5437447.5618  24.1837 0.0362422 0.883380 1
4595539.1336 5437446.6495   0.1956 0.5589951 1.089598 3
4595538.8681 5437447.9628  24.0939 0.2007831 1.273355 1
4595539.0659 5437447.0729   0.0554 0.2220112 1.016162 3
4595538.8023 5437448.3710  24.1980 0.1293495 1.100216 1
4595538.9972 5437447.5005   0.0191 0.1339191 1.066900 3
4595538.7402 5437448.7622  23.7941 0.2066886 1.100558 1
4595538.9286 5437447.9281  -0.0281 0.2279249 1.084137 3
4595538.6754 5437449.1660  23.7169 0.1211284 1.093333 1
4595538.8586 5437448.3617   0.0974 0.2750498 1.022186 3
4595538.7896 5437448.7904   0.0658 0.4910605 1.054695 0
4595538.7203 5437449.2212   0.0417 0.5435101 1.069420 0
4595538.6509 5437449.6517   0.0615 0.7527679 1.049933 0
4595538.5813 5437450.0833   0.1120 0.6129682 1.054055 0
4595539.3733 5437446.3066  25.3746 0.0345668 0.911403 1
4595539.3821 5437446.2657  24.3875 0.0883481 1.735036 2
4595539.3040 5437446.7318  25.9373 0.1672389 1.132125 1
4595539.3147 5437446.6819  24.7010 0.0812690 1.216646 2
4595539.2543 5437447.0661  24.2164 0.1217494 1.033374 1
4595539.3903 5437446.5507   0.2233 0.4031575 1.113875 0
4595539.3220 5437446.9776   0.1826 0.3605670 1.131114 0
4595539.0224 5437448.4480  28.9032 0.2496565 1.071897 1
4595539.2549 5437447.3990   0.0053 0.0406769 1.158138 3
4595538.9962 5437448.6782  24.0813 0.1070321 1.080898 1
4595539.1861 5437447.8283   0.0085 0.2798931 1.036657 3
4595538.8945 5437449.2466  28.7838 0.0377918 1.031267 1
4595538.9299 5437449.0896  24.2154 0.1472903 1.398883 2
4595539.1173 5437448.2578  -0.0082 0.1189096 1.072887 3
4595538.8683 5437449.4798  23.7461 0.1001107 1.069531 1
4595539.0477 5437448.6903   0.0671 0.3393716 1.037836 3
4595538.8161 5437449.8292  21.9926 0.1019492 1.079584 1
4595538.9786 5437449.1212   0.0651 0.2165290 1.034268 3
4595538.9092 5437449.5526   0.0862 0.6929545 1.072731 0
4595538.8400 5437449.9833   0.1235 0.5049867 1.089105 0
4595538.7706 5437450.4154   0.1642 0.5549916 1.063364 0
4595539.6293 5437446.4867  26.5258 0.1134521 1.012334 1
4595539.6406 5437446.4343  25.2523 0.0626204 1.332924 3
4595539.5709 5437446.8611  25.8766 0.1854365 1.121887 1
4595539.6087 5437446.6869  21.5331 0.0282724 0.989396 3
4595539.4762 5437447.4023  29.4281 0.1454876 1.093248 1
4595539.5058 5437447.2666  25.9555 0.0215467 0.975668 3
4595539.4119 5437447.8032  29.4897 0.0793514 1.092264 1
4595539.4442 5437447.6561  25.6275 0.1206070 1.096897 2
4595539.6576 5437446.6861   0.1334 0.0696180 1.052926 3
4595539.3542 5437448.1737  28.7487 0.0985465 1.044920 1
4595539.3860 5437448.0305  24.8854 0.0650613 1.131383 2
4595539.5893 5437447.1128   0.1094 0.1728760 1.023210 3
4595539.2905 5437448.5720  28.7078 0.1110079 1.066580 1
4595539.3223 5437448.4298  24.7708 0.0211374 0.839047 2
4595539.5208 5437447.5411   0.1066 0.1003208 1.048709 3
4595539.2266 5437448.9714  28.6564 0.0337490 1.026219 1
4595539.2654 5437448.7989  23.7480 0.0830329 1.048326 2
4595539.4527 5437447.9672   0.0220 0.2151944 1.052346 3
4595539.2005 5437449.2045  23.7135 0.1332769 1.009021 1
4595539.3839 5437448.3971   0.0262 0.3625117 1.063995 3
4595539.1180 5437449.6860  25.9949 0.0310550 1.046131 1
4595539.1360 5437449.6077  23.6272 0.1275482 1.055443 2
4595539.1476 5437449.5573  22.1005 0.1015793 1.043789 2
4595539.3148 5437448.8278   0.0388 0.1004937 0.996217 3
4595539.0833 5437449.9602  21.9539 0.0343313 1.018765 1
4595539.2455 5437449.2592   0.0612 0.5309315 1.044516 3
4595539.1762 5437449.6908   0.0997 0.4879887 1.063510 0
4595539.1067 5437450.1231   0.1664 0.4105554 1.279858 0
4595539.0384 5437450.5506   0.0828 0.6663164 1.082465 0
4595538.9696 5437450.9797   0.0864 0.5970028 1.076770 0
4595539.7539 5437446.4835  26.5198 0.1568579 1.045281 1
4595539.7636 5437446.4366  25.3805 0.0676071 1.074935 2
4595539.7709 5437446.4012  24.5209 0.0243067 1.113811 3
4595539.6831 5437446.9161  27.2996 0.1102449 1.023227 1
4595539.6939 5437446.8641  26.0054 0.0593824 1.372411 3
4595539.6033 5437447.3919  29.2137 0.1040007 1.162821 1
4595539.6296 5437447.2658  25.9917 0.0371036 1.149409 3
4595539.5265 5437447.8518  30.8290 0.1613808 1.013358 0
4595539.4796 5437448.1696  28.6706 0.1373663 1.078545 1
4595539.5093 5437448.0291  24.8843 0.0817790 1.109833 2
4595539.7045 5437447.1058   0.0082 0.0309792 0.946830 3
4595539.4149 5437448.5724  28.7516 0.1519395 1.094518 1
4595539.6352 5437447.5372   0.0883 0.0877045 1.095944 3
4595539.3522 5437448.9656  28.5464 0.1283015 1.011657 1
4595539.3880 5437448.7983  23.7956 0.0461939 1.371231 2
4595539.5669 5437447.9638   0.0371 0.2855546 1.035379 3
4595539.3234 5437449.2018  23.7015 0.1407755 1.198130 1
4595539.4980 5437448.3937   0.0419 0.3413732 1.049290 3
4595539.2415 5437449.6851  26.0259 0.0679042 1.035072 1
4595539.2584 5437449.6074  23.6810 0.1168155 1.042065 2
4595539.4288 5437448.8248   0.0640 0.0951520 1.018269 3
4595539.3598 5437449.2545   0.0366 0.5695972 1.062247 0
4595539.2901 5437449.6879   0.1269 0.3318066 1.092294 0
4595539.2203 5437450.1213   0.2291 0.6131910 1.614521 0
4595539.1518 5437450.5490   0.1470 0.6127319 1.132424 0
4595539.0835 5437450.9757   0.0623 0.7547663 1.057434 0
4595539.9191 5437446.3285  27.0892 0.0628540 1.334563 1
4595539.9339 5437446.2535  25.2915 0.0594610 0.958214 2
4595539.8557 5437446.7258  27.0078 0.2072139 1.341243 0
4595539.8005 5437447.0824  25.8896 0.1355854 1.051167 1
4595539.8142 5437447.0141  24.1672 0.0499274 1.068654 2
4595539.8226 5437446.9719  23.1017 0.0537626 1.110242 2
4595539.7113 5437447.6092  29.1140 0.1624398 1.052955 1
4595539.7348 5437447.4922  26.0923 0.0485567 1.150484 3
4595539.6367 5437448.0616  30.5449 0.1404537 1.067321 1
4595539.6494 5437447.9986  28.8711 0.0313923 1.241668 2
4595539.6721 5437447.8863  25.8898 0.0262255 1.168468 3
4595539.5747 5437448.4518  30.3192 0.1958815 1.150512 1
4595539.5877 5437448.3878  28.5718 0.0359639 0.984288 2
4595539.6159 5437448.2491  24.7852 0.0246933 1.038135 3
4595539.5144 5437448.8338  29.8329 0.1954635 1.028560 0
4595539.4941 5437449.0211  23.7193 0.1265483 1.062059 1
4595539.6629 5437448.2007   0.0429 0.4094593 1.036760 3
4595539.4117 5437449.5116  26.2040 0.0895812 1.070235 1
4595539.4288 5437449.4291  23.7550 0.0810441 1.221684 2
4595539.5943 5437448.6300   0.0136 0.0860644 1.096373 3
4595539.3488 5437449.9069  25.9661 0.0606077 1.102926 1
4595539.3756 5437449.7784  22.0256 0.0724923 1.070318 2
4595539.5254 5437449.0605   0.0244 0.0614734 1.092865 3
4595539.3384 5437450.0531  17.7867 0.0759797 1.191420 1
4595539.3435 5437450.0288  17.0159 0.0302850 0.894030 2
4595539.4564 5437449.4917   0.0136 0.2884450 1.042507 3
4595539.2770 5437450.4436  17.0763 0.0614516 1.142178 1
4595539.2932 5437450.3672  14.5740 0.0441320 1.519711 2
4595539.3868 5437449.9256   0.1187 0.2528445 1.264739 3
4595539.3185 5437450.3532   0.0475 0.7925084 1.049640 0
4595539.2496 5437450.7838   0.0323 0.4690736 1.074369 0
4595539.1808 5437451.2138   0.0332 0.7511566 1.054905 0
4595539.9628 5437447.8740  28.7242 0.1734208 1.118535 1
4595539.9866 5437447.7568  25.6468 0.0247787 0.943835 3
4595539.8891 5437448.3224  30.0401 0.2204969 1.121145 1
4595539.9277 5437448.1337  24.9424 0.0211578 0.945227 3
4595539.8639 5437448.5346  24.8640 0.0305945 0.946048 3
4595539.7691 5437449.0855  29.0286 0.0485880 1.383533 3
4595539.7263 5437449.3846  26.0643 0.0876504 1.036722 1
4595539.7467 5437449.2866  23.1847 0.0686868 1.303533 2
4595539.9108 5437448.4993   0.0448 0.1771272 0.979622 3
4595539.6518 5437449.8364  27.4897 0.0355758 0.938484 1
4595539.6619 5437449.7881  26.0291 0.0559095 1.066654 2
4595539.6885 5437449.6616  22.1994 0.0384516 1.087366 3
4595539.5715 5437450.3148  29.8661 0.1492361 1.080719 1
4595539.5878 5437450.2375  27.4506 0.0325981 1.682690 2
4595539.5979 5437450.1900  25.9648 0.0351559 1.154091 3
4595539.5675 5437450.4343  20.8079 0.0287113 0.921104 1
4595539.5924 5437450.3173  17.0246 0.0981846 1.014967 2
4595539.7047 5437449.7910   0.0162 0.1071139 1.026714 3
4595539.5209 5437450.7564  17.9296 0.0224726 0.802157 1
4595539.5268 5437450.7290  17.0099 0.0589240 1.154174 2
4595539.6356 5437450.2232   0.0844 0.1371039 1.197503 3
4595539.5673 5437450.6517  -0.0029 0.4810549 1.023305 0
4595539.4983 5437451.0834   0.0526 0.6396936 1.046084 0
4595539.4297 5437451.5135   0.0557 0.7225727 1.056468 0
4595539.9550 5437449.5492  27.4064 0.0214944 0.916516 1
4595539.9641 5437449.5054  26.1143 0.1539383 1.090078 2
4595539.8909 5437449.9511  27.3566 0.1812399 1.029430 1
4595539.8997 5437449.9091  26.0759 0.0412422 1.335012 3
4595539.8111 5437450.4269  29.6802 0.1613593 1.104185 1
4595539.7482 5437450.8223  29.5262 0.1116682 1.031929 1
4595539.9414 5437449.9135  -0.0742 0.0330416 0.939101 3
4595539.7589 5437450.8743  17.8011 0.0583079 0.997209 1
4595539.7801 5437450.7757  14.4722 0.0322451 1.055695 2
4595539.8723 5437450.3456  -0.0352 0.1795618 1.075781 3
4595539.8034 5437450.7765   0.0101 0.5445885 1.044340 0
4595539.7343 5437451.2087   0.0743 0.5263728 1.039766 0
4595539.6658 5437451.6379   0.0640 0.8881486 1.042602 0
4595539.9868 5437450.4161  29.6364 0.1395777 1.050868 1
4595539.9245 5437450.8089  29.4156 0.0886246 1.281456 1
4595539.9216 5437450.9131  19.4780 0.0232593 0.858320 1
4595539.9320 5437450.8623  17.7702 0.0826382 0.983299 2
4595539.9383 5437450.8317  16.7387 0.0493131 1.655890 2
4595539.9723 5437450.7635  -0.0245 0.5932303 1.048179 0
4595539.9033 5437451.1954   0.0728 0.5513604 1.070582 0
4595539.8348 5437451.6250   0.0463 0.8530917 1.042222 0
4595539.9609 5437451.0300  -0.0319 0.0898178 1.051699 3
4595539.4045 5437450.1419   0.2210 0.1587581 1.642239 3
4595539.4048 5437449.7055   0.0593 0.0821962 1.061287 3
4595539.4115 5437449.2504  -0.0118 0.0852725 0.991733 3
4595539.4230 5437448.7822  -0.0157 0.1059509 1.066240 3
4595539.4339 5437448.3146  -0.0502 0.0449238 1.159521 3
4595539.5202 5437446.3278   0.2448 0.0901402 1.401809 3
4595539.1467 5437451.2127   0.0544 0.0493604 1.149311 3
4595539.2142 5437450.5790   0.8261 0.0542965 1.127338 2
4595539.1614 5437450.7343   0.0796 0.0879610 1.153874 3
4595539.1846 5437449.7964   0.0571 0.1412353 1.041310 3
4595539.1970 5437449.3252   0.0623 0.0922165 1.096941 3
4595539.2084 5437448.8569   0.0565 0.0437290 1.062878 3
4595539.2191 5437448.3910   0.0272 0.1139507 1.050517 3
4595538.7516 5437450.7885   0.1224 0.1887372 1.052842 3
4595538.7635 5437450.3184   0.1010 0.1792733 1.092958 3
4595538.7732 5437449.8540   0.0546 0.6382398 1.063305 0
4595538.7856 5437449.3827   0.0510 0.1497570 1.004882 3
4595538.7988 5437448.9099   0.0713 0.0640131 1.046270 3
4595538.8102 5437448.4412   0.0571 0.1179889 1.024706 3
4595538.8179 5437447.9835  -0.0552 0.2746980 1.026002 3
4595539.9695 5437450.4017  27.5225 0.0515823 1.251827 2
4595539.9651 5437450.0070  27.3267 0.0359708 1.183606 2
4595539.8677 5437450.3066  25.9410 0.0545363 1.084528 2
4595539.8432 5437449.1521  25.1500 0.0514290 1.053259 1
4595539.7517 5437449.4297  23.8613 0.0145715 0.726590 3
4595539.9211 5437448.0955  25.8789 0.0240750 0.966237 2
4595539.8535 5437448.2988  24.9443 0.0244736 0.988910 3
4595539.9406 5437447.6279  25.9492 0.1093039 1.184096 1
4595539.7333 5437448.2482  23.0829 0.1177569 1.739770 2
4595539.9523 5437447.1824  25.8964 0.0442003 1.832054 2
4595539.8331 5437447.5374  24.2604 0.0306108 1.149477 3
4595539.9266 5437446.4390  25.1057 0.0508100 1.531110 2
4595539.8322 5437446.7174  23.8096 0.0556792 1.493088 2
4595538.1787 5437449.8548  -0.0361 0.4596783 1.021977 0
4595538.1941 5437449.3740  -0.0042 0.0730170 1.041134 3
4595538.2048 5437448.9075  -0.0251 0.0815891 1.006136 3
4595538.2162 5437448.4389  -0.0402 0.2188093 1.064071 3
4595538.2288 5437447.9671  -0.0725 0.0300961 0.893450 3
4595538.2585 5437447.4469   0.1323 0.1954841 1.175187 3
4595539.8248 5437450.9138  29.5113 0.1414734 1.135250 1
4595539.8110 5437450.5520  29.1492 0.1321129 1.049350 1
4595539.6979 5437450.4979  27.3955 0.1229951 1.034093 1
4595539.8945 5437449.4833  30.0511 0.1495217 1.281919 1
4595539.9188 5437449.0049  30.2233 0.1716012 1.251809 0
4595539.9202 5437448.5954  30.0733 0.2187652 1.116398 0
4595539.8533 5437448.3950  28.9521 0.1235286 1.055733 1
4595539.4859 5437449.5155  23.7635 0.0382522 1.113197 2
4595539.8785 5437447.9132  29.0977 0.1576367 1.214445 1
4595539.7384 5437448.3383  27.1567 0.0287351 1.150603 3
4595539.6516 5437448.1932  25.7484 0.1130927 1.017585 1
4595539.5955 5437448.3628  24.9714 0.0723555 1.436880 2
4595539.6828 5437447.6912  25.9749 0.0360110 1.062461 1
4595539.7664 5437447.0317  26.9089 0.2469500 1.195635 0
4595539.7958 5437446.5373  27.0906 0.1881653 1.589450 1
4595537.9458 5437449.4459   0.0224 0.1789293 1.030820 3
4595537.9575 5437448.9777   0.0054 0.1423182 1.033376 3
4595539.6148 5437450.7362  29.6651 0.1066280 1.107676 1
4595539.4876 5437450.3232  27.5342 0.0334265 0.998503 1
4595539.6968 5437449.2674  30.3565 0.1968495 1.291839 1
4595539.6930 5437448.8761  30.1336 0.1998114 1.353107 1
4595539.7278 5437448.3641  30.4468 0.2115813 1.083387 0
4595539.2671 5437449.3708  23.7368 0.0668377 1.215252 2
4595539.3727 5437448.6392  25.0767 0.0575672 1.078087 1
4595539.2767 5437448.9319  23.7072 0.0707784 1.169033 2
4595539.4747 5437447.9207  26.2999 0.0503262 0.837224 1
4595539.4367 5437448.0360  25.7708 0.1434949 2.230899 2
4595539.2862 5437448.4924  23.6760 0.0351703 1.232290 3
4595539.5581 5437447.2602  27.2417 0.1875513 1.099528 1
4595539.4676 5437447.5336  25.9891 0.0910725 1.178773 2
4595539.5384 5437446.9132  26.7424 0.0368539 1.118640 1
4595539.4821 5437447.0823  25.9645 0.1549434 1.115777 2
4595539.3556 5437447.4626  24.2162 0.0466890 1.226756 3
4595539.5616 5437446.4358  26.8367 0.1106126 1.185530 1
4595539.1714 5437448.9586  29.8667 0.0446258 0.970282 1
4595539.0882 5437449.2148  28.6859 0.0677401 1.162560 2
4595539.1003 5437448.7711  28.6979 0.0923542 1.038381 1
4595538.7420 5437449.8686  23.6238 0.0961337 1.093363 2
4595539.1302 5437448.2732  28.9365 0.0344867 1.275959 1
4595538.7573 5437449.4103  23.6674 0.1225731 1.071097 2
4595538.7997 5437448.8699  24.1099 0.1350392 1.481752 1
4595538.8224 5437448.3903  24.2584 0.0660367 1.015084 1
4595538.8177 5437447.9943  23.9838 0.1178620 1.849436 1
4595538.9758 5437447.1101  25.9615 0.1604893 1.077392 1
4595538.3975 5437449.2633  23.7269 0.1783420 1.054806 1
4595538.4640 5437448.6511  24.5090 0.1342730 1.048783 1
4595538.4846 5437448.1792  24.6019 0.1097883 1.058670 1
4595538.1726 5437449.3299  23.7941 0.1035169 1.095783 1
4595538.2564 5437448.2553  24.6275 0.1123579 1.075610 1
4595538.2768 5437447.7846  24.7064 0.1366749 1.025460 1
4595543.7955 5437450.4185  -0.0545 0.8899753 1.056979 0
4595543.8296 5437449.9468   0.0840 0.8362109 1.077792 0
4595543.8554 5437449.4415   0.0950 0.5243903 1.060340 0
4595543.8777 5437448.9231   0.0204 0.6454206 1.055858 0
4595543.9065 5437448.4303   0.0381 0.5287482 1.076777 0
4595542.8088 5437450.7453   0.1271 0.2153740 1.141471 3
4595543.1611 5437450.8573   4.4154 0.3955469 1.246325 0
4595542.8780 5437449.2005   0.0395 0.6716113 1.095625 0
4595542.9183 5437448.7494   0.2366 0.5643469 1.302065 3
4595542.9623 5437447.7084   0.0449 0.4294213 1.053447 3
4595543.0012 5437447.2515   0.1707 0.1009060 1.192376 3
4595543.0244 5437446.7350   0.0518 0.1685678 1.053370 3
4595541.8697 5437450.8981  -0.0483 0.6257063 1.041929 0
4595541.8973 5437450.4000  -0.0482 0.4799750 1.097976 3
4595541.9236 5437449.8965  -0.0234 0.1387080 1.061050 3
4595541.9567 5437449.4184   0.0908 0.5088560 1.047159 0
4595541.9850 5437448.9204   0.1088 0.4390399 1.070255 3
4595542.8428 5437450.9240  11.3907 0.0730770 1.210887 3
4595542.1324 5437446.4544   0.0526 0.0774973 1.142924 3
4595544.2455 5437449.9283  27.3629 0.0435250 1.169054 2
4595540.8376 5437451.3396  -0.0712 0.2483287 1.044279 0
4595540.8626 5437450.8318  -0.1165 0.0360641 0.947497 3
4595540.8868 5437450.3209  -0.1501 0.1137018 0.998450 3
4595540.9232 5437449.8523   0.0216 0.4807283 1.096119 0
4595540.9497 5437449.3489   0.0388 0.4313446 1.040605 0
4595540.9728 5437448.8323  -0.0386 0.3464647 1.070281 3
4595541.0032 5437448.3424  -0.0197 0.3232600 1.016487 3
4595541.0328 5437447.8490  -0.0310 0.1603536 1.022074 3
4595543.2033 5437450.7264  26.9058 0.0337770 0.863122 1
4595543.1578 5437450.5510  26.2542 0.0716642 1.209682 2
4595543.0863 5437450.2756  25.2675 0.0695122 1.225262 2
4595542.9883 5437449.8986  23.9283 0.0340551 1.258373 3
4595543.4498 5437450.5376  29.6345 0.1263216 1.051493 1
4595543.3509 5437450.1529  28.2722 0.0523819 1.534980 3
4595543.5010 5437450.1666  30.0203 0.1824170 1.882029 1
4595543.2226 5437448.5007  25.8079 0.0283616 0.939667 1
4595543.1637 5437448.2691  24.9688 0.0453209 0.925465 2
4595543.5821 5437449.3427  30.5034 0.1531113 1.182667 1
4595543.5266 5437449.1233  29.7173 0.0425755 1.021565 3
4595543.6099 5437448.8814  30.5338 0.0353728 1.033590 1
4595543.4696 5437448.3242  28.5433 0.1006497 1.119623 2
4595543.5055 5437447.8901  28.6663 0.0801174 1.033409 1
4595540.0269 5437447.9439   0.1107 0.0581360 1.434848 3
4595541.9704 5437450.9721  24.1750 0.0790921 1.580411 3
4595542.0462 5437450.6833  24.8456 0.0659507 1.479376 3
4595542.3013 5437451.0734  27.9989 0.0744988 1.193200 3
4595542.4275 5437450.9828  29.3722 0.0754919 1.083685 2
4595542.3414 5437450.6562  28.1791 0.0271280 1.012842 3
4595542.5534 5437450.8947  30.7484 0.0561709 1.106467 1
4595542.4806 5437450.6168  29.7318 0.1207365 1.155459 2
4595542.3476 5437450.1093  27.9379 0.0269492 1.145063 3
4595542.5540 5437450.3294  30.4019 0.0441574 1.065250 1
4595542.4535 5437449.9440  29.0541 0.0709274 1.102413 2
4595542.3834 5437449.6749  28.1144 0.0579539 1.419637 3
4595542.6553 5437450.1507  31.4644 0.0696353 1.044867 1
4595542.5566 5437449.7703  30.1373 0.0570981 1.166641 2
4595542.4296 5437449.2807  28.4188 0.0631969 1.264196 3
4595542.7402 5437449.9117  32.3091 0.1723252 1.158502 1
4595542.8073 5437449.6055  32.9127 0.0945946 1.110209 1
4595542.7277 5437449.2955  31.8265 0.0504896 1.037728 3
4595542.6907 5437448.5800  30.9803 0.0559241 1.006075 1
4595542.3489 5437446.6630  25.7064 0.1322857 1.101974 1
4595542.8403 5437446.3062  31.0529 0.1857270 1.350815 1
4595540.4465 5437451.3446  16.9994 0.0375184 1.236086 2
4595541.0995 5437450.2725  23.6961 0.1001048 1.276834 2
4595541.0440 5437450.0666  22.9611 0.0242444 0.764166 2
4595541.4443 5437450.9826  28.0180 0.0293511 1.002312 3
4595541.5843 5437450.9380  29.5639 0.1004270 2.503226 3
4595541.7532 5437451.0073  31.5035 0.0376134 1.045744 1
4595541.5654 5437450.3002  28.9610 0.0308745 1.075227 2
4595541.4385 5437449.8225  27.2725 0.0814035 1.066829 2
4595541.3726 5437449.5744  26.3958 0.1109379 1.149862 3
4595541.8206 5437450.6963  32.0579 0.2214679 1.490069 0
4595541.8859 5437450.3776  32.5965 0.1837010 1.424600 1
4595541.7658 5437449.9208  31.0020 0.0366698 1.488807 3
4595541.9159 5437449.9262  32.6899 0.1734745 1.033060 0
4595541.9435 5437449.4654  32.7495 0.0290526 1.050408 1
4595541.8270 5437449.0177  31.1650 0.1784033 1.515253 2
4595541.7247 5437448.6247  29.7695 0.0263071 0.936912 2
4595541.4684 5437447.6397  26.1875 0.0438591 1.077435 3
4595541.8944 5437448.7088  31.7355 0.1233930 1.124825 1
4595541.5070 5437447.2125  26.3104 0.0916703 1.140156 2
4595541.5338 5437446.7386  26.2618 0.1271838 1.021462 1
4595541.4820 5437446.5378  25.5284 0.0881801 1.151791 2
4595541.5730 5437446.3118  26.3828 0.1361717 1.051930 1
4595540.0910 5437450.4997  22.3699 0.0796634 1.359243 2
4595540.2372 5437450.4583  23.9733 0.0333130 1.099034 2
4595540.1312 5437450.0714  22.5886 0.0630358 1.909523 2
4595540.1062 5437449.9803  22.2610 0.0128572 0.793475 3
4595540.1954 5437449.7322  23.1260 0.1246964 1.050131 1
4595540.8139 5437451.4376  31.0171 0.1524186 1.076154 1
4595540.6687 5437450.9022  29.0546 0.0306285 0.975497 3
4595540.8613 5437451.0495  31.2973 0.1063728 0.962805 0
4595540.9830 5437450.9369  32.5836 0.0294005 1.038972 1
4595540.9120 5437450.6725  31.6226 0.0870011 1.077687 2
4595540.7680 5437450.1363  29.7218 0.0680723 1.244132 3
4595540.6882 5437449.2692  28.3614 0.0258110 1.045613 3
4595540.8617 5437449.3522  30.3448 0.0266402 0.780150 1
4595540.7642 5437448.9855  29.0222 0.1234927 1.366014 3
4595540.7745 5437448.4524  28.7870 0.1028104 1.069052 1
4595540.6328 5437447.9167  26.8358 0.0416670 1.235086 2
4595540.5630 5437447.6526  25.8745 0.0737486 1.031229 3
4595540.8187 5437448.0485  28.9994 0.1699148 1.424954 1
4595540.6830 5437447.5324  27.1279 0.0507453 1.240986 3
4595540.8430 5437447.5694  28.9365 0.0897178 1.087915 1
4595540.8956 5437447.1967  29.2478 0.1343154 1.022487 1
4595540.8229 5437446.9179  28.2302 0.0600610 1.216221 3
4595540.1577 5437446.6559  28.2298 0.1678559 1.040671 1
4595540.1685 5437446.6021  26.9194 0.0806972 1.329103 3
4595540.0857 5437447.0969  29.2654 0.0492554 0.995016 1
4595540.1042 5437447.0049  26.9696 0.0740569 1.251089 2
4595540.1289 5437446.8819  23.8977 0.0802807 1.212107 3
4595540.0245 5437447.4840  28.9917 0.0883321 1.009387 1
4595540.0450 5437447.3823  26.3854 0.1142596 1.364800 3
4595540.4728 5437446.3113  26.7012 0.0879030 1.048300 1
4595540.3894 5437446.8102  29.0852 0.0219560 1.068075 1
4595540.3971 5437446.7714  28.1342 0.1230142 1.063635 2
4595540.4077 5437446.7184  26.8379 0.0914827 1.319478 3
4595540.3427 5437447.1244  26.9675 0.0965251 1.042582 1
4595540.3484 5437447.0960  26.2543 0.0504164 1.003671 3
4595540.2612 5437447.6125  29.2324 0.0994012 1.296034 1
4595540.2957 5437447.4410  24.8163 0.0233297 0.958601 2
4595540.3066 5437447.3868  23.4197 0.0492294 0.992530 2
4595540.4881 5437446.4857   0.1856 0.0509369 1.180560 3
4595540.2012 5437447.9932  28.7449 0.1431905 1.379862 1
4595540.2140 5437447.9302  27.0787 0.0593454 1.232440 3
4595540.1278 5437448.4403  30.0153 0.1513723 1.319685 1
4595540.1642 5437448.2616  25.1582 0.0453322 1.086206 3
4595540.0633 5437448.8435  30.1332 0.1791663 1.161691 1
4595540.2840 5437447.7667   0.0406 0.0544829 0.956994 3
4595540.0442 5437449.0261  23.9100 0.0876122 1.067638 1
4595540.0498 5437448.9989  23.1279 0.1111564 1.044681 2
4595540.2160 5437448.1938  -0.0250 0.0431604 1.022239 3
4595540.1475 5437448.6226  -0.0263 0.0361782 1.219968 3
4595540.0057 5437449.5039   0.6365 0.0440654 1.234104 3
4595540.6476 5437446.2980  26.6342 0.1075104 1.088731 1
4595540.5640 5437446.8010  29.1317 0.0720644 1.018896 1
4595540.5726 5437446.7565  28.0451 0.1050412 1.070372 2
4595540.5071 5437447.1654  28.2786 0.0913127 1.231358 1
4595540.5136 5437447.1321  27.4438 0.0504033 1.416834 2
4595540.5228 5437447.0847  26.2546 0.0286490 1.394511 3
4595540.4541 5437447.5103  26.8752 0.0185651 0.850296 1
4595540.4625 5437447.4672  25.7662 0.0472965 1.300548 2
4595540.4802 5437447.3762  23.4277 0.0617481 1.028572 2
4595540.6570 5437446.4693   0.0930 0.1715304 1.056062 3
4595540.3764 5437447.9817  28.7124 0.2245494 1.197351 0
4595540.3047 5437448.4220  29.8089 0.1554115 1.080988 1
4595540.3184 5437448.3526  27.9280 0.0359538 1.083420 2
4595540.3392 5437448.2470  25.0665 0.0540485 1.323927 3
4595540.2393 5437448.8298  30.0482 0.2221425 1.174739 0
4595540.2177 5437449.0182  24.0066 0.1006910 0.989756 1
4595540.2559 5437448.8262  18.5049 0.0360808 1.148793 2
4595540.3843 5437448.1810  -0.0078 0.1036964 1.098439 3
4595540.1170 5437449.6033  29.3027 0.0725612 0.932963 1
4595540.1589 5437449.3942  23.1409 0.0421948 1.225991 3
4595540.0659 5437449.9400  27.3655 0.1096017 1.088041 1
4595540.0744 5437449.8979  26.0855 0.0574304 1.156807 3
4595540.0322 5437450.1923  22.6139 0.0592775 1.635565 3
4595540.1100 5437449.9011  -0.0505 0.2805411 1.050745 3
4595540.0411 5437450.3325  -0.0455 0.0807708 1.019980 3
4595540.8982 5437446.4731  26.2919 0.0372794 1.003008 1
4595540.9083 5437446.4209  25.0350 0.1207943 1.056060 2
4595540.9321 5437446.2977  22.0657 0.0568603 1.284037 2
4595540.8112 5437446.9942  29.2474 0.0556317 1.084403 1
4595540.8208 5437446.9451  28.0341 0.0614660 1.177148 2
4595540.8433 5437446.8290  25.1693 0.0795930 1.095899 2
4595540.7496 5437447.3839  29.0272 0.1610206 1.142895 1
4595540.7604 5437447.3283  27.6191 0.0383286 1.677878 3
4595540.6858 5437447.7851  29.0722 0.1968191 1.552555 1
4595540.7113 5437447.6545  25.6847 0.0244294 0.987442 3
4595540.6240 5437448.1754  28.8311 0.1351677 1.056946 1
4595540.6634 5437447.9754  23.4948 0.0456257 1.210984 2
4595540.6702 5437447.9410  22.5785 0.0375169 1.080456 2
4595540.8364 5437447.0971   0.0490 0.0322050 0.936264 3
4595540.5531 5437448.6124  29.8682 0.0269023 1.064140 1
4595540.5591 5437448.5823  29.0435 0.1143786 1.112775 2
4595540.5669 5437448.5426  27.9575 0.0695671 1.402415 3
4595540.4845 5437449.0375  30.5818 0.1378639 1.059026 1
4595540.4918 5437449.0009  29.5513 0.0709659 1.043272 3
4595540.4452 5437449.3155  27.0875 0.0638881 1.163238 1
4595540.4596 5437449.2435  24.9959 0.0509899 1.221535 2
4595540.4729 5437449.1773  23.0751 0.0758150 1.852396 3
4595540.2983 5437450.2136  29.8845 0.1059810 1.005020 1
4595540.3033 5437450.1889  29.1267 0.0250745 1.025554 3
4595540.3141 5437450.2245  17.5062 0.0337725 0.968371 1
4595540.4261 5437449.6763   0.1000 0.1170429 1.003643 3
4595540.2246 5437450.7526  21.2985 0.0753823 1.138448 1
4595540.2291 5437450.7312  20.5923 0.0083187 0.546757 2
4595540.2326 5437450.7139  20.0228 0.0499334 2.113372 2
4595540.2479 5437450.6396  17.5728 0.0487843 1.223407 2
4595540.2547 5437450.6064  16.4781 0.0260369 0.942729 2
4595540.3581 5437450.1044  -0.0295 0.0638554 1.050448 3
4595540.1271 5437451.3177  26.6681 0.1385249 1.049545 1
4595540.1595 5437451.1618  21.3456 0.0407486 1.066958 3
4595540.0974 5437451.5562  20.8759 0.0653476 1.188797 2
4595540.2207 5437450.9671   0.0186 0.1175274 1.058664 3
4595540.1517 5437451.3994   0.1122 0.2206000 1.078717 3
4595541.2774 5437446.2445  26.3018 0.1377637 1.045239 1
4595541.1362 5437447.1153  27.9889 0.1183635 1.090404 1
4595541.1505 5437447.0434  26.1966 0.0639028 1.186210 2
4595541.0657 5437447.5495  28.8699 0.0365523 1.005474 1
4595541.0745 5437447.5056  27.7489 0.1382300 1.109342 2
4595541.1056 5437447.3502  23.7774 0.0371736 1.213396 3
4595541.0036 5437447.9418  28.7039 0.1480211 1.116895 1
4595541.0252 5437447.8341  25.8810 0.0173320 0.878969 3
4595540.9281 5437448.4002  30.2690 0.0269745 1.016952 1
4595540.9391 5437448.3459  28.8078 0.1065013 1.205507 2
4595540.9512 5437448.2862  27.1975 0.0703450 1.275992 3
4595540.8645 5437448.7996  30.3123 0.0303671 0.973750 1
4595540.8829 5437448.7092  27.8116 0.0720588 1.557656 2
4595540.8903 5437448.6726  26.7995 0.0286254 0.830113 3
4595540.8009 5437449.1987  30.3096 0.0517507 0.977552 1
4595540.8094 5437449.1574  29.1335 0.1315865 1.079365 2
4595540.8182 5437449.1144  27.9090 0.0593605 2.276117 3
4595540.7616 5437449.4803  26.8804 0.0686261 1.164579 1
4595540.7742 5437449.4190  25.0815 0.0413868 0.845543 3
4595540.6608 5437450.0595  32.1595 0.0237799 0.913992 1
4595540.6910 5437449.9142  27.7849 0.1483914 1.670437 3
4595540.6410 5437450.2490  25.6655 0.0306299 0.927330 2
4595540.6580 5437450.1677  23.1389 0.0264605 0.987786 3
4595540.5557 5437450.7523  28.8601 0.1162352 1.119865 1
4595540.5907 5437450.5865  23.5097 0.0318527 1.407695 3
4595540.4789 5437451.2142  30.9309 0.0573935 1.116540 1
4595540.4929 5437451.1484  28.7335 0.1139945 1.176959 2
4595540.5069 5437451.0822  26.5223 0.0347644 1.232866 3
4595540.4426 5437451.4857  26.5685 0.1096130 1.136400 3
4595541.4818 5437446.2550  26.2812 0.1151749 1.026898 1
4595541.4037 5437446.7300  28.0706 0.1704319 1.069172 1
4595541.4186 5437446.6533  26.2100 0.0378301 1.058940 2
4595541.3547 5437447.0546  26.2073 0.1071111 1.082440 1
4595541.2711 5437447.5571  28.7834 0.1669154 1.122905 1
4595541.2798 5437447.5127  27.6536 0.0382484 1.138157 3
4595541.2084 5437447.9520  28.6644 0.0962444 1.088070 1
4595541.2292 5437447.8464  25.9003 0.0691244 1.623533 3
4595541.1334 5437448.4091  30.2144 0.1183150 0.998935 1
4595541.1426 5437448.3626  28.9622 0.0608086 1.238082 3
4595541.0701 5437448.8067  30.2057 0.0548307 1.029786 1
4595541.0869 5437448.7225  27.8784 0.1237811 1.886536 3
4595541.0064 5437449.2068  30.2269 0.1130368 1.062976 1
4595541.0147 5437449.1655  29.0505 0.0760641 1.054985 2
4595541.0231 5437449.1235  27.8563 0.0394540 1.702258 3
4595540.9915 5437449.3643  23.1799 0.0217520 1.034454 3
4595540.8668 5437450.0664  32.0571 0.1030285 1.268542 1
4595540.8966 5437449.9193  27.6296 0.1256176 1.673093 3
4595540.8058 5437450.4528  31.6658 0.1445655 1.079305 1
4595540.7443 5437450.8413  31.3857 0.0584423 1.070463 1
4595540.7609 5437450.7608  28.7906 0.1092076 1.080635 3
4595540.6839 5437451.2249  30.9296 0.0999422 1.072263 1
4595540.6978 5437451.1580  28.6984 0.1186390 1.186997 3
4595541.6955 5437446.2570  26.3254 0.0664164 1.031714 1
4595541.6332 5437446.6512  26.1703 0.1461548 1.077245 1
4595541.5703 5437447.0486  26.0471 0.1305115 1.126916 1
4595541.4944 5437447.5139  27.6614 0.0907905 1.114436 1
4595541.5095 5437447.4354  25.6629 0.0554563 1.521320 2
4595541.7020 5437446.4332   0.1188 0.1102854 1.038348 3
4595541.4222 5437447.9596  28.8413 0.0526007 1.002362 1
4595541.4432 5437447.8506  25.9897 0.0780567 1.046561 2
4595541.4691 5437447.7163  22.4797 0.0576500 1.204249 3
4595541.3480 5437448.4147  30.3361 0.1840917 1.050451 0
4595541.2797 5437448.8391  31.0634 0.0340432 0.951389 1
4595541.2980 5437448.7452  28.4739 0.1282196 1.274638 3
4595541.2241 5437449.1990  29.9577 0.0517422 1.041882 1
4595541.2313 5437449.1620  28.9089 0.1173427 1.155936 2
4595541.2377 5437449.1295  27.9847 0.0269903 1.208328 2
4595541.2457 5437449.0885  26.8225 0.0296105 1.077855 3
4595541.1824 5437449.4882  26.7643 0.1112393 1.349176 1
4595541.2060 5437449.3680  23.2492 0.0327861 1.401455 3
4595541.1375 5437449.7948  23.8232 0.0204261 0.989309 3
4595541.0741 5437450.1954  23.6314 0.0274001 1.037263 3
4595540.9613 5437450.8420  31.3465 0.1074478 1.248484 1
4595540.9779 5437450.7596  28.6960 0.0370709 1.041479 3
4595540.9146 5437451.1588  28.6653 0.0859365 1.207804 2
4595540.9279 5437451.0932  26.4817 0.0373527 1.243279 3
4595540.8867 5437451.3844  22.6519 0.0326896 1.063836 1
4595540.8948 5437451.3447  21.2814 0.1190794 1.841131 3
4595542.0670 5437446.4492  25.7234 0.1641835 1.061239 1
4595542.0071 5437446.8318  25.2463 0.0287516 0.878122 1
4595541.9429 5437447.2364  25.2997 0.0615889 1.037559 1
4595541.9633 5437447.1346  22.7379 0.0543525 1.004698 2
4595541.8734 5437447.6671  26.0198 0.1011735 1.027798 1
4595541.8793 5437447.6380  25.2698 0.0562985 1.079134 2
4595541.9002 5437447.5341  22.5931 0.0477439 1.142377 2
4595542.0752 5437446.6641   0.1383 0.0837691 1.178431 3
4595541.7692 5437448.2688  31.2988 0.0536969 1.073450 1
4595541.8084 5437448.0751  26.1691 0.0399566 0.938310 2
4595541.8150 5437448.0426  25.3107 0.0409042 1.546996 2
4595541.8247 5437447.9945  24.0352 0.0354818 1.304255 2
4595541.8346 5437447.9458  22.7454 0.0338965 1.192305 3
4595541.7060 5437448.6669  31.3191 0.1290488 1.624398 1
4595541.7167 5437448.6144  29.8932 0.0452208 1.063542 3
4595541.6345 5437449.1061  32.4509 0.1816448 1.104217 0
4595541.5796 5437449.4636  31.3247 0.0980205 1.013225 1
4595541.6049 5437449.3408  27.7913 0.0740791 1.370850 2
4595541.6159 5437449.2876  26.2609 0.0261969 0.996761 3
4595541.5150 5437449.8680  31.5158 0.1686037 1.277214 1
4595541.5341 5437449.7762  28.8002 0.0210337 0.855430 3
4595541.3856 5437450.6786  31.9423 0.0721730 1.397196 1
4595541.3960 5437450.6293  30.3853 0.0471891 0.931709 2
4595541.4005 5437450.6080  29.7121 0.0445686 2.036775 3
4595541.3184 5437451.0953  32.5942 0.1315915 1.085551 1
4595541.3266 5437451.0565  31.3263 0.0651761 1.214270 2
4595541.3332 5437451.0254  30.3110 0.0346965 1.148513 3
4595542.2986 5437446.9502  25.6788 0.0873527 1.010001 1
4595542.2368 5437447.3424  25.4148 0.0844796 1.134475 1
4595542.4399 5437446.3417   0.1261 0.3417299 1.080012 3
4595542.1749 5437447.7355  25.1662 0.1395479 1.107014 1
4595542.3720 5437446.7694   0.1149 0.0993827 1.046960 3
4595542.0654 5437448.3602  31.0783 0.1362896 1.051063 0
4595542.0007 5437448.7654  31.2739 0.2542509 1.428929 0
4595541.9263 5437449.2170  32.7579 0.1359159 1.023987 1
4595541.9383 5437449.1593  31.1392 0.0711589 1.455727 3
4595541.8628 5437449.6158  32.8202 0.1253543 1.055668 1
4595541.8767 5437449.5494  30.9043 0.0566383 1.135795 3
4595541.7994 5437450.0142  32.8775 0.1859976 1.100185 0
4595541.7419 5437450.3846  32.0415 0.1101141 1.070949 1
4595541.7606 5437450.2968  29.3474 0.0414668 1.125756 3
4595541.6832 5437450.7614  31.4061 0.1009856 1.048087 1
4595541.6882 5437450.7380  30.6620 0.0418652 1.040331 2
4595541.6973 5437450.6957  29.3171 0.0985590 1.350417 3
4595541.6208 5437451.1550  31.3160 0.0804046 1.656105 1
4595541.6346 5437451.0915  29.2294 0.0781013 1.184368 2
4595541.6430 5437451.0527  27.9516 0.0240946 1.158696 3
4595542.4476 5437446.9797  25.6736 0.1614016 1.026024 1
4595542.3859 5437447.3718  25.4050 0.0744826 1.094532 1
4595542.5817 5437446.3699   0.0789 0.3784316 1.046084 3
4595542.2964 5437447.9059  28.8026 0.0279460 0.998268 1
4595542.3176 5437447.7981  26.0120 0.0356910 0.896525 2
4595542.3238 5437447.7667  25.1987 0.0889147 1.184544 2
4595542.5137 5437446.7994   0.1106 0.0783637 1.029995 3
4595542.2050 5437448.4484  32.6024 0.0210273 0.891716 1
4595542.2167 5437448.3891  31.0264 0.0979044 1.047902 2
4595542.2263 5437448.3403  29.7267 0.0588896 1.276359 3
4595542.1546 5437448.7827  30.9161 0.0920110 1.330429 1
4595542.1625 5437448.7429  29.8303 0.0921950 1.051540 3
4595542.0792 5437449.2429  32.6226 0.1403794 1.034896 1
4595542.0914 5437449.1814  30.8958 0.0649675 1.487666 3
4595542.0159 5437449.6419  32.6990 0.1233414 1.094983 1
4595542.0302 5437449.5703  30.6320 0.0660984 1.472069 3
4595541.9749 5437449.9304  29.4586 0.0665607 0.976712 2
4595541.9827 5437449.8917  28.3058 0.0403029 1.744194 3
4595541.8940 5437450.4165  32.0806 0.1980823 1.258270 0
4595541.8360 5437450.7903  31.3309 0.1120407 1.205112 1
4595541.8412 5437450.7647  30.5166 0.0418991 1.095998 2
4595541.8497 5437450.7235  29.2033 0.0519508 1.847963 3
4595541.7951 5437451.0810  27.8491 0.0147378 0.753067 1
4595541.8038 5437451.0385  26.4512 0.0851931 1.307547 2
4595541.8264 5437450.9292  22.8518 0.0673225 1.121387 3
4595542.7027 5437447.4942  25.2379 0.0641465 1.046080 1
4595542.9000 5437446.5073   0.1297 0.2436246 1.038657 3
4595542.6139 5437448.0227  28.5022 0.0449873 0.955027 1
4595542.6406 5437447.8894  25.0267 0.0542468 1.048136 2
4595542.6605 5437447.7908  22.4545 0.0281005 1.082505 2
4595542.8326 5437446.9341   0.0865 0.1345184 1.015936 3
4595542.5331 5437448.5095  30.8346 0.0505996 1.009667 1
4595542.5525 5437448.4136  28.2651 0.0815491 1.045167 2
4595542.5583 5437448.3847  27.4893 0.0320563 1.013115 3
4595542.4616 5437448.9497  31.9835 0.1533315 1.049328 1
4595542.4760 5437448.8788  30.0383 0.0153911 0.908807 3
4595542.3901 5437449.3894  33.1542 0.1564126 1.074590 1
4595542.4343 5437449.1735  27.0511 0.0480420 1.429365 3
4595542.3549 5437449.6526  29.2681 0.1162410 1.108471 1
4595542.3623 5437449.6165  28.2179 0.0794872 1.117918 3
4595542.2806 5437450.1057  30.8313 0.0479148 1.525011 1
4595542.3104 5437449.9621  26.5279 0.1518649 1.279192 3
4595542.2166 5437450.5090  30.9610 0.1271314 1.009845 1
4595542.2225 5437450.4808  30.0892 0.0840437 1.397956 3
4595542.1562 5437450.8948  30.5926 0.2007200 1.084365 0
4595542.1236 5437451.1506  25.8772 0.0325329 1.027071 3
4595543.0569 5437447.7281  28.7036 0.0676428 1.064244 1
4595542.9946 5437448.1234  28.5906 0.1455193 1.108207 0
4595542.9137 5437448.6072  30.8420 0.0632912 1.198258 1
4595542.9309 5437448.5256  28.6516 0.1103594 1.588456 3
4595542.8435 5437449.0390  31.7622 0.1371545 1.072107 1
4595542.8536 5437448.9912  30.4445 0.0309937 1.250468 2
4595542.8784 5437448.8747  27.2281 0.0633011 1.224042 3
4595542.7732 5437449.4707  32.7345 0.1593662 1.228938 0
4595542.7198 5437449.8237  31.4407 0.1978250 1.703666 0
4595542.6650 5437450.1839  30.3057 0.0189410 1.030481 1
4595542.6707 5437450.1576  29.5121 0.0939870 1.200033 2
4595542.6738 5437450.1436  29.0916 0.0129592 0.609711 2
4595542.6773 5437450.1275  28.6076 0.1358513 1.287495 3
4595542.6129 5437450.5326  28.7029 0.1258687 1.262124 0
4595542.5410 5437450.9713  29.9691 0.1791151 1.576619 1
4595542.5801 5437450.7951  24.2804 0.0285310 1.142660 3
4595543.2582 5437447.6770  30.4276 0.0321173 0.969248 1
4595543.2722 5437447.6080  28.6875 0.0855835 1.072275 2
4595543.2099 5437448.0037  28.5817 0.1813941 1.203574 1
4595543.1273 5437448.4986  31.1340 0.1432381 1.091854 1
4595543.1475 5437448.4001  28.5094 0.0498890 1.151520 3
4595543.0563 5437448.9357  32.2015 0.0984057 1.295406 1
4595543.0654 5437448.8916  30.9962 0.0445273 1.808323 2
4595543.0927 5437448.7597  27.3922 0.0285274 1.263914 2
4595543.2979 5437447.7675   0.2271 0.0722216 1.060120 3
4595542.9914 5437449.3434  32.4847 0.0960642 1.099362 1
4595542.9977 5437449.3131  31.6331 0.0780676 1.812615 3
4595542.9430 5437449.6720  30.5029 0.1322124 1.327615 1
4595542.9501 5437449.6383  29.5302 0.0260940 0.874786 3
4595542.8892 5437450.0273  29.1843 0.1522361 1.117743 1
4595542.8932 5437450.0082  28.6141 0.0306009 0.900612 2
4595542.8989 5437449.9813  27.8129 0.0704990 1.678545 3
4595542.8296 5437450.4101  28.6277 0.0831577 1.724033 1
4595542.8408 5437450.3578  27.0207 0.0309276 0.955573 2
4595542.8762 5437450.1914  21.9034 0.0277209 0.960647 2
4595542.8802 5437450.1728  21.3320 0.0168676 0.908120 3
4595542.7559 5437450.8592  30.2217 0.0417048 0.819627 1
4595542.7618 5437450.8315  29.3380 0.1190284 2.533688 2
4595542.7889 5437450.7053  25.3094 0.0529145 1.274549 3
4595543.5360 5437447.8887  28.5134 0.1020383 1.064393 1
4595543.4936 5437448.1885  25.8685 0.1092101 1.391881 1
4595543.3934 5437448.7667  30.6203 0.0899309 0.951431 1
4595543.4101 5437448.6867  28.4540 0.0866736 1.272540 3
4595543.3303 5437449.1654  30.6323 0.0603010 1.829492 1
4595543.3433 5437449.1039  28.9190 0.0269670 1.015154 2
4595543.5614 5437448.0674   0.0220 0.0374325 0.969977 3
4595543.2944 5437449.4363  26.9772 0.0525463 1.099975 0
4595543.2038 5437449.9648  30.6948 0.1129476 1.001303 1
4595543.2099 5437449.9363  29.8545 0.0821301 1.242044 3
4595543.1551 5437450.2974  28.6657 0.0684931 1.030303 1
4595543.1607 5437450.2711  27.8685 0.0282950 1.337849 2
4595543.1703 5437450.2267  26.5179 0.0453902 1.407274 2
4595543.1759 5437450.2006  25.7236 0.0697355 1.156803 3
4595543.0803 5437450.7509  30.3289 0.1415746 1.216316 1
4595543.1145 5437450.5935  25.3610 0.0171943 0.861424 3
4595543.9506 5437448.5440  25.4190 0.2133118 1.305649 1
4595543.8540 5437449.0924  29.4195 0.1058725 1.284504 0
4595543.7942 5437449.4781  29.0232 0.0816393 1.050139 0
4595543.7188 5437449.9311  30.5533 0.2041449 1.112026 1
4595543.7441 5437449.8222  27.3558 0.0203895 0.925600 3
