    X-Koord.     Y-Koord. Z-Koord.      Int.   Pulsb. W
4595535.5251 5437430.1626   0.0578 0.0998002 0.990034 3
4595534.5320 5437430.9680   0.0489 0.0766576 1.164718 3
4595534.5919 5437429.9540  -0.0166 0.0531552 1.114522 3
4595533.7324 5437431.9040   0.0307 0.0464107 1.130768 3
4595533.7989 5437430.9150  -0.0092 0.0661370 0.968165 3
4595533.8359 5437430.4340   0.0207 0.0575344 0.996654 3
4595533.8682 5437429.9352   0.0236 0.1340538 1.074628 3
4595532.8940 5437431.5030   0.0054 0.4046424 1.031632 3
4595532.9321 5437431.0256   0.0342 0.0942456 0.997356 3
4595533.0654 5437429.0453   0.0417 0.1120188 1.028144 3
4595533.1740 5437427.5887  -0.1582 0.0978672 1.054178 3
4595534.6188 5437430.1885  16.7743 0.0660622 1.008516 1
4595534.6549 5437429.7260  16.8414 0.0282281 0.811720 1
4595534.6871 5437429.2453  16.8652 0.0488941 1.118469 1
4595534.7089 5437428.7240  16.7659 0.1080835 1.205091 1
4595531.8606 5437431.5332   0.0227 0.0558041 1.197270 3
4595531.8928 5437431.0340  -0.0080 0.1603580 1.088682 3
4595531.9275 5437430.5437  -0.0104 0.1783847 1.012766 3
4595531.9962 5437429.5597  -0.0016 0.2118028 1.029713 3
4595532.0632 5437428.5678   0.0242 0.0820496 1.144504 0
4595533.6893 5437429.3194  16.9426 0.0281024 0.858155 1
4595533.9532 5437429.7579  19.9037 0.0494558 1.190811 1
4595533.9963 5437429.3249  20.0651 0.1208736 1.079232 1
4595534.0374 5437428.8836  20.2126 0.0666454 1.173099 1
4595534.1406 5437428.6935  21.1445 0.1865858 1.137769 1
4595534.1738 5437428.2212  21.0651 0.0662254 1.090188 1
4595534.2993 5437428.1242  22.2391 0.0307430 0.970822 1
4595531.0878 5437431.0747  -0.0709 0.2050053 1.092294 3
4595531.1244 5437430.5909  -0.0273 0.2929353 1.102178 3
4595531.1608 5437430.1054   0.0032 0.1081138 1.072733 3
4595531.2593 5437428.6087  -0.0068 0.0462951 1.029254 3
4595531.3646 5437427.1349   0.0153 0.0568129 1.128073 3
4595533.1676 5437429.7944  19.8591 0.0358218 1.028432 1
4595533.1171 5437429.5964  19.2244 0.0568063 1.258231 2
4595533.6092 5437430.3333  24.6343 0.0711651 1.123793 1
4595533.4949 5437429.2802  22.8064 0.0925030 1.127170 1
4595533.1998 5437428.1067  18.9507 0.0436929 1.069472 2
4595533.4260 5437428.4028  21.5364 0.0585074 1.061877 1
4595533.2417 5437427.6664  18.8998 0.0360134 1.196875 2
4595533.5941 5437428.4723  23.3044 0.0761561 1.101447 1
4595533.7233 5437428.3897  24.5148 0.0225652 0.873376 1
4595533.6288 5437428.0089  23.1425 0.1342318 1.015300 3
4595530.3534 5437430.7880  -0.0386 0.4211930 1.024431 0
4595530.3892 5437430.3004   0.0110 0.4762838 1.073095 0
4595530.4207 5437429.7968   0.0027 0.1279249 1.006066 3
4595530.4920 5437428.8193   0.0607 0.1790308 1.038607 3
4595530.5952 5437427.3375   0.0905 0.0933326 0.995476 3
4595532.7356 5437430.6421  23.5751 0.0503784 1.087681 1
4595532.8850 5437430.6282  25.0481 0.0792633 1.074504 1
4595532.8065 5437430.3208  24.0566 0.0452235 1.494219 2
4595532.6873 5437429.8544  22.5683 0.0483759 1.242933 2
4595532.4676 5437428.9942  19.8209 0.0636132 1.821027 3
4595532.8665 5437429.9592  24.4150 0.0484819 1.201100 1
4595532.7259 5437429.4065  22.6587 0.0370539 1.126570 2
4595532.6035 5437428.9251  21.1285 0.0653103 1.172960 2
4595533.0920 5437430.2506  26.8442 0.0443150 0.966643 1
4595533.1222 5437429.7744  26.8334 0.2208955 1.106867 1
4595532.9147 5437428.9511  24.2474 0.0308225 0.966333 3
4595533.1334 5437429.2220  26.5939 0.0874475 1.099309 1
4595532.9287 5437428.4060  24.0069 0.0623162 1.225172 2
4595532.7675 5437427.7634  21.7721 0.0634989 1.340946 3
4595533.1716 5437428.7779  26.7000 0.0937750 1.034775 1
4595533.1105 5437428.5333  25.9390 0.0411426 1.250566 2
4595532.9779 5437428.0023  24.0889 0.0484486 1.483223 2
4595532.7854 5437427.2313  21.4348 0.0427129 1.436413 3
4595533.1827 5437428.2228  26.3492 0.0405539 1.051419 1
4595529.4859 5437429.2929   0.0812 0.2609864 1.060192 3
4595529.5200 5437428.7991   0.0825 0.1435179 1.043965 3
4595529.5878 5437427.8061   0.0502 0.0505986 0.943221 3
4595531.8206 5437431.3215  24.4188 0.0645658 1.001873 1
4595531.5386 5437430.2437  20.9083 0.0303148 0.862700 3
4595531.8471 5437430.8286  24.3354 0.1361562 1.887061 1
4595531.5673 5437429.7544  20.8489 0.0582956 1.032883 3
4595531.8756 5437430.3430  24.2782 0.1032033 1.073774 1
4595531.7646 5437429.9150  22.8975 0.0748122 1.355260 3
4595531.8842 5437429.7812  23.9803 0.2325957 1.263815 0
4595532.1285 5437430.1340  26.6149 0.1208322 0.989146 0
4595531.9980 5437429.0282  24.6087 0.0759569 1.130628 1
4595531.8239 5437428.3474  22.4480 0.0216619 0.822903 3
4595532.2890 5437429.5723  27.8177 0.1262551 1.014676 1
4595532.1545 5437429.0442  26.1556 0.0739600 2.356213 2
4595532.0170 5437428.5041  24.4619 0.0320522 1.179120 3
4595532.3484 5437429.2120  28.1688 0.0277550 0.934991 1
4595532.2951 5437429.0019  27.5100 0.0367686 1.231800 2
4595532.2131 5437428.6784  26.4973 0.0454920 1.474649 2
4595532.1145 5437428.2894  25.2401 0.0395816 1.207842 2
4595531.8523 5437427.2547  21.8780 0.0521992 1.146231 3
4595532.3482 5437428.6168  27.7826 0.2059129 1.303401 0
4595532.2771 5437427.7362  26.3452 0.1910189 1.458256 0
4595530.7412 5437429.6740  20.7576 0.0730942 1.125331 3
4595531.3563 5437430.8308  27.5285 0.0964788 1.088354 1
4595531.1911 5437430.1979  25.4883 0.0622526 1.249065 2
4595531.0964 5437429.8351  24.3207 0.0381368 1.106409 2
4595530.9752 5437429.3705  22.8347 0.0477212 1.813709 3
4595531.1161 5437429.3148  24.1690 0.0635597 1.154247 1
4595531.5133 5437430.2541  28.6709 0.1158143 1.347771 0
4595531.5429 5437429.7774  28.6274 0.1546057 1.361705 1
4595531.1808 5437428.3708  24.1954 0.0370205 1.046900 3
4595531.5982 5437429.4009  28.9128 0.1433274 1.186466 0
4595531.5787 5437428.7314  28.3085 0.1144610 0.969198 1
4595531.5199 5437428.5008  27.5945 0.0465918 1.243389 2
4595531.4224 5437428.1190  26.3793 0.0379635 1.090506 2
4595531.3472 5437427.8241  25.4418 0.0359771 0.973220 3
4595531.4438 5437427.6055  26.2316 0.1684507 1.170259 1
4595531.2129 5437426.6964  23.3696 0.0523477 1.481020 3
4595530.4100 5437430.8063  24.5824 0.0253281 1.051436 3
4595530.6472 5437431.1120  27.0892 0.0311450 0.865205 2
4595530.5265 5437430.6544  25.6260 0.0197217 0.696808 3
4595530.7824 5437431.0359  28.3590 0.1417249 1.176421 0
4595530.3053 5437428.6195  22.1591 0.0949044 1.437842 3
4595530.8485 5437430.1078  28.4011 0.1506666 1.186577 1
4595530.7074 5437429.5653  26.6812 0.0298077 0.912506 3
4595530.9391 5437429.8658  29.1194 0.1839003 1.223976 0
4595530.8299 5437428.8503  27.4007 0.0401045 1.117032 1
4595530.7443 5437428.5180  26.3535 0.0391018 1.314108 2
4595530.7708 5437428.0248  26.2794 0.0633044 1.829522 3
4595530.8994 5437427.9307  27.4626 0.0173317 0.698309 1
4595530.8027 5437427.5520  26.2697 0.1379567 2.373975 2
4595530.7143 5437427.2057  25.1920 0.0199268 1.186395 3
4595531.1982 5437426.7253  29.5430 0.0404230 1.014628 1
4595530.1781 5437430.8192  30.4709 0.0366159 1.078192 1
4595530.0059 5437429.5748  28.0599 0.1028856 1.153884 1
4595529.9301 5437429.2853  27.1426 0.0527267 1.414101 3
4595530.0471 5437429.1396  28.1722 0.1072319 1.062703 1
4595529.9637 5437428.8200  27.1576 0.1174645 1.210052 3
4595529.9909 5437428.3313  27.0910 0.0680122 1.232721 2
4595529.8695 5437427.8644  25.6000 0.1233733 1.066817 2
4595530.0598 5437428.0016  27.5308 0.0516186 0.969183 1
4595528.8445 5437427.5548   0.1021 0.5357780 1.077623 3
4595528.9323 5437427.3789   0.1021 0.5833366 1.081882 0
4595528.8668 5437427.8094   0.1107 0.1404731 1.066083 3
4595528.9445 5437427.3545   0.0834 0.6348829 1.049976 0
4595528.8791 5437427.7854   0.0850 0.0602177 1.138615 3
4595529.1009 5437427.0992   0.1137 0.2273554 1.088596 3
4595529.0363 5437427.5286   0.0874 0.2169716 1.105421 3
4595528.9705 5437427.9603   0.1048 0.2660977 1.060087 3
4595529.1999 5437427.1897   0.0964 0.1898360 1.082468 3
4595529.1353 5437427.6186   0.0699 0.1523175 1.047689 3
4595529.0701 5437428.0488   0.0705 0.3008569 1.089785 3
4595529.1638 5437427.5506   0.0845 0.1044689 1.009055 3
4595529.0985 5437427.9807   0.0837 0.1795174 1.050127 3
4595529.0333 5437428.4109   0.0821 0.0846047 0.998476 3
4595529.3502 5437426.9458   0.0983 0.2189825 1.046898 3
4595529.2850 5437427.3762   0.0815 0.0741465 1.096533 3
4595529.2200 5437427.8055   0.0753 0.0907464 0.972378 3
4595529.1551 5437428.2359   0.0670 0.1476107 1.042556 3
4595529.0876 5437428.6708   0.1209 0.2972340 1.152164 0
4595529.6102 5437426.7715   0.1005 0.1425196 1.122522 3
4595529.4808 5437427.6297   0.0456 0.1011408 1.025523 3
4595529.4147 5437428.0616   0.0715 0.1203341 1.075676 3
4595529.3501 5437428.4900   0.0615 0.3158169 1.043312 3
4595529.2848 5437428.9202   0.0491 0.2413002 1.059226 3
4595528.9433 5437427.4862  24.9593 0.0739457 1.132761 1
4595529.0589 5437427.2469  22.1156 0.0472649 1.251728 2
4595528.9358 5437427.7800  23.6228 0.0811820 1.003652 1
4595528.9841 5437427.6807  22.4257 0.0331703 1.234257 2
4595528.9297 5437428.0723  22.2436 0.0284076 1.159932 2
4595529.7545 5437426.6914   0.1590 0.2316714 1.076559 3
4595529.6911 5437427.1176   0.0891 0.1074940 1.085671 3
4595529.6254 5437427.5487   0.0778 0.0946452 1.097969 3
4595529.5605 5437427.9780   0.0710 0.0961513 0.992421 3
4595529.4970 5437428.4041   0.0349 0.2407390 1.055917 3
4595529.4310 5437428.8358   0.0374 0.2379059 1.068361 3
4595529.0225 5437427.3507  24.8469 0.1267463 1.067918 1
4595529.1009 5437427.1857  22.8951 0.0355195 1.190114 2
4595529.1339 5437427.1163  22.0741 0.0369129 1.084187 2
4595529.0093 5437427.6544  23.6351 0.0257497 1.002439 1
4595529.0432 5437427.5837  22.7859 0.0584344 1.015448 2
4595529.0736 5437427.5204  22.0255 0.0341987 1.300675 2
4595528.9465 5437428.0630  23.6635 0.0647697 1.049494 1
4595529.0041 5437427.9438  22.2151 0.0435897 1.180679 2
4595529.7549 5437426.9822   0.0688 0.3740689 1.070768 3
4595529.6887 5437427.4143   0.0693 0.1642764 1.039740 3
4595529.6235 5437427.8443   0.0641 0.0619239 1.090391 3
4595529.5600 5437428.2710   0.0231 0.2756582 1.050482 3
4595529.4920 5437428.7066   0.0918 0.2841554 1.077882 3
4595529.4267 5437429.1369   0.0765 0.1606955 1.059533 3
4595529.3620 5437429.5655   0.0438 0.1434129 1.037677 3
4595529.2426 5437427.2536  25.9268 0.0915162 1.070192 1
4595529.2857 5437427.1623  24.8545 0.0675428 1.182058 2
4595529.3587 5437427.0079  23.0389 0.0465048 1.595311 2
4595529.2987 5437427.4107  22.9791 0.0499894 1.192094 1
4595529.1229 5437428.0546  25.8458 0.0402827 0.990288 1
4595529.0423 5437428.4981  26.3310 0.0833185 1.143298 1
4595529.1480 5437428.2800  23.6642 0.0427072 1.109655 2
4595529.1996 5437428.4541  20.7935 0.0503333 1.160547 2
4595530.0180 5437426.7798   0.0836 0.0687450 1.139761 3
4595529.8194 5437428.0750   0.1011 0.1355344 1.044348 3
4595529.7560 5437428.5012   0.0524 0.4765661 1.055504 3
4595529.6909 5437428.9308   0.0360 0.2165748 1.047607 3
4595529.6237 5437429.3638   0.0748 0.1418036 1.052000 3
4595529.4761 5437427.2146  25.7592 0.0370062 1.020740 1
4595529.5870 5437426.9790  22.9953 0.0835909 1.076570 2
4595529.4102 5437427.6272  25.8574 0.1556206 1.105643 1
4595529.7865 5437426.8346  16.4399 0.0387156 0.990616 3
4595529.3525 5437428.0222  25.7661 0.0622792 1.286139 1
4595529.4880 5437427.7392  22.3496 0.0738299 1.256317 2
4595529.2763 5437428.4562  26.1398 0.2010503 1.231762 1
4595529.1855 5437428.9202  26.8715 0.1648730 1.510472 0
4595529.2159 5437429.1352  24.5262 0.0567841 1.126261 2
4595530.1726 5437427.1875   0.1459 0.0444088 1.190692 3
4595530.0434 5437428.0435   0.0678 0.1003532 0.997226 3
4595529.9777 5437428.4735   0.0663 0.2803930 1.080665 3
4595529.9123 5437428.9036   0.0502 0.1382214 1.030290 3
4595529.8475 5437429.3321   0.0212 0.1446867 1.019472 0
4595529.5280 5437427.0099  25.7605 0.0572818 1.024013 1
4595529.6396 5437426.7680  22.9431 0.1218773 1.052351 2
4595529.4565 5437427.4350  25.9956 0.0272769 1.029560 1
4595529.5784 5437427.1731  22.9054 0.0758590 1.131539 2
4595529.4023 5437427.8232  25.8115 0.1086262 1.035249 1
4595529.5300 5437427.5508  22.5434 0.0493544 1.416531 2
4595529.3277 5437428.2540  26.1504 0.1109647 1.191928 1
4595529.4660 5437427.9616  22.6007 0.0227620 0.951299 2
4595529.2330 5437428.7277  26.9985 0.0802839 1.096606 1
4595529.3585 5437428.4645  23.7720 0.0400803 1.179250 2
4595529.1813 5437429.1098  26.7409 0.0395863 1.553734 2
4595529.2700 5437428.9253  24.4511 0.0342697 2.150420 3
4595530.0795 5437427.8309   0.1127 0.1347513 1.130804 3
4595530.0164 5437428.2560   0.0441 0.2906945 1.049599 3
4595529.9519 5437428.6842   0.0110 0.1637622 1.117615 3
4595529.8853 5437429.1159   0.0299 0.1564590 1.069300 0
4595529.8168 5437429.5524   0.0902 0.0376720 1.097365 3
4595529.7939 5437426.6952  25.1664 0.1416556 1.217006 1
4595529.7228 5437427.1206  25.3806 0.0560685 1.923437 1
4595529.6446 5437427.5604  25.7854 0.0769254 1.101048 1
4595529.7531 5437427.3268  23.0162 0.0392096 1.073506 2
4595529.5849 5437427.9602  25.7386 0.1585232 1.011304 1
4595529.6186 5437427.8883  24.8727 0.0239556 1.140390 3
4595529.5095 5437428.3934  26.1031 0.1253993 1.552300 1
4595529.5833 5437428.2371  24.1935 0.0241026 1.020459 2
4595529.4412 5437428.8112  26.2703 0.1017943 1.540992 1
4595530.4546 5437426.6830   0.0807 0.1569034 1.054255 3
4595529.3333 5437429.3106  27.4626 0.0552339 1.000224 1
4595529.3756 5437429.2225  26.3648 0.0458416 1.638592 3
4595530.3215 5437427.5473   0.0569 0.0610611 1.066927 3
4595530.1898 5437428.4083   0.0549 0.1355650 1.013790 3
4595530.1233 5437428.8402   0.0674 0.1811772 1.047720 3
4595530.0585 5437429.2694   0.0328 0.1444756 1.133669 3
4595529.9902 5437429.7049   0.0800 0.0295875 1.062291 3
4595529.7905 5437431.0010   0.0182 0.0465644 0.968598 3
4595530.0163 5437427.0107  25.0434 0.0498495 1.003679 1
4595530.1488 5437426.7227  21.6940 0.0447724 0.902937 3
4595529.9319 5437427.4643  25.5952 0.0891406 1.003065 1
4595530.2025 5437426.8806  18.7197 0.0419039 1.037167 3
4595529.8065 5437428.0049  27.2299 0.1064725 1.196112 1
4595529.8714 5437427.8659  25.5620 0.0199843 1.040427 2
4595529.8952 5437427.8149  24.9504 0.0296759 0.992873 2
4595529.7443 5437428.4085  27.2541 0.1029762 1.096462 1
4595529.7981 5437428.2944  25.8661 0.0572415 1.457700 3
4595529.6669 5437428.8452  27.6614 0.0817398 1.251812 1
4595529.6357 5437429.1842  26.8705 0.1221585 1.080492 1
4595529.7269 5437428.9940  24.5016 0.0310678 1.287859 2
4595530.6675 5437427.0317   0.0942 0.0875091 0.990661 3
4595529.6682 5437429.3922  24.4152 0.0826157 1.085648 1
4595529.7407 5437429.2424  22.5247 0.0353615 1.242790 2
4595529.6837 5437429.6396  22.3674 0.0219702 1.030718 2
4595529.7316 5437429.5414  21.1215 0.0384467 1.113457 2
4595530.5345 5437427.8956   0.1015 0.1318920 1.028113 3
4595529.6327 5437430.0243  22.0308 0.0969212 1.917852 1
4595530.4685 5437428.3265   0.1000 0.2685905 1.069763 3
4595530.4026 5437428.7568   0.0979 0.0909770 1.293479 3
4595530.3357 5437429.1895   0.1199 0.0599245 1.296648 3
4595530.2711 5437429.6175   0.0747 0.0475648 1.170411 3
4595530.0738 5437430.9084  -0.0300 0.0361611 1.114881 3
4595530.1041 5437427.0210  25.0427 0.0980277 1.185241 1
4595530.2338 5437426.7356  21.7265 0.0558400 1.214859 3
4595530.0209 5437427.4720  25.5652 0.2164068 1.089877 1
4595530.2867 5437426.8917  18.7341 0.0408035 1.061582 3
4595529.9000 5437428.0040  27.0962 0.1550472 1.127639 1
4595529.8354 5437428.4129  27.1766 0.1603748 1.547141 1
4595529.8946 5437428.2857  25.6305 0.0326171 1.320608 2
4595529.9884 5437428.0843  23.1835 0.0281464 1.009533 2
4595529.7587 5437428.8475  27.5679 0.0835955 1.052848 1
4595529.7920 5437428.7766  26.6964 0.0340122 1.088979 2
4595529.7005 5437429.2425  27.4753 0.1033422 1.056101 1
4595530.6778 5437427.4703   0.0633 0.1492709 1.097768 3
4595529.7984 5437429.5884  21.6016 0.0771590 1.788489 1
4595530.6103 5437427.9038   0.0986 0.0755839 1.096068 3
4595530.5445 5437428.3339   0.0902 0.1949116 1.098835 3
4595530.4791 5437428.7628   0.0731 0.2033570 1.040168 3
4595530.3480 5437429.6219   0.0336 0.0840844 0.995992 3
4595530.2137 5437430.4879   0.0413 0.0576099 1.061318 3
4595530.2150 5437427.0354  25.0598 0.0776628 1.151482 1
4595530.2892 5437426.8703  23.1426 0.0344053 0.988497 2
4595530.3379 5437426.7620  21.8853 0.0561754 1.486886 3
4595530.1320 5437427.4857  25.5803 0.0811254 1.099903 1
4595530.2383 5437427.2514  22.8223 0.0371823 1.235115 2
4595530.3948 5437426.9062  18.7640 0.0653711 1.465895 3
4595530.0118 5437428.0179  27.1033 0.1879225 1.196020 0
4595529.9252 5437428.4743  27.7597 0.0266868 1.324547 1
4595529.9545 5437428.4108  26.9881 0.0254556 0.970697 2
4595530.0046 5437428.3020  25.6668 0.0467478 1.364398 2
4595530.1857 5437427.9092  20.8993 0.0545941 1.120878 2
4595529.8735 5437428.8550  27.4941 0.0645895 1.205743 1
4595530.0162 5437428.5481  23.7237 0.0515545 1.051637 2
4595529.8166 5437429.2472  27.3648 0.0711337 1.108860 1
4595529.9555 5437428.9508  23.6768 0.0462089 1.384805 2
4595529.9389 5437429.2599  22.4577 0.1025360 1.330105 1
4595530.7790 5437427.4830   0.0665 0.1206655 1.045869 3
4595529.8839 5437429.6521  22.2397 0.0877932 1.100336 1
4595529.9237 5437429.5686  21.1808 0.0225373 0.961447 2
4595530.7134 5437427.9129   0.0499 0.1387328 1.064295 3
4595530.6469 5437428.3444   0.0591 0.2352124 1.051173 3
4595529.7722 5437430.4396  21.8122 0.0385428 1.012082 2
4595530.5800 5437428.7761   0.0778 0.1638172 1.045641 3
4595530.5136 5437429.2077   0.0795 0.0676431 1.187613 3
4595530.4464 5437429.6405   0.1021 0.0420035 0.979746 0
4595530.3833 5437430.0646   0.0040 0.0369184 0.948435 3
4595530.3156 5437430.4985   0.0250 0.0405414 1.211694 3
4595530.4325 5437426.7692  24.8459 0.0429369 1.109471 1
4595530.3668 5437427.1828  24.9052 0.1127895 1.082675 1
4595530.4474 5437427.0030  22.8090 0.0479630 1.279150 2
4595530.4955 5437426.8956  21.5575 0.0416536 1.802639 3
4595530.2152 5437427.7860  27.2352 0.1498735 1.351367 1
4595530.1770 5437428.1370  26.6115 0.1064181 1.136946 1
4595530.2207 5437428.0410  25.4563 0.0608679 1.710190 2
4595530.2817 5437427.9070  23.8453 0.0482830 1.765847 3
4595530.1003 5437428.5727  27.0051 0.0757081 1.288022 1
4595530.2277 5437428.2953  23.6240 0.0582364 0.949044 3
4595529.9864 5437429.0883  28.3901 0.1795515 1.221174 1
4595530.0234 5437429.0082  27.4021 0.0622402 1.937616 2
4595530.0512 5437428.9483  26.6639 0.0092557 0.708131 3
4595529.9368 5437429.4641  28.0659 0.1508311 1.163295 1
4595530.1161 5437429.0803  23.2693 0.0775749 1.339321 2
4595530.9826 5437427.2251   0.0864 0.0371865 0.970682 3
4595529.8855 5437429.8436  27.7632 0.0440901 1.055325 1
4595530.0236 5437429.5506  24.0744 0.0561543 1.624853 2
4595530.9153 5437427.6577   0.1168 0.0559163 1.053254 3
4595529.8177 5437430.2591  27.8885 0.0958233 1.584047 1
4595530.0543 5437429.7613  21.5452 0.0457501 1.470132 3
4595529.7565 5437430.6601  27.8360 0.0887309 1.192314 1
4595529.8660 5437430.4318  24.8949 0.0154013 0.720589 2
4595529.9667 5437430.2220  22.1874 0.0444475 1.109700 2
4595530.7847 5437428.5163   0.0732 0.1592059 1.046114 3
4595530.7197 5437428.9443   0.0380 0.2253701 1.038502 3
4595530.6532 5437429.3756   0.0405 0.0231646 0.776523 3
4595530.4526 5437430.6723   0.0572 0.0357089 1.036837 3
4595530.6651 5437426.7319  22.9625 0.1212996 1.036599 1
4595530.4491 5437427.4830  26.9819 0.1560624 1.136937 1
4595530.3953 5437427.8687  26.7614 0.0928052 1.152896 1
4595530.5677 5437427.4857  22.1996 0.0910657 1.429066 2
4595530.2748 5437428.4011  28.3176 0.1428523 1.204446 0
4595530.2219 5437428.7836  28.0878 0.1459386 1.107507 0
4595530.1536 5437429.1999  28.2643 0.1622528 1.354626 0
4595530.1072 5437429.5688  27.8474 0.0585238 1.171531 1
4595530.2322 5437429.3003  24.4851 0.0473687 0.964685 2
4595530.2560 5437429.2490  23.8431 0.0238818 0.967502 3
4595530.0539 5437429.9535  27.5919 0.0667464 1.007618 1
4595530.1227 5437429.8070  25.7422 0.0264705 0.968574 2
4595530.2048 5437429.6322  23.5320 0.0269448 1.101529 3
4595529.9914 5437430.3575  27.5842 0.1155895 1.257516 1
4595530.0451 5437430.2442  26.1363 0.0314532 1.045971 2
4595531.0088 5437428.2093   0.0028 0.0429907 1.018189 3
4595529.8307 5437430.9666  30.2299 0.0198222 0.780408 1
4595529.8560 5437430.9136  29.5463 0.0556740 1.188548 2
4595529.9216 5437430.7763  27.7722 0.0426170 1.205793 2
4595530.9406 5437428.6438   0.0601 0.1250343 1.025163 3
4595530.8717 5437429.0804   0.1259 0.0482648 1.067747 3
4595530.6755 5437430.3682   0.0474 0.1082288 1.034488 3
4595530.6092 5437430.7996   0.0315 0.0375012 0.968566 3
4595530.5433 5437431.2294   0.0104 0.0338399 0.932077 3
4595530.6239 5437427.1768  26.8737 0.1123504 1.083780 1
4595530.6506 5437427.1160  26.1651 0.0378844 1.074325 3
4595530.5639 5437427.5755  26.8068 0.0951327 1.127667 1
4595530.7425 5437427.1726  22.0555 0.0414347 1.168356 2
4595530.8706 5437426.8835  18.6420 0.0501957 1.269218 3
4595530.4618 5437428.0692  27.8760 0.0715540 1.073202 1
4595530.5010 5437427.9815  26.8291 0.0753706 1.184118 2
4595530.3942 5437428.4844  28.0316 0.0918955 1.239573 1
4595530.5318 5437428.1788  24.3346 0.0180720 0.757675 3
4595530.3348 5437428.8812  27.9653 0.1632919 1.259973 0
4595530.2709 5437429.2879  28.0212 0.0822436 2.063364 1
4595530.4461 5437428.9053  23.2737 0.0651777 1.184208 2
4595531.3004 5437427.0391   0.0964 0.0760850 1.068041 3
4595530.2193 5437429.6680  27.7354 0.0443435 0.890250 1
4595530.3685 5437429.3447  23.6805 0.0829021 1.778546 3
4595530.1678 5437430.0481  27.4315 0.1124827 1.260061 1
4595530.2315 5437429.9113  25.6987 0.0285139 0.954890 2
4595530.3933 5437429.5639  21.2918 0.0264559 1.051626 3
4595530.0969 5437430.4700  27.6538 0.1014070 1.331474 0
4595529.9365 5437431.0799  30.3185 0.0302066 1.029040 1
4595529.9716 5437431.0059  29.3605 0.0401751 1.281665 2
4595531.0371 5437428.7582   0.0741 0.1416387 1.053363 3
4595530.1235 5437430.9603  23.4631 0.1351231 1.054397 1
4595530.9712 5437429.1883   0.0545 0.0385818 1.098309 3
4595530.7729 5437430.4801   0.0244 0.2835351 1.053710 3
4595530.7063 5437430.9117   0.0212 0.1714760 1.055345 3
4595530.9967 5437426.8096  26.0532 0.0637942 1.005536 1
4595531.0361 5437426.7197  25.0119 0.0491777 1.234396 2
4595530.9171 5437427.2537  26.5187 0.1606934 1.412096 0
4595530.8303 5437427.7135  27.1736 0.1763329 1.267686 0
4595530.7581 5437428.1397  27.4550 0.1269791 1.434739 0
4595530.6835 5437428.5706  27.7979 0.0691350 1.331067 1
4595530.7306 5437428.4665  26.5361 0.0222620 0.802713 2
4595530.8697 5437428.1587  22.8005 0.0552855 1.821545 3
4595530.6188 5437428.9795  27.8754 0.0899999 1.533098 0
4595530.5379 5437429.4233  28.3919 0.0391267 1.016795 0
4595530.5090 5437429.7544  27.4950 0.0468698 0.969198 1
4595530.6650 5437429.4178  23.2553 0.0249426 1.206573 2
4595530.7029 5437429.3361  22.2256 0.0226755 0.949475 3
4595530.4587 5437430.1318  27.1687 0.0643306 1.269285 1
4595530.6426 5437429.7386  22.1580 0.0220179 0.955851 2
4595530.6767 5437429.6658  21.2291 0.0497879 1.039874 3
4595530.2763 5437430.7908  30.4333 0.0557374 1.092388 1
4595530.3945 5437430.5403  27.2141 0.0725784 1.512031 2
4595530.4911 5437430.3354  24.5766 0.0274325 0.960539 2
4595531.3848 5437428.4410   0.1054 0.0337496 1.035372 3
4595530.2200 5437431.1798  30.2675 0.0376024 1.314860 1
4595530.2434 5437431.1307  29.6290 0.0395228 2.012954 2
4595531.3190 5437428.8710   0.0807 0.0430367 1.167298 3
4595531.2528 5437429.3017   0.0646 0.0419825 1.134074 3
4595531.0564 5437430.5899   0.0112 0.0530650 0.959438 0
4595531.2342 5437427.1409  26.1880 0.1047870 1.162681 1
4595531.2652 5437427.0707  25.3683 0.0399190 1.323722 2
4595531.3396 5437426.9020  23.3949 0.0584310 1.553792 3
4595531.1373 5437427.6235  27.1165 0.1440359 1.062458 0
4595531.0579 5437428.0654  27.5900 0.1358182 1.129818 1
4595531.0925 5437427.9881  26.6653 0.0287278 1.167035 2
4595531.1883 5437427.7742  24.1068 0.0233603 1.050682 3
4595531.0687 5437428.3066  25.6456 0.0442783 1.842216 3
4595530.9467 5437428.8424  27.2471 0.0475012 1.083179 1
4595530.9804 5437428.7685  26.3436 0.0749990 0.977675 2
4595530.8236 5437429.3779  28.8931 0.1747065 1.315703 0
4595530.7782 5437429.7442  28.4450 0.1306574 1.115181 1
4595530.8690 5437429.5481  25.9814 0.0431365 1.189396 2
4595531.1160 5437429.0151  19.2936 0.0395183 1.117352 3
4595530.8120 5437429.9407  25.8419 0.0383406 0.877889 1
4595530.9215 5437429.7064  22.8621 0.0671527 1.036974 3
4595530.6415 5437430.5753  28.7903 0.0513643 1.524662 1
4595530.7554 5437430.3336  25.6832 0.0376349 1.055335 3
4595530.5854 5437430.9645  28.6194 0.1263056 1.783451 1
4595530.7248 5437430.6715  24.8070 0.0399023 1.089318 2
4595531.4611 5437429.1234   4.5980 0.0318841 1.132955 2
4595531.6259 5437428.7770   0.0854 0.0847337 1.010152 3
4595531.5607 5437429.2049   0.0410 0.1000097 1.046457 3
4595531.2956 5437430.9279   0.0529 0.1233110 1.048449 3
4595531.2297 5437431.3577   0.0377 0.0527509 1.086862 3
4595531.3994 5437426.7286  26.2350 0.0595502 1.048473 1
4595531.3443 5437427.1162  26.0484 0.1094868 1.807094 1
4595531.4294 5437426.9210  23.7668 0.0644495 1.377400 3
4595531.2420 5437427.6109  27.1292 0.1113784 1.121175 1
4595531.2754 5437427.5350  26.2317 0.0200426 0.759089 2
4595531.3032 5437427.4716  25.4834 0.0716850 1.368086 2
4595531.1589 5437428.0608  27.7056 0.1553038 1.294772 0
4595531.1127 5437428.4277  27.2789 0.0534699 1.079348 2
4595531.1709 5437428.2972  25.7004 0.0593923 1.688154 3
4595530.9966 5437428.9502  28.7324 0.0583242 1.145069 1
4595531.0479 5437428.8361  27.3392 0.0659775 1.362628 2
4595531.0890 5437428.7448  26.2258 0.0286125 1.000513 3
4595530.9300 5437429.3613  28.8528 0.1550243 1.357070 0
4595530.8852 5437429.7247  28.3781 0.0758111 1.195651 1
4595530.9807 5437429.5161  25.7585 0.0478729 1.554781 2
4595531.2267 5437428.9786  19.0264 0.0455277 1.307395 3
4595530.8416 5437430.0870  27.8674 0.0414236 1.016862 1
4595530.9137 5437429.9308  25.8832 0.0311606 0.988700 2
4595531.0256 5437429.6883  22.8000 0.0705691 1.075056 3
4595530.6869 5437430.6878  30.4130 0.0651186 1.080115 1
4595530.7558 5437430.5399  28.5148 0.0690070 1.397911 2
4595530.8573 5437430.3218  25.7121 0.0456672 1.133916 3
4595530.6954 5437430.9374  28.4599 0.0470953 1.553377 1
4595530.8263 5437430.6588  24.8378 0.0381731 1.286008 2
4595531.7177 5437428.7613   0.1007 0.0791915 1.069618 3
4595530.8141 5437430.9577  23.4233 0.0595253 1.122992 3
4595531.3881 5437430.9080   0.0161 0.1008410 1.028507 3
4595531.3190 5437431.3445   0.0859 0.0427956 1.024452 3
4595531.5408 5437426.8718  26.2205 0.0710354 1.058381 1
4595531.4775 5437427.2780  26.2756 0.1094607 1.196802 1
4595531.3851 5437427.7506  27.1027 0.1126734 1.183533 1
4595531.4371 5437427.6318  25.6938 0.0324097 1.332520 3
4595531.3081 5437428.1873  27.5174 0.0491235 1.269693 1
4595531.3629 5437428.0631  26.0265 0.0509435 1.258598 2
4595531.4346 5437427.9002  24.0721 0.0799658 1.252414 2
4595531.5134 5437427.7215  21.9233 0.0649890 2.257508 3
4595531.2344 5437428.6161  27.8364 0.1043557 1.762883 1
4595531.3635 5437428.3254  24.3140 0.0592327 1.188445 3
4595531.1718 5437429.0195  27.8368 0.1027870 1.491529 1
4595531.2368 5437428.8743  26.0588 0.0236255 0.970247 3
4595531.0738 5437429.5014  28.8137 0.1442592 1.138677 1
4595531.3902 5437428.8008  20.1246 0.0227352 0.884992 3
4595531.0276 5437429.8680  28.3807 0.0763139 1.108401 1
4595531.1350 5437429.6323  25.4095 0.0792475 1.594596 3
4595530.9718 5437430.2561  28.2084 0.0213358 0.972035 1
4595530.9905 5437430.2156  27.6913 0.0286354 0.888238 2
4595531.0572 5437430.0703  25.8382 0.0394815 1.007669 2
4595531.1726 5437429.8193  22.6329 0.0648139 1.242198 3
4595530.9057 5437430.6664  28.3209 0.0973861 1.846888 1
4595531.0004 5437430.4623  25.6877 0.0304849 1.014061 3
4595530.8461 5437431.0632  28.2449 0.0334619 1.003197 1
4595531.8485 5437428.9197   0.1858 0.1119376 1.026610 3
4595531.7868 5437429.3402   0.0370 0.0679622 1.009476 3
4595531.7196 5437429.7730   0.0547 0.0359535 1.000535 3
4595531.5218 5437431.0618   0.0416 0.3276815 1.042668 3
4595531.4546 5437431.4939   0.0630 0.1423089 1.065711 3
4595531.7669 5437427.0027  26.0245 0.0772925 1.441553 1
4595531.8927 5437426.7107  22.5630 0.0472131 1.179171 2
4595531.6974 5437427.4231  26.2718 0.1261785 1.292641 1
4595531.8606 5437427.0472  21.7802 0.0162672 0.753473 3
4595531.6368 5437427.8225  26.2682 0.0606240 1.253629 1
4595531.7972 5437427.4561  21.8541 0.0545610 1.221265 2
4595531.5078 5437428.3773  28.1257 0.1504920 1.386627 1
4595531.7203 5437427.8957  22.2860 0.0285607 1.139572 2
4595531.4120 5437428.8557  29.0340 0.1150618 1.525093 0
4595531.3450 5437429.2681  29.1592 0.1322240 1.242095 1
4595531.3897 5437429.1684  27.9338 0.0486265 2.066321 3
4595531.2886 5437429.6569  29.0042 0.2084051 1.169732 0
4595531.2606 5437429.9830  28.0727 0.0746806 1.035168 1
4595531.5866 5437429.2680  19.0299 0.0396547 0.986845 3
4595531.1951 5437430.3924  28.1756 0.1256844 1.161192 1
4595531.2886 5437430.1892  25.5706 0.0366148 1.582268 3
4595531.2664 5437430.5072  24.4469 0.0748645 1.100866 1
4595531.3564 5437430.3132  21.9277 0.0721120 0.953491 2
4595531.3918 5437430.2370  20.9377 0.0456838 1.921453 2
4595532.1370 5437428.6309   0.0974 0.0329206 0.888904 3
4595531.1973 5437430.9267  24.6252 0.0640799 1.357217 1
4595532.0702 5437429.0623   0.0955 0.0660205 1.077762 3
4595531.1674 5437431.2630  23.7004 0.0339943 1.032239 2
4595532.0060 5437429.4879   0.0182 0.0526286 1.075352 3
4595531.8715 5437430.3519   0.0777 0.0826094 1.001467 3
4595531.7408 5437431.2089   0.0349 0.1902896 1.081559 3
4595531.8724 5437427.3479  26.0516 0.1794404 1.244761 1
4595531.7536 5437427.8816  27.6693 0.0393057 1.157408 1
4595531.8102 5437427.7512  26.1036 0.1077199 1.247469 2
4595531.9704 5437427.3818  21.6483 0.0282504 1.113543 2
4595531.6731 5437428.3253  28.2194 0.1930001 1.160995 0
4595531.5723 5437428.8152  29.2835 0.1860981 1.601021 1
4595531.5293 5437429.1731  28.7424 0.0832923 1.400990 1
4595531.6204 5437428.9679  26.2293 0.0426882 1.058058 2
4595531.6935 5437428.8035  24.2144 0.0249266 1.168366 3
4595531.4575 5437429.5956  29.0063 0.1270876 1.121382 0
4595531.4261 5437429.9290  28.1589 0.0719421 1.058558 1
4595531.4892 5437429.7893  26.3926 0.0498436 1.184268 2
4595531.6075 5437429.5274  23.0833 0.0252666 1.187623 3
4595531.3679 5437430.3220  28.0589 0.1028724 1.095276 1
4595531.4557 5437430.1292  25.5927 0.0601045 1.077712 3
4595531.4297 5437430.4543  24.5751 0.0849335 1.137308 1
4595532.2999 5437428.5609   0.0667 0.0493862 0.998067 3
4595531.3609 5437430.8727  24.7484 0.0335478 1.077170 1
4595532.2296 5437428.9993   0.1620 0.1244660 1.041952 3
4595531.3319 5437431.2058  23.7905 0.0374251 1.084282 1
4595532.1660 5437429.4232   0.0660 0.0566546 1.120906 3
4595532.0335 5437430.2828   0.0506 0.0550602 0.969435 3
4595531.9677 5437430.7114   0.0385 0.0231555 0.843731 3
4595531.9012 5437431.1412   0.0552 0.1616381 1.039775 3
4595531.8346 5437431.5718   0.0679 0.3266946 1.151342 3
4595532.0181 5437427.3882  25.7609 0.2081269 1.398699 1
4595531.8960 5437427.9308  27.4988 0.0779792 1.200124 1
4595531.9175 5437427.8810  26.8989 0.0203420 0.784789 2
4595531.9307 5437427.8503  26.5290 0.0840113 2.460197 3
4595531.8075 5437428.3935  28.2893 0.1758117 1.075250 1
4595531.8416 5437428.3148  27.3345 0.0558276 1.228117 3
4595531.7204 5437428.8527  28.9803 0.1526079 1.287163 0
4595531.6703 5437429.2267  28.6328 0.1652529 1.105566 0
4595531.6760 5437429.4751  26.7241 0.1636721 1.451148 0
4595531.6271 5437429.8484  26.3549 0.0468462 1.094727 1
4595531.6588 5437429.7777  25.4601 0.0215374 0.998619 2
4595531.8046 5437429.4525  21.3501 0.0858398 1.045220 3
4595531.5039 5437430.3868  28.0887 0.0559134 1.091150 1
4595531.5924 5437430.1912  25.5781 0.0963352 1.067165 2
4595532.4959 5437428.1927  -0.0566 0.0408286 1.086249 3
4595531.4487 5437430.7730  27.9001 0.0574909 1.066891 1
4595532.4278 5437428.6260   0.0651 0.0412066 0.959122 3
4595531.3908 5437431.1658  27.7793 0.0740339 1.055425 1
4595531.5027 5437430.9226  24.5898 0.0426273 2.003823 2
4595532.3565 5437429.0668   0.1912 0.0467110 1.121873 3
4595531.4671 5437431.2698  23.8145 0.0600589 1.052147 1
4595532.2930 5437429.4907   0.0942 0.1712296 1.056741 3
4595532.1619 5437430.3474   0.0345 0.0450393 1.008760 3
4595532.0962 5437430.7766   0.0197 0.0494002 1.129351 0
4595532.0299 5437431.2066   0.0306 0.0364147 1.035806 3
4595531.9631 5437431.6374   0.0439 0.2679194 1.163058 3
4595532.2034 5437427.6106  26.3142 0.1700955 1.522959 0
4595532.1263 5437428.0482  26.8113 0.0502682 1.429984 1
4595532.1834 5437427.9156  25.1999 0.0905449 1.358586 2
4595532.0032 5437428.5913  28.5767 0.0414272 1.030319 1
4595532.0637 5437428.4519  26.8891 0.0520643 1.270334 3
4595531.9631 5437428.9426  27.9548 0.1236894 1.267864 1
4595532.0723 5437428.6931  24.9144 0.0364771 1.161386 3
4595532.0239 5437429.0657  24.5020 0.0508474 1.082594 1
4595532.0907 5437428.9145  22.6365 0.1249145 1.107486 3
4595531.8280 5437429.7702  28.2449 0.0628969 1.057480 1
4595531.9645 5437429.4635  24.4014 0.0480596 0.963558 2
4595532.8237 5437427.5320  -0.0538 0.0280783 0.875057 3
4595531.7528 5437430.2016  28.6234 0.1197895 1.183078 0
4595532.0674 5437429.7706  17.9144 0.1707649 1.836302 0
4595531.7806 5437430.6714  24.2986 0.1425855 1.444661 1
4595531.9575 5437430.2837  19.2352 0.0251308 0.864907 2
4595532.1493 5437429.8637  13.7577 0.0582502 1.479352 3
4595531.5927 5437431.3484  27.9086 0.0273931 0.940623 1
4595531.6974 5437431.1210  24.9003 0.0899491 1.391964 2
4595532.2423 5437429.9379   9.2475 0.1016629 1.371168 3
4595532.3341 5437430.0218   4.7245 0.1442218 1.939649 3
4595532.4158 5437430.1328   0.4521 0.1015372 1.184258 3
4595532.3615 5437430.5371   0.0963 0.1422324 1.014659 3
4595532.2982 5437430.9609   0.0286 0.0590417 1.078671 3
4595532.2322 5437431.3896   0.0367 0.0844331 1.111203 3
4595532.4718 5437427.3028  25.9547 0.1489523 1.002064 1
4595532.5071 5437427.2193  24.9515 0.0375358 1.075181 3
4595532.3819 5437427.7706  26.8389 0.0381696 1.674688 1
4595532.4199 5437427.6816  25.7619 0.0196358 1.035678 2
4595532.4475 5437427.6168  24.9758 0.1446338 1.114998 3
4595532.2932 5437428.2352  27.6815 0.1282836 0.988778 1
4595532.3204 5437428.1719  26.9096 0.1108034 1.429907 3
4595532.2347 5437428.6287  27.6302 0.1367474 0.962910 1
4595532.2628 5437428.5637  26.8459 0.0221331 1.202366 3
4595532.1609 5437429.0574  27.9445 0.2186686 1.068383 0
4595532.2105 5437429.2047  24.7933 0.1889582 1.199524 0
4595532.0214 5437429.8946  28.3638 0.1438142 1.206876 1
4595532.0818 5437429.7586  26.6550 0.0397273 0.995234 2
4595532.1667 5437429.5672  24.2508 0.0279789 1.036635 3
4595532.1047 5437429.9717  24.2284 0.0504414 1.065895 1
4595532.9570 5437428.0685  -0.0927 0.0457568 0.971924 3
4595532.0392 5437430.3833  24.3096 0.0457420 0.996869 1
4595532.0599 5437430.3374  23.7165 0.0153339 0.837632 2
4595532.2190 5437429.9852  19.1711 0.0332374 1.071931 2
4595532.8896 5437428.5007   0.0717 0.1109212 1.108779 3
4595531.9723 5437430.7978  24.4417 0.1714163 1.530690 0
4595532.4664 5437429.9914   8.3799 0.1051573 1.036910 1
4595532.6002 5437429.7005   4.5307 0.0799468 1.004652 3
4595532.3831 5437430.4522   8.8984 0.0385304 1.025184 1
4595532.5318 5437430.1316   4.5941 0.0948909 1.050280 2
4595532.6312 5437429.9173   1.7201 0.0427878 1.278955 3
4595532.6178 5437430.2335   0.1747 0.2137255 1.045156 0
4595532.5557 5437430.6540   0.0473 0.1125390 1.064671 3
4595532.4901 5437431.0823   0.0457 0.1188894 0.999031 3
4595532.4246 5437431.5102   0.0374 0.1142575 1.059320 3
4595532.6032 5437427.3111  25.8553 0.1482725 1.076285 1
4595532.6390 5437427.2256  24.8317 0.0494553 1.387368 2
4595532.4910 5437427.8320  27.3911 0.1023619 1.052256 1
4595532.5347 5437427.7284  26.1385 0.0736764 2.093105 3
4595532.4200 5437428.2551  27.7431 0.0368462 0.924162 1
4595532.4512 5437428.1818  26.8469 0.0209468 0.715739 3
4595532.3571 5437428.6583  27.8202 0.2058451 1.749752 0
4595532.2900 5437429.0719  27.9462 0.1609688 1.053043 1
4595532.3632 5437428.9027  25.8776 0.0618130 1.448840 2
4595532.4024 5437428.8121  24.7705 0.0371411 1.172825 3
4595532.3476 5437429.1987  24.5400 0.0319733 1.242326 1
4595532.4736 5437428.9095  20.9608 0.0225305 0.877082 3
4595532.1464 5437429.9187  28.4828 0.1463376 1.045911 1
4595532.2119 5437429.7699  26.6137 0.0499199 1.155329 3
4595532.2314 5437429.9882  24.2609 0.0279785 0.962231 1
4595532.2615 5437429.9204  23.3988 0.0476859 1.030639 2
4595533.0784 5437428.0778  -0.1422 0.1031302 1.088759 3
4595532.1811 5437430.3663  23.8983 0.0472309 1.190479 1
4595533.0100 5437428.5126   0.0519 0.1113879 1.063554 3
4595532.0955 5437430.8226  24.5721 0.2344856 1.269635 0
4595532.5837 5437430.0174   8.5232 0.0759702 1.094351 1
4595532.8747 5437429.3779   0.0674 0.3382178 1.047225 3
4595532.8049 5437429.8151   0.1491 0.1418327 1.079952 3
4595532.5860 5437430.5740   4.6162 0.0496798 1.143004 1
4595532.7384 5437430.2452   0.1392 0.2361860 1.023975 3
4595532.6751 5437430.6683   0.0470 0.0600083 1.035237 3
4595532.6111 5437431.0926  -0.0002 0.1320866 1.053488 3
4595532.5441 5437431.5237   0.0352 0.1628168 1.031144 3
4595532.7483 5437427.4834  25.9278 0.1402715 1.195715 0
4595532.6642 5437427.9380  26.6789 0.1987089 1.897731 0
4595532.5626 5437428.4336  27.9265 0.1314938 1.102236 1
4595532.6077 5437428.3271  26.6216 0.0558413 1.496511 3
4595532.5149 5437428.8019  27.5197 0.0823282 1.515096 1
4595532.6913 5437428.3893  22.4905 0.0294544 1.140976 2
4595532.4380 5437429.2382  27.9301 0.0555499 1.154541 1
4595532.5231 5437429.0409  25.5067 0.0509668 1.114627 2
4595532.7255 5437428.5711  19.7477 0.0429264 1.275808 3
4595532.3802 5437429.6296  27.7997 0.0560663 1.044688 1
4595532.4376 5437429.4976  26.1574 0.0307272 1.576637 2
4595532.4819 5437429.3957  24.8906 0.0653691 1.283562 3
4595532.3626 5437429.9304  26.5112 0.1153780 1.073621 1
4595532.4927 5437429.6332  22.7657 0.0651421 1.833599 3
4595533.2178 5437428.2562  -0.0759 0.2045168 1.088767 3
4595532.3198 5437430.5524  24.1292 0.0441047 1.117131 1
4595533.1483 5437428.6926   0.0905 0.0726944 1.012227 3
4595532.2392 5437430.9982  24.6715 0.1384862 1.124352 1
4595533.0812 5437429.1246   0.0767 0.0655856 1.129767 3
4595532.7176 5437430.2100   8.7612 0.0429961 0.990100 1
4595532.7665 5437430.1022   7.3284 0.0362420 0.940542 2
4595532.9707 5437429.6519   1.3443 0.0271969 1.082186 2
4595533.0137 5437429.5569   0.0823 0.2547349 1.059518 3
4595532.2815 5437431.4416  19.7535 0.0322092 1.041620 1
4595532.8867 5437430.1189   1.8555 0.0670737 1.161696 2
4595532.9459 5437429.9896   0.1136 0.1186347 1.092512 3
4595532.5569 5437431.1185   9.6963 0.0589950 1.119674 1
4595532.8763 5437430.4267   0.1911 0.1482174 1.014627 3
4595532.8147 5437430.8464   0.0659 0.1358850 1.069227 3
4595532.7503 5437431.2720   0.0275 0.0838314 1.022181 3
4595532.6828 5437431.7044   0.0697 0.0896383 1.025958 3
4595532.9896 5437427.5923  26.0500 0.1165289 1.197452 1
4595532.8807 5437428.1051  27.5365 0.0669699 1.025060 1
4595532.9177 5437428.0173  26.4642 0.1355519 1.369872 2
4595533.0065 5437427.8065  23.8850 0.0283536 1.305757 3
4595532.8293 5437428.4819  27.3447 0.1057235 1.010106 1
4595532.8579 5437428.4146  26.5153 0.0297862 1.164960 2
4595532.9424 5437428.2154  24.0568 0.0146357 0.684696 3
4595532.7512 5437428.9210  27.7810 0.1362022 1.098714 1
4595532.8775 5437428.6259  24.2036 0.0265277 1.012616 3
4595532.6806 5437429.3421  28.0060 0.2129030 1.590890 1
4595532.7356 5437429.2145  26.4370 0.0253046 1.181801 3
4595532.6193 5437429.7414  27.9697 0.0803729 0.970421 1
4595532.7405 5437429.4626  24.4941 0.0292206 0.998283 2
4595532.7992 5437429.3278  22.8148 0.0688953 1.264840 2
4595532.6546 5437429.9202  25.1573 0.1569098 1.005024 0
4595532.5902 5437430.3288  25.1964 0.0949985 1.099519 1
4595532.6469 5437430.2008  23.5571 0.0584071 1.244805 2
4595533.4641 5437428.3526  -0.1039 0.0427966 1.261333 3
4595532.5704 5437430.6367  23.9583 0.0550136 1.728192 1
4595533.3939 5437428.7902   0.0388 0.2011644 1.066331 3
4595532.6696 5437430.6825  19.2164 0.0380998 1.159450 1
4595533.3257 5437429.2244   0.0508 0.2048211 1.023045 3
4595532.5985 5437431.1095  19.4661 0.0354362 1.020926 1
4595533.2563 5437429.6604   0.1082 0.1438125 1.058569 3
4595532.5266 5437431.5378  19.7350 0.0366482 0.902236 1
4595533.1882 5437430.0936   0.1404 0.3280971 1.060655 3
4595533.1200 5437430.5265   0.1837 0.1640832 1.087494 3
4595533.0570 5437430.9490   0.1002 0.2299893 1.030148 3
4595532.9923 5437431.3749   0.0717 0.1916750 1.074292 3
4595532.9270 5437431.8021   0.0388 0.1438728 1.054718 3
4595533.1741 5437427.5125  25.9900 0.0672048 1.189354 1
4595533.0647 5437428.0276  27.5101 0.0691748 0.990584 1
4595533.1038 5437427.9340  26.3673 0.1066604 1.381273 2
4595533.1936 5437427.7190  23.7348 0.0630189 1.727762 3
4595533.0125 5437428.4057  27.3480 0.0892523 1.024825 1
4595533.1281 5437428.1311  23.9595 0.0662507 1.072881 3
4595532.9348 5437428.8437  27.7954 0.1402796 1.086928 1
4595533.0598 5437428.5492  24.2396 0.0376699 0.988120 2
4595533.1134 5437428.4228  22.6832 0.0262344 1.131990 3
4595532.8690 5437429.2536  27.8764 0.1218581 1.457596 1
4595532.9189 5437429.1367  26.4460 0.0385799 1.154335 3
4595532.8018 5437429.6663  28.0009 0.0909506 1.017959 1
4595532.9270 5437429.3758  24.3937 0.0376998 1.402668 2
4595532.9838 5437429.2439  22.7589 0.0755154 1.251979 2
4595532.8390 5437429.8388  25.1093 0.1314677 1.126997 1
4595532.9374 5437429.6123  22.2576 0.0433649 1.346076 3
4595532.7725 5437430.2515  25.2070 0.0593427 1.062412 1
4595532.8297 5437430.1209  23.5406 0.0367441 1.093764 2
4595533.6373 5437428.2779   0.0035 0.0544261 1.291318 3
4595532.7602 5437430.5411  23.7277 0.0978760 1.336340 1
4595533.5710 5437428.7064   0.0647 0.0886533 1.042175 3
4595532.8493 5437430.6061  19.2516 0.0482926 1.049822 1
4595533.0197 5437430.2238  14.2349 0.0328334 1.038943 2
4595533.5025 5437429.1408   0.0718 0.1510477 1.040677 3
4595532.7802 5437431.0285  19.4379 0.0447270 1.134750 1
4595533.4349 5437429.5726   0.0641 0.1895318 1.120737 3
4595532.7105 5437431.4514  19.6452 0.0481359 0.963092 1
4595533.3667 5437430.0053   0.0979 0.2351408 1.052347 3
4595533.0442 5437430.9937   7.7529 0.0446666 0.970639 1
4595533.1219 5437430.8241   5.4230 0.0227668 0.959875 2
4595533.2981 5437430.4393   0.1414 0.1924265 1.045086 3
4595533.2351 5437430.8614   0.0471 0.2019776 1.049447 3
4595533.1696 5437431.2887   0.0367 0.1360156 1.045181 3
4595533.1035 5437431.7175   0.0331 0.1798373 1.055232 3
4595533.2113 5437427.9436  26.3528 0.1502273 1.154249 1
4595533.2849 5437427.7654  24.1700 0.0465100 1.910989 3
4595533.1171 5437428.4228  27.4419 0.1429981 1.016673 1
4595533.1473 5437428.3504  26.5489 0.1015909 1.141981 2
4595533.0411 5437428.8581  27.8401 0.1071329 1.305510 1
4595533.0979 5437428.7225  26.2049 0.0354481 1.388276 2
4595533.1642 5437428.5643  24.2974 0.0272586 1.034779 3
4595532.9811 5437429.2543  27.7506 0.0731084 1.041038 1
4595533.0264 5437429.1473  26.4415 0.0780582 1.217763 2
4595533.1530 5437428.8475  22.7780 0.0236070 0.999376 3
4595533.0425 5437429.3653  24.1340 0.1673045 1.112904 1
4595533.0975 5437429.2363  22.5363 0.0500692 1.554077 2
4595532.9483 5437429.8439  25.0385 0.0466315 0.976666 1
4595532.9775 5437429.7759  24.1838 0.0654185 1.593608 2
4595533.0344 5437429.6434  22.5155 0.0550611 1.414226 3
4595532.8827 5437430.2556  25.1124 0.1427212 1.073380 1
4595532.9341 5437430.1369  23.5988 0.0695831 1.165978 2
4595533.0957 5437429.7635  18.8386 0.0232607 0.809589 2
4595533.7390 5437428.2778  -0.1254 0.0518221 1.103751 3
4595532.8659 5437430.5550  23.7506 0.0361299 1.010458 1
4595533.6153 5437428.8386   1.6194 0.0227795 0.803818 2
4595533.6687 5437428.7165   0.0529 0.1501608 1.032163 3
4595532.9570 5437430.6107  19.1697 0.0905091 1.016884 1
4595533.6009 5437429.1487   0.0494 0.3505546 1.057867 3
4595532.8846 5437431.0414  19.4561 0.0288446 1.030530 1
4595533.5309 5437429.5867   0.1065 0.2432216 1.086995 3
4595532.8192 5437431.4552  19.5383 0.0317308 0.995298 1
4595533.4640 5437430.0168   0.1008 0.4479464 1.054044 3
4595533.2205 5437430.8381   5.4490 0.0395551 1.160463 1
4595533.3962 5437430.4499   0.1202 0.2403969 1.058460 3
4595533.3330 5437430.8718   0.0414 0.1374506 1.036044 3
4595533.2671 5437431.3007   0.0422 0.0749063 1.181309 3
4595533.2020 5437431.7275   0.0092 0.1505799 1.105737 3
4595533.4538 5437428.2295  26.8975 0.0488475 1.150881 1
4595533.5426 5437428.0157  24.2612 0.0392325 1.129460 2
4595533.5848 5437427.9143  23.0137 0.0258806 0.843495 3
4595533.4017 5437428.6073  26.7028 0.1890796 1.071297 1
4595533.4690 5437428.7021  22.9421 0.0551509 0.911892 1
4595533.4973 5437428.6350  22.1281 0.0690811 1.528319 2
4595533.2699 5437429.4289  26.8400 0.1915021 1.033963 0
4595533.2065 5437429.8336  26.8531 0.2029043 1.053879 0
4595533.2219 5437430.0561  24.5591 0.0339799 1.150308 1
4595533.3744 5437429.7034  20.0891 0.0587949 1.481757 2
4595534.0619 5437428.1133  -0.1281 0.0387144 1.028212 3
4595533.1370 5437430.5117  25.2014 0.0619108 1.028713 1
4595533.1909 5437430.3880  23.6115 0.0329558 1.199839 2
4595533.9936 5437428.5469   0.0597 0.1469040 1.037749 3
4595533.1233 5437430.8039  23.7700 0.0487714 1.102177 1
4595533.9265 5437428.9775   0.0392 0.1812514 1.075788 3
4595533.2994 5437430.6713  16.6378 0.0258621 1.061937 2
4595533.8577 5437429.4126   0.0579 0.0915054 1.097015 3
4595533.1426 5437431.2913  19.4545 0.0711575 1.241454 1
4595533.7902 5437429.8444   0.0597 0.1284373 1.047224 3
4595533.7229 5437430.2755   0.0565 0.2332388 1.075396 3
4595533.6551 5437430.7079   0.0904 0.0934547 1.041788 3
4595533.5899 5437431.1341   0.0708 0.0503903 1.081290 3
4595533.5253 5437431.5601   0.0270 0.0324350 1.018456 3
4595533.8382 5437427.9836  22.9025 0.0692667 1.566527 1
4595533.8618 5437427.9266  22.2014 0.0265861 1.229756 2
4595533.8930 5437427.8517  21.2797 0.0396339 1.389430 2
4595533.7798 5437428.3787  22.9142 0.0871433 1.027374 2
4595533.8339 5437428.2496  21.3053 0.0746690 1.078965 2
4595533.8696 5437428.1645  20.2445 0.0281450 0.893185 3
4595533.7171 5437428.7835  22.9241 0.0864140 0.987720 1
4595533.7458 5437428.7155  22.1000 0.0309442 1.186893 2
4595533.5119 5437429.5240  26.9847 0.1137348 1.043014 1
4595533.6572 5437429.1827  22.7897 0.0408629 2.217471 2
4595533.7501 5437428.9645  20.1088 0.0721735 1.221369 3
4595533.5260 5437429.7471  24.7372 0.0892948 1.289259 1
4595533.5888 5437429.6008  22.9095 0.0621894 1.108778 2
4595533.4716 5437430.1320  24.4725 0.0751057 1.084699 1
4595533.6936 5437429.6189  17.9760 0.0495925 1.004894 2
4595534.3089 5437428.1968  -0.1053 0.0750770 1.101765 3
4595533.6027 5437430.0924  18.7452 0.0992210 1.057418 1
4595534.2410 5437428.6296   0.0211 0.1191465 1.065369 3
4595533.5367 5437430.5081  18.7934 0.0763730 1.076626 1
4595534.1717 5437429.0650   0.0540 0.0782401 1.108006 3
4595533.4666 5437430.9326  19.0045 0.0965076 1.124580 1
4595534.1045 5437429.4956   0.0267 0.1102060 1.006698 3
4595534.0375 5437429.9254   0.0160 0.2955286 1.083504 0
4595533.6757 5437431.0079   8.8795 0.0395844 1.349092 1
4595533.7774 5437430.7828   5.8093 0.0322232 1.290979 2
4595533.9688 5437430.3592   0.0501 0.3789376 1.026636 3
4595533.9012 5437430.7911   0.0717 0.1658895 1.079978 3
4595533.8358 5437431.2178   0.0443 0.0355614 0.917283 3
4595533.9167 5437427.9732  23.0679 0.1053023 1.090279 1
4595533.8644 5437428.3536  22.8962 0.0850390 1.010812 1
4595533.9205 5437428.2176  21.2039 0.0548970 1.140332 2
4595533.8015 5437428.7588  22.9233 0.1246321 0.993216 1
4595533.8308 5437428.6885  22.0718 0.0351268 1.095704 2
4595533.9293 5437428.4518  19.1793 0.0371102 0.982900 2
4595533.5986 5437429.4989  26.9716 0.0863106 1.163182 1
4595533.7392 5437429.1636  22.8566 0.0735170 1.064259 2
4595533.8362 5437428.9325  20.0203 0.0501755 1.135941 3
4595533.6087 5437429.7294  24.8098 0.0595169 0.921099 1
4595533.6759 5437429.5705  22.8272 0.0351477 1.191825 3
4595533.5546 5437430.1133  24.5314 0.1382213 1.110018 1
4595533.7712 5437429.6052  18.1090 0.0245397 0.881875 2
4595533.4701 5437430.5678  25.1693 0.0903451 1.087990 1
4595534.3147 5437428.6030   0.0352 0.1381835 1.046743 3
4595533.6168 5437430.4889  18.8649 0.0436987 1.135069 1
4595533.6894 5437430.3214  16.6921 0.0605101 1.070661 2
4595534.2460 5437429.0377   0.0513 0.1273747 1.067663 3
4595533.5489 5437430.9084  19.0134 0.0829860 1.182598 1
4595534.1776 5437429.4706   0.0629 0.1161418 1.152147 3
4595533.4743 5437431.3431  19.3666 0.0258814 0.951123 1
4595534.1113 5437429.8993   0.0276 0.2835979 1.051532 3
4595534.0430 5437430.3323   0.0499 0.3291722 1.049683 0
4595533.7903 5437431.1763   5.7549 0.0410906 1.034582 2
4595533.9766 5437430.7617   0.0328 0.1132026 1.077560 3
4595533.9099 5437431.1908   0.0454 0.0668093 1.057797 3
4595533.8435 5437431.6201   0.0411 0.1244737 1.040877 3
4595533.7778 5437432.0476   0.0141 0.0860858 1.124637 3
4595534.0675 5437428.5898  21.1331 0.0850786 1.031469 1
4595534.0965 5437428.5196  20.2836 0.0755419 1.071515 2
4595534.1334 5437428.4306  19.1740 0.0342964 1.159849 3
4595533.9471 5437429.1339  22.7706 0.0454027 0.996709 1
4595534.0428 5437428.9045  19.9580 0.0939593 1.306339 2
4595533.8091 5437429.7183  24.9511 0.0681887 1.043013 1
4595533.9809 5437429.3095  19.8666 0.0618330 1.467692 2
4595534.0113 5437429.2373  18.9700 0.0557413 1.056658 2
4595533.7525 5437430.1076  24.7436 0.0839884 1.113452 1
4595533.9557 5437429.8899  16.7606 0.0476655 1.004475 1
4595534.5168 5437428.5769   0.0079 0.1542565 1.004115 3
4595533.8252 5437430.4557  18.7364 0.0462116 1.082510 1
4595533.8956 5437430.2924  16.6202 0.0304712 0.920765 2
4595534.4467 5437429.0137   0.0692 0.1806219 1.013130 3
4595533.7583 5437430.8737  18.8361 0.0272592 0.840738 1
4595533.8306 5437430.7074  16.6370 0.0329741 1.089409 2
4595534.3791 5437429.4456   0.0500 0.1966683 1.057072 3
4595533.6917 5437431.2901  18.9423 0.0728945 0.987275 1
4595534.3119 5437429.8758   0.0431 0.1445310 1.036422 3
4595534.2450 5437430.3056   0.0237 0.3914751 1.074407 0
4595534.1753 5437430.7422   0.1011 0.1068460 1.095324 3
4595534.1098 5437431.1682   0.0657 0.1577147 1.051473 3
4595534.0439 5437431.5963   0.0410 0.0782306 1.151708 3
4595533.9780 5437432.0241   0.0192 0.0391016 1.195157 3
4595534.3555 5437428.2385  21.1168 0.0487077 1.031767 1
4595534.3398 5437428.5308  19.7935 0.1078374 1.334140 1
4595534.2726 5437428.9483  19.8556 0.0968612 1.251004 1
4595534.3276 5437428.8163  18.2358 0.0301156 1.060920 2
4595534.3637 5437428.7295  17.1701 0.0517310 1.127696 2
4595534.2074 5437429.3607  19.8629 0.0602116 1.262736 1
4595534.3006 5437429.1385  17.1015 0.0403633 1.293173 2
4595533.9732 5437430.1734  24.9233 0.1395315 0.983216 1
4595534.1797 5437429.9456  16.8163 0.0382968 0.961081 1
4595534.7379 5437428.6372   0.1078 0.3536907 1.133564 3
4595534.0518 5437430.5056  18.7204 0.1188054 1.060514 1
4595534.6696 5437429.0693   0.1118 0.1087585 1.059475 3
4595533.9832 5437430.9271  18.8645 0.0289183 0.869725 1
4595534.1359 5437430.5751  14.2128 0.0288210 0.849527 2
4595534.6028 5437429.4990   0.0638 0.1866652 1.056878 3
4595533.9161 5437431.3446  18.9720 0.0355759 1.040026 1
4595534.5348 5437429.9310   0.0724 0.3130026 1.033791 3
4595534.4669 5437430.3627   0.0795 0.3128367 1.061209 3
4595534.3343 5437431.2187   0.0325 0.0805663 1.063819 3
4595534.2675 5437431.6485   0.0264 0.2715404 1.004823 3
4595534.4150 5437428.5515  19.7850 0.0862073 1.040827 1
4595534.3460 5437428.9737  19.9051 0.0734430 1.153050 1
4595534.2820 5437429.3831  19.8769 0.0527046 1.116470 1
4595534.3759 5437429.1561  17.0562 0.0349882 1.060737 2
4595534.0483 5437430.1997  24.9966 0.0460370 1.149703 1
4595534.1848 5437430.1296  18.9012 0.0449901 1.022014 1
4595534.2547 5437429.9635  16.7751 0.0190509 0.811344 2
4595534.8038 5437428.6577   0.1010 0.2302002 1.068481 3
4595534.1273 5437430.5249  18.6876 0.0843418 1.102982 1
4595534.2730 5437430.1810  14.2263 0.0259069 1.069892 2
4595534.7362 5437429.0888   0.0817 0.1261178 1.007818 3
4595534.0591 5437430.9446  18.8239 0.0856769 1.061059 1
4595534.6682 5437429.5203   0.0771 0.1483119 1.056486 3
4595534.5209 5437430.1362   2.5347 0.0351156 0.878983 1
4595534.6000 5437429.9528   0.0922 0.4107743 1.067960 3
4595534.5336 5437430.3814   0.0472 0.3065196 1.070026 3
4595534.4657 5437430.8132   0.0652 0.1148302 1.054204 3
4595534.4014 5437431.2366  -0.0239 0.1425793 1.098476 3
4595534.3323 5437431.6709   0.0446 0.0855373 1.143465 3
4595534.2661 5437432.0985   0.0306 0.0415025 1.026451 3
4595534.6054 5437428.8045  18.2681 0.0579418 1.094064 1
4595534.6478 5437428.7005  16.9948 0.0468710 1.059979 2
4595534.5213 5437429.5201  16.8579 0.0365499 0.971092 0
4595534.4597 5437429.9260  16.7551 0.0487224 1.003886 1
4595534.5429 5437429.7270  14.2139 0.0214266 0.900242 2
4595534.3326 5437430.4870  18.6674 0.0460441 1.065296 1
4595534.9034 5437429.1324   1.1561 0.0239635 0.976837 2
4595534.9379 5437429.0504   0.0984 0.1629692 1.083568 3
4595534.2645 5437430.9075  18.7901 0.0663778 1.055934 1
4595534.8709 5437429.4803   0.0565 0.1677429 1.078947 3
4595534.8020 5437429.9144   0.0918 0.3141027 1.060037 0
4595534.6565 5437430.5256   2.5182 0.0232791 0.846654 1
4595534.7344 5437430.3454   0.0892 0.4338586 1.034815 3
4595534.6006 5437431.2042   0.0620 0.2399227 1.072162 3
4595534.5349 5437431.6303   0.0170 0.0669556 1.071792 3
4595534.4680 5437432.0596   0.0157 0.1232918 1.067312 3
4595534.8972 5437429.0819  16.7573 0.0807913 1.107963 1
4595534.8344 5437429.4908  16.6735 0.0392166 0.994106 1
4595534.7683 5437429.9079  16.7012 0.0462372 1.013351 0
4595535.0529 5437429.4937   6.0081 0.0279095 0.949252 1
4595535.1783 5437429.4679   0.0950 0.2951843 1.153998 0
4595535.1093 5437429.9021   0.1326 0.4786338 1.046628 0
4595535.0422 5437430.3319   0.1141 0.5771007 1.057597 0
4595534.7874 5437431.1908   5.9707 0.0767734 1.265402 1
4595534.9750 5437430.7619   0.1042 0.3221310 1.061075 3
4595534.9097 5437431.1874   0.0372 0.3723962 1.072840 0
4595534.8423 5437431.6179   0.0413 0.2610472 1.083220 3
4595534.7765 5437432.0447  -0.0031 0.2368661 1.090932 3
4595535.0844 5437429.0374  16.7135 0.0827673 1.059433 1
4595535.0211 5437429.4468  16.6402 0.0433650 1.132020 1
4595534.9518 5437429.8712  16.7579 0.0561209 0.989889 1
4595534.8807 5437430.2993  16.9404 0.0496970 1.091658 1
4595535.0765 5437430.0953   8.8676 0.0285870 1.078709 1
4595535.3599 5437429.4243   0.1022 0.3835235 1.139344 3
4595535.2911 5437429.8576   0.1282 0.3726637 1.079943 0
4595535.2230 5437430.2887   0.1370 0.3577413 1.102526 0
4595534.9689 5437431.1497   6.0013 0.0734124 1.200109 1
4595535.1573 5437430.7153   0.0729 0.2572943 1.132888 3
4595535.0911 5437431.1420   0.0327 0.3942686 1.097700 0
4595535.0248 5437431.5699  -0.0124 0.4258111 1.052048 3
4595535.1550 5437429.0695  16.7033 0.0676407 1.042057 1
4595535.0898 5437429.4829  16.6880 0.0606391 0.957923 1
4595534.9516 5437430.3298  16.9172 0.0389307 1.007307 1
4595535.4203 5437429.4607   0.1485 0.3799682 1.102092 0
4595535.3534 5437429.8891   0.1104 0.4508899 1.039985 0
4595535.1056 5437430.7447   5.8192 0.0281209 0.915708 1
4595535.2849 5437430.3211   0.1223 0.4684326 1.090460 3
4595535.2179 5437430.7500   0.0970 0.3823193 1.052785 0
4595535.1520 5437431.1759   0.0356 0.4652195 1.038421 0
4595535.6269 5437429.6420   0.1788 0.5868807 1.064855 0
4595535.5603 5437430.0695   0.1400 0.4261330 1.061483 0
4595535.4938 5437430.4973   0.0942 0.4909604 1.061770 0
4595535.6504 5437429.4804  16.7343 0.0919789 1.038795 1
4595535.3518 5437430.6157   0.1150 0.0456459 1.001620 3
4595535.0329 5437431.3967   0.0715 0.0301467 0.893197 3
4595534.7238 5437431.8920   0.0383 0.2063493 1.148438 3
4595534.7383 5437431.4227   0.0133 0.1019230 1.056517 3
4595534.6752 5437431.7349  -0.0138 0.0296553 0.886015 3
4595534.9521 5437430.7447   5.9006 0.0325499 0.830386 1
4595534.5789 5437431.7348   0.0071 0.4204742 1.131603 3
4595534.5943 5437431.2615   0.0020 0.0550012 1.147603 3
4595534.4334 5437429.9660   0.0969 0.0903366 1.004894 3
4595534.5105 5437431.9541   0.0866 0.2332818 1.050515 0
4595535.4981 5437429.8175  16.8782 0.0537999 1.037957 0
4595535.3033 5437429.6756  16.8627 0.0488237 0.998865 1
4595534.2949 5437432.0752  -0.0291 0.0696148 1.184102 3
