    X-Koord.     Y-Koord. Z-Koord.      Int.   Pulsb. W
4595551.7818 5437448.1155   0.0673 0.0505107 0.989375 3
4595551.8110 5437447.6259   0.0869 0.6471488 1.059980 0
4595551.8864 5437447.3487   0.9073 0.0238787 0.783667 2
4595551.8355 5437447.1152   0.0233 0.2361334 1.095216 3
4595551.8637 5437446.6206   0.0215 0.2251106 1.120114 3
4595551.9271 5437445.6642   0.1078 0.1404214 1.252858 3
4595551.9555 5437445.1708   0.0757 0.1457154 1.208450 3
4595551.9833 5437444.6723   0.0207 0.0985108 1.114034 3
4595552.0239 5437444.2355   0.2001 0.1119330 0.959769 3
4595550.7261 5437447.8875  -0.0550 0.0809294 1.014768 3
4595550.8495 5437445.9586   0.0864 0.2866771 1.095073 3
4595550.9470 5437444.5312   0.2327 0.0753994 1.469692 3
4595550.9994 5437443.5211   0.0600 0.1514779 1.064473 3
4595549.8160 5437445.5626   0.0524 0.0586413 1.029342 3
4595549.8470 5437445.0791   0.0615 0.0575887 1.057996 3
4595549.9418 5437443.6388   0.0746 0.2388193 1.080316 3
4595551.3497 5437448.2540  22.5275 0.0597315 1.296418 1
4595551.5227 5437448.4596  24.9789 0.0310439 1.055063 2
4595551.4291 5437448.0255  23.4083 0.0600121 0.981561 2
4595551.6299 5437447.7743  25.8813 0.0296311 0.950378 2
4595551.6496 5437447.2714  25.7621 0.0683510 1.086025 1
4595551.4506 5437446.3338  22.4084 0.0352411 1.136633 2
4595551.3538 5437445.8776  20.7488 0.0472374 1.298965 2
4595551.9221 5437447.9678  29.8995 0.1687226 1.767432 0
4595551.8637 5437446.5048  28.0222 0.1610072 1.325201 1
4595551.6520 5437445.4914  24.3963 0.0427401 1.631282 3
4595551.7541 5437445.3831  25.6653 0.0279380 0.942011 1
4595551.6799 5437445.0258  24.3896 0.0953334 1.617371 2
4595551.8967 5437445.4722  27.6336 0.0477328 1.024833 1
4595551.7789 5437444.9026  25.5997 0.0509679 1.034235 2
4595551.7190 5437444.0104  24.0665 0.1169110 1.142460 1
4595548.8648 5437449.4890   1.3757 0.0595147 1.048269 3
4595549.0189 5437445.2250   0.0426 0.4390795 1.066230 3
4595549.0483 5437444.7332   0.0058 0.2149740 1.085036 3
4595549.0802 5437444.2523   0.0086 0.1542368 1.017118 3
4595549.1155 5437443.7865   0.0650 0.0523077 1.064384 3
4595550.8087 5437449.0068  26.4917 0.0358830 0.941707 1
4595550.7459 5437448.1281  25.0065 0.0790191 1.136347 2
4595550.6171 5437447.5368  22.8770 0.0538302 1.421469 2
4595550.9761 5437448.5957  28.3699 0.0422347 0.950455 1
4595550.7873 5437447.1304  24.7910 0.0512651 1.361009 1
4595550.7177 5437446.2104  23.1557 0.1019563 1.135250 1
4595550.9147 5437446.5329  25.9994 0.0461776 1.102636 1
4595550.7540 5437445.7800  23.2875 0.0388599 1.121432 2
4595550.9227 5437445.9748  25.6556 0.1117568 1.057649 1
4595550.7691 5437445.2517  23.0581 0.0719338 1.207189 2
4595551.1959 5437446.6692  29.7939 0.0546964 1.057288 1
4595550.7985 5437444.7880  23.0659 0.0976318 1.553831 2
4595550.6523 5437444.0961  20.5602 0.0455271 1.397375 3
4595551.2253 5437446.2159  29.8204 0.0786470 1.358345 1
4595551.2675 5437445.8238  30.0560 0.0606724 1.083869 1
4595551.0243 5437444.0599  25.4201 0.0429332 1.075403 1
4595550.0047 5437448.7388  27.9243 0.0593094 1.397588 1
4595550.0751 5437448.4700  28.6299 0.0250563 0.979270 1
4595550.0225 5437448.2313  27.7715 0.1111210 1.103471 2
4595549.9403 5437447.8588  26.4288 0.0354173 1.099559 2
4595550.1036 5437448.0105  28.6494 0.0313063 0.851943 1
4595550.0492 5437447.7628  27.7612 0.0417389 1.121391 2
4595550.2547 5437448.1135  30.6739 0.0396108 0.941563 1
4595550.1914 5437447.8233  29.6395 0.0803105 1.351180 2
4595550.3205 5437447.8290  31.3091 0.0418925 0.943351 1
4595550.2831 5437447.6570  30.6990 0.0300536 1.141908 2
4595550.1641 5437447.1090  28.7361 0.0408819 1.146376 2
4595550.1896 5437446.6372  28.6948 0.0729064 1.011113 1
4595550.2646 5437446.3942  29.4763 0.0832131 1.450116 1
4595550.3428 5437446.1667  30.3098 0.0431020 0.978496 1
4595550.0780 5437444.9291  25.8948 0.0549906 1.194511 2
4595550.4666 5437446.1571  31.9058 0.0928231 1.156138 1
4595550.5644 5437446.0286  33.0692 0.0089294 0.536636 1
4595550.5148 5437445.7944  32.2445 0.0405346 1.478879 2
4595550.3257 5437444.9013  29.0780 0.0336733 1.163792 2
4595550.6022 5437445.6197  33.2366 0.0899077 1.084133 1
4595550.3299 5437444.3270  28.6554 0.0823381 1.939161 2
4595546.8505 5437447.0899  -0.0280 0.0423245 1.074618 3
4595546.8861 5437446.6242   0.0659 0.5256372 1.022130 0
4595546.9182 5437446.1444   0.1086 0.0884346 1.073406 3
4595546.9488 5437445.6595   0.1281 0.0413442 1.033844 3
4595546.9753 5437445.1544   0.0522 0.0630961 1.014642 3
4595548.3431 5437449.1585  20.5269 0.0733573 1.208751 3
4595549.1118 5437448.9881  30.1811 0.0772696 2.269233 3
4595549.3206 5437449.3334  33.0764 0.1040201 1.079844 1
4595549.1487 5437448.5696  30.3588 0.0817956 1.244112 3
4595549.3865 5437449.0468  33.7142 0.0972841 0.960046 1
4595549.3340 5437448.8124  32.8840 0.0997122 2.513576 3
4595549.3521 5437448.3132  32.7537 0.0915108 1.268831 0
4595549.3580 5437447.7582  32.4015 0.1894555 1.421978 0
4595549.3727 5437447.2418  32.1849 0.0549939 1.283651 2
4595549.0514 5437445.7849  26.9705 0.0426224 1.131061 2
4595549.4593 5437447.0521  33.1351 0.0619161 0.940901 1
4595549.3758 5437446.0859  31.3233 0.1480921 1.760536 1
4595549.4599 5437445.8853  32.2398 0.1144046 1.126925 1
4595549.5080 5437445.5211  32.5789 0.1038620 1.590825 1
4595549.5336 5437445.0524  32.5206 0.0770003 1.170052 1
4595549.5066 5437444.3378  31.5840 0.0577752 1.188739 1
4595549.4066 5437443.8704  29.9049 0.0324855 1.025318 2
4595545.8225 5437449.7723  -0.0161 0.5889968 1.070857 0
4595545.8515 5437449.2803  -0.0220 0.5433265 1.055446 0
4595545.9276 5437448.3680   0.2357 0.0508513 1.174929 3
4595545.9459 5437447.8321   0.0561 0.1059566 0.998929 3
4595546.0075 5437446.8606   0.0682 0.3817336 1.244714 0
4595547.8536 5437449.7632  25.4274 0.0587573 1.518736 1
4595548.2581 5437449.1721  30.0691 0.0622633 1.414722 2
4595548.2678 5437448.6328  29.8015 0.0818709 1.189983 1
4595548.1343 5437448.0506  27.6799 0.0274311 0.965524 2
4595548.5532 5437449.3027  33.8636 0.0345579 1.046927 1
4595548.4144 5437448.6942  31.6907 0.0276753 1.028096 2
4595548.2903 5437448.1500  29.7195 0.0492817 1.281109 2
4595548.2217 5437447.8490  28.6235 0.0538119 1.370321 3
4595548.5898 5437448.8859  34.0278 0.0554658 1.253542 1
4595548.4788 5437447.8158  31.8312 0.0901257 1.016742 1
4595548.2884 5437446.9724  28.8000 0.0390115 0.975698 2
4595548.3157 5437446.5057  28.7949 0.1042316 1.041235 1
4595548.5230 5437446.8456  31.6515 0.1183527 1.501231 1
4595548.5945 5437446.5831  32.3495 0.0782592 1.007152 1
4595548.6632 5437446.3081  32.9974 0.0708908 1.168031 1
4595548.6049 5437446.0446  32.0618 0.0481437 1.061600 2
4595548.6606 5437445.7114  32.4990 0.0571928 1.101572 1
4595548.6219 5437444.9482  31.3829 0.0758297 1.099766 1
4595547.5026 5437449.8633  32.2032 0.1288164 1.046344 1
4595547.4084 5437449.4617  30.7503 0.0840921 2.162510 3
4595547.5222 5437449.3696  32.0895 0.0257913 1.009020 1
4595547.4028 5437448.8584  30.2247 0.1005609 1.641067 2
4595547.5860 5437449.0665  32.6501 0.0416013 1.019294 1
4595547.4936 5437448.6689  31.2050 0.0906059 1.578798 3
4595547.5886 5437448.4999  32.2559 0.1268905 1.336420 1
4595547.5120 5437448.1688  31.0576 0.0349237 1.682483 3
4595547.6727 5437448.2865  33.1405 0.1754546 1.226638 0
4595547.7274 5437447.9477  33.5649 0.0972770 1.106879 1
4595547.6286 5437447.5156  32.0138 0.0676873 1.222030 2
4595547.4672 5437446.8103  29.5000 0.0831273 1.197438 2
4595547.3912 5437446.4780  28.3145 0.0429272 1.166338 2
4595547.7877 5437447.6322  34.0751 0.0961888 1.055893 1
4595547.6993 5437447.2441  32.6931 0.0527429 0.967604 3
4595547.8337 5437447.2564  34.3688 0.0776359 1.030747 1
4595547.7470 5437446.8734  33.0138 0.0405717 1.090306 2
4595547.7769 5437446.4243  33.0538 0.0370530 1.100167 1
4595547.4493 5437444.9699  27.8419 0.0673949 1.464839 2
4595545.8548 5437449.0514  24.1305 0.0574059 1.735856 1
4595546.1387 5437449.6383  28.0095 0.0460213 1.411259 2
4595545.9262 5437448.7622  24.7832 0.0717138 1.848893 2
4595546.2881 5437449.6797  29.8537 0.0382030 1.240303 3
4595546.4997 5437449.9837  32.6570 0.0792313 1.096356 1
4595546.4017 5437449.5753  31.1543 0.0362991 1.062132 2
4595546.3421 5437449.3272  30.2460 0.0473672 1.428746 2
4595546.2690 5437449.0226  29.1328 0.0720286 1.781186 3
4595546.5377 5437449.5703  32.8030 0.0844206 1.238892 1
4595546.4670 5437449.2740  31.7213 0.0725448 2.413994 3
4595546.5826 5437449.1848  33.0601 0.1202059 1.137266 1
4595546.5166 5437448.9073  32.0510 0.0402779 1.155291 3
4595546.6014 5437448.6888  32.9196 0.0949648 1.055962 1
4595546.3211 5437447.5028  28.6617 0.0903446 1.269787 2
4595546.5481 5437447.8861  31.6964 0.0934647 1.024293 1
4595546.4906 5437447.6417  30.8254 0.1258738 1.397327 2
4595546.4692 5437446.9704  30.0591 0.1020401 1.037604 1
4595546.3194 5437446.3300  27.7471 0.0660773 1.107867 2
4595546.7083 5437447.4156  33.3036 0.0640581 0.920613 1
4595546.6454 5437447.1455  32.3355 0.0526735 1.376344 3
4595546.7704 5437447.1054  33.8239 0.1084101 1.054213 1
4595546.6796 5437446.7137  32.4247 0.0872367 1.387088 2
4595546.7080 5437446.2563  32.4302 0.0366232 1.150664 1
4595546.5852 5437445.7237  30.5479 0.0344812 1.016146 2
4595546.7652 5437445.9246  32.8834 0.0701634 1.053974 1
4595546.2519 5437445.9959  32.6473 0.1005271 1.875635 1
4595546.1876 5437446.3998  32.8447 0.0752512 1.040738 1
4595546.2273 5437446.2296  28.9537 0.0244505 1.098777 2
4595546.1440 5437446.7162  30.9976 0.0548825 0.998770 1
4595546.1525 5437446.6796  30.1389 0.0880713 1.306466 2
4595546.0765 5437447.1342  31.5214 0.1150785 1.109783 1
4595546.3854 5437445.8275   0.1448 0.1052712 1.002973 3
4595546.0276 5437447.4736  30.1552 0.0702480 1.010995 1
4595546.3182 5437446.2545   0.1186 0.0949355 1.023662 3
4595545.9391 5437447.9793  32.8699 0.0712000 1.129623 1
4595545.9483 5437447.9413  31.9094 0.0556105 1.319682 2
4595546.2509 5437446.6828   0.0936 0.0662361 1.095987 3
4595545.8978 5437448.2882  30.6465 0.0210583 1.032050 1
4595545.9121 5437448.2294  29.1181 0.0432104 1.099509 2
4595545.9188 5437448.2020  28.4091 0.0240476 0.964033 2
4595546.1840 5437447.1093   0.0529 0.2611430 1.038512 3
4595545.8370 5437448.6787  30.4755 0.0291563 1.137319 3
4595546.0477 5437447.9719   0.2116 0.1500382 1.030298 3
4595545.9812 5437448.3969   0.1159 0.2994946 1.083085 0
4595545.9141 5437448.8237   0.0895 0.2778965 1.046841 3
4595545.8469 5437449.2516   0.0546 0.1070822 1.037367 3
4595546.7638 5437445.5684  30.5598 0.0651893 0.950982 1
4595546.7051 5437445.9499  30.2103 0.0279796 0.966916 1
4595546.6191 5437446.4445  32.4220 0.0587692 1.577321 1
4595546.6427 5437446.3473  30.1950 0.0303815 1.147586 2
4595546.5423 5437446.8996  33.8558 0.0292606 1.048204 1
4595546.5583 5437446.8341  32.3153 0.0966242 1.080727 2
4595546.5683 5437446.7931  31.3525 0.0482199 1.259653 2
4595546.8936 5437445.4646   0.1536 0.1507035 1.087692 3
4595546.5171 5437447.1450  30.2780 0.1786688 2.224815 1
4595546.8261 5437445.8939   0.1597 0.0819501 1.262357 3
4595546.4407 5437447.5981  31.6776 0.1151308 1.054772 1
4595546.7589 5437446.3215   0.1544 0.0372562 1.243634 3
4595546.3700 5437448.0278  32.5068 0.0260872 1.068678 1
4595546.3814 5437447.9826  31.3637 0.0471777 1.291807 2
4595546.6923 5437446.7471   0.0694 0.3376337 1.085390 3
4595546.3081 5437448.4223  32.4868 0.1292632 1.200169 1
4595546.3299 5437448.3364  30.2536 0.0298766 1.132448 3
4595546.2340 5437448.8638  33.7518 0.1486476 1.200343 0
4595546.1767 5437449.2399  33.2573 0.1240439 1.151611 0
4595546.1162 5437449.6287  33.1069 0.0462239 1.050807 1
4595546.1419 5437449.5307  30.3325 0.0338463 1.331851 2
4595546.1636 5437449.4483  28.0029 0.0388974 1.199013 2
4595546.4213 5437448.4669   0.2340 0.0604864 1.201060 3
4595546.0926 5437449.8784  28.9109 0.0444247 1.515290 1
4595546.3547 5437448.8923   0.1760 0.3289364 1.016354 3
4595546.2210 5437449.7456   0.0643 0.3663573 1.092898 3
4595547.1608 5437445.2954  28.8818 0.1652093 1.240853 1
4595547.0476 5437445.9008  33.4901 0.0360417 1.125307 1
4595547.0923 5437445.7177  29.4415 0.0490042 1.067600 2
4595546.9822 5437446.3088  33.7957 0.0349712 1.053826 1
4595547.0045 5437446.2180  31.7424 0.0641012 1.022958 2
4595547.3484 5437444.8210   0.0709 0.2351004 1.032845 3
4595546.9224 5437446.6938  33.6009 0.0747227 1.014058 1
4595546.9385 5437446.6289  32.0969 0.0707508 1.055781 2
4595546.9465 5437446.5965  31.3466 0.0203674 1.069982 3
4595546.8636 5437447.0751  33.3110 0.1200534 1.020214 1
4595547.2140 5437445.6762   0.1035 0.0305198 0.999979 3
4595546.7999 5437447.4758  33.4802 0.0628003 0.932539 1
4595546.8192 5437447.3995  31.6212 0.0378410 1.000031 2
4595546.8302 5437447.3561  30.5650 0.0888546 1.214059 3
4595546.7607 5437447.7803  31.2623 0.0356705 1.034342 1
4595547.0801 5437446.5289   0.0338 0.5831455 1.070066 3
4595546.7003 5437448.1690  31.0516 0.0484521 1.087781 1
4595546.7351 5437448.0343  27.6036 0.0519968 1.030529 2
4595547.0120 5437446.9601   0.0911 0.2754137 1.037596 3
4595546.6164 5437448.6483  33.2285 0.1709558 2.429533 0
4595546.5579 5437449.0288  32.8660 0.1681713 1.228801 0
4595546.5251 5437449.3136  29.8196 0.0447879 0.969792 1
4595546.5450 5437449.2389  27.7418 0.0955091 1.277210 2
4595546.5855 5437449.0870  23.5137 0.0253990 0.832597 2
4595546.8089 5437448.2483   0.1823 0.0588256 1.109498 3
4595546.4039 5437450.0942  29.4316 0.0245658 1.121994 2
4595546.6738 5437449.1056   0.2374 0.0566707 1.457913 3
4595546.6085 5437449.5266   0.0050 0.4593690 1.056524 3
4595546.5414 5437449.9539  -0.0137 0.2173364 1.018146 3
4595547.6261 5437444.6686  28.0931 0.0610050 1.075336 1
4595547.5507 5437445.1193  29.2307 0.0499279 1.064677 1
4595547.5636 5437445.0666  28.1018 0.1203567 1.352944 2
4595547.4231 5437445.9248  29.4960 0.0339710 1.004341 1
4595547.7520 5437444.6115   0.0752 0.5540395 1.055754 3
4595547.3205 5437446.4816  33.1207 0.0335175 0.936371 1
4595547.3599 5437446.3258  29.5578 0.0729379 1.126830 2
4595547.6848 5437445.0396   0.0934 0.2772125 1.085034 3
4595547.2589 5437446.8744  33.0855 0.0928815 1.056424 1
4595547.6179 5437445.4659   0.0873 0.2178463 1.044755 3
4595547.1873 5437447.3062  33.9996 0.0659497 1.008106 1
4595547.2007 5437447.2539  32.7444 0.0427990 1.435915 2
4595547.5510 5437445.8923   0.0698 0.0799706 1.053623 3
4595547.1327 5437447.6720  33.3051 0.0378268 0.969397 1
4595547.1791 5437447.4931  28.9040 0.0677518 1.406293 2
4595547.1904 5437447.4499  27.8420 0.0775795 1.677059 2
4595547.4827 5437446.3246   0.1586 0.0304053 0.977026 3
4595547.0946 5437447.9752  31.0140 0.0747119 1.126621 1
4595547.4162 5437446.7498   0.0827 0.0573662 1.060714 3
4595547.0725 5437448.2200  27.0845 0.1070051 1.167189 2
4595547.3489 5437447.1781   0.0816 0.0792332 0.995622 3
4595546.9462 5437448.8565  33.3735 0.0147942 0.800856 1
4595546.9621 5437448.7973  31.7969 0.1556868 1.729820 2
4595546.9725 5437448.7583  30.7577 0.0139719 0.908327 3
4595546.8909 5437449.2256  32.7214 0.1243735 1.442263 1
4595546.9238 5437449.1044  29.4005 0.0846740 1.130938 2
4595546.9366 5437449.0573  28.1118 0.0484318 1.200382 3
4595546.8384 5437449.5860  31.7451 0.0498470 1.196411 1
4595546.8585 5437449.5127  29.6777 0.0327379 1.007988 2
4595547.1465 5437448.4641   0.1142 0.1609757 1.085641 3
4595546.7650 5437450.0220  32.9243 0.0985071 1.324817 0
4595547.0105 5437449.3255   0.2776 0.0380834 0.993072 3
4595546.9449 5437449.7475   0.0895 0.1345622 1.135335 3
4595548.1056 5437444.5867  28.8051 0.0264875 0.979489 1
4595548.1156 5437444.5475  27.9896 0.0377828 1.111363 2
4595548.1285 5437444.4967  26.9303 0.0319527 1.093911 2
4595548.0559 5437444.9351  27.7727 0.0684030 1.050437 1
4595547.9951 5437445.3269  27.6518 0.0583059 1.062795 2
4595548.3243 5437444.0544  -0.0109 0.0759061 1.309852 3
4595547.8695 5437445.9675  32.9975 0.0485103 1.182241 1
4595547.9022 5437445.8421  30.2177 0.0486722 1.210898 2
4595547.9184 5437445.7801  28.8427 0.0405195 1.048901 2
4595547.9369 5437445.7092  27.2690 0.0783926 1.088361 2
4595548.1212 5437445.3440   0.1888 0.1557527 1.233991 3
4595547.6698 5437447.2020  34.2236 0.0848407 1.124283 1
4595547.7395 5437446.9427  28.0614 0.0274271 1.176336 2
4595548.0501 5437445.7864   0.5493 0.0607888 1.208208 2
4595548.0566 5437445.7624  -0.0237 0.0127807 0.681908 3
4595547.6120 5437447.5807  33.8670 0.1011981 1.022971 1
4595547.9879 5437446.1959   0.1145 0.1167536 1.083678 3
4595547.5638 5437447.9244  32.6248 0.1273704 1.427841 0
4595547.4968 5437448.3371  33.1039 0.0491535 1.094325 0
4595547.4289 5437448.7528  33.6579 0.0534622 1.027964 1
4595547.4392 5437448.7161  32.6880 0.0328303 1.144962 2
4595547.4505 5437448.6760  31.6311 0.0397472 1.108599 2
4595547.4666 5437448.6184  30.1112 0.0541137 1.821266 3
4595547.3719 5437449.1294  33.2007 0.0411606 1.044862 1
4595547.3832 5437449.0896  32.1208 0.0788835 0.992354 2
4595547.3969 5437449.0414  30.8143 0.0774113 2.105602 3
4595547.3206 5437449.4867  32.1797 0.0694074 0.986876 1
4595547.3458 5437449.3992  29.7392 0.0484519 1.336028 3
4595547.2572 5437449.8864  32.3038 0.0520270 1.130069 1
4595547.2822 5437449.8006  29.8417 0.0638270 1.575175 2
4595547.5830 5437448.7694   0.2258 0.0713467 1.030489 3
4595547.5170 5437449.1931   0.1225 0.0604648 1.038978 3
4595547.4498 5437449.6213   0.1021 0.1407798 1.071631 3
4595548.5223 5437444.6872  26.9019 0.0731732 1.084487 1
4595548.3885 5437445.3540  32.6591 0.1382208 1.065564 1
4595548.3464 5437445.6740  31.0372 0.0323780 1.120976 2
4595548.3790 5437445.5524  28.3757 0.0338104 1.254767 2
4595548.7254 5437444.2612   0.0426 0.1856161 1.057665 3
4595548.2596 5437446.1602  33.0800 0.0411680 1.572265 1
4595548.2679 5437446.1296  32.3946 0.0433520 1.179312 2
4595548.6583 5437444.6879   0.0616 0.3468609 1.015687 3
4595548.1945 5437446.5659  33.3391 0.0298698 0.930782 1
4595548.2065 5437446.5219  32.3323 0.0738901 1.125280 2
4595548.2487 5437446.3676  28.7961 0.0453604 1.148548 2
4595548.5909 5437445.1163   0.0908 0.0990825 1.095979 3
4595548.1934 5437446.7393  28.1719 0.0258069 1.077538 1
4595548.2139 5437446.6650  26.4296 0.0347595 1.231252 2
4595548.5236 5437445.5438   0.1138 0.2120045 1.043396 3
4595548.1218 5437447.1693  28.9235 0.0250943 0.899403 1
4595548.1325 5437447.1312  28.0085 0.0636384 1.042487 2
4595548.4564 5437445.9711   0.1282 0.1639062 1.013449 3
4595548.0048 5437447.7603  33.6517 0.1035071 1.125492 1
4595548.3897 5437446.3970   0.0707 0.0391181 0.999453 3
4595547.9533 5437448.1171  32.7471 0.0416961 1.151934 1
4595548.0103 5437447.9174  27.6975 0.0339840 1.145575 2
4595548.3222 5437446.8249   0.0845 0.2512322 1.063576 3
4595547.8967 5437448.4928  32.2489 0.0860500 1.093508 1
4595548.2546 5437447.2541   0.0914 0.1226549 1.011263 3
4595547.8203 5437448.9363  33.5397 0.0193571 0.892310 1
4595547.8290 5437448.9064  32.7427 0.0624037 1.352551 2
4595547.8550 5437448.8177  30.3777 0.0545070 1.385956 2
4595547.8990 5437448.6671  26.3638 0.0471250 1.305163 3
4595547.7848 5437449.2406  31.0912 0.1486940 1.520907 0
4595547.7089 5437449.6816  32.3580 0.0647150 0.972543 1
4595547.7212 5437449.6407  31.2040 0.0422398 1.062241 3
4595547.9834 5437448.9713   0.2424 0.0431153 1.119325 3
4595547.9176 5437449.3942   0.0871 0.1089491 0.970233 3
4595548.7731 5437444.9177  31.5844 0.0910648 1.186583 1
4595548.8317 5437444.6968  26.9518 0.0369004 1.102274 2
4595548.7008 5437445.3503  32.4121 0.0757115 1.333996 1
4595548.7697 5437445.0933  26.9019 0.0307342 1.169746 2
4595549.1055 5437443.8399   0.0322 0.2470193 1.091575 3
4595548.6310 5437445.7733  33.0512 0.0492719 0.986974 1
4595548.6427 5437445.7298  32.0994 0.0285458 1.025153 2
4595548.6626 5437445.6562  30.4906 0.0832915 1.636275 2
4595549.0385 5437444.2658   0.0265 0.1175307 1.021507 3
4595548.5772 5437446.1369  32.3821 0.1310337 1.111906 1
4595548.5871 5437446.1005  31.5671 0.0251638 1.165025 2
4595548.9708 5437444.6948   0.0828 0.2025093 1.049705 3
4595548.5230 5437446.5021  31.7343 0.0686766 1.196428 1
4595548.5607 5437446.3656  28.6073 0.0396919 1.373975 2
4595548.5774 5437446.3048  27.2153 0.0278999 1.068982 2
4595548.9039 5437445.1206   0.0817 0.1764892 1.052001 3
4595548.4650 5437446.8824  31.3615 0.0290766 0.913166 1
4595548.4960 5437446.7713  28.7601 0.1011255 1.150527 2
4595548.5069 5437446.7320  27.8406 0.0269777 1.031926 2
4595548.8354 5437445.5527   0.1906 0.0550928 1.047110 3
4595548.3962 5437447.3012  31.9103 0.0464896 1.155234 1
4595548.4635 5437447.0620  26.1723 0.0615619 1.572859 2
4595548.7690 5437445.9769   0.1117 0.2210859 1.066365 3
4595548.3102 5437447.7795  33.9726 0.1245204 1.097259 1
4595548.4291 5437447.3615  23.6855 0.0365030 1.022837 3
4595548.2627 5437448.1226  32.6994 0.0837135 1.068810 1
4595548.2936 5437448.0154  29.9911 0.0305073 1.132321 2
4595548.6345 5437446.8313   0.0876 0.1594611 1.066089 3
4595548.1851 5437448.5695  34.0821 0.0409920 1.243899 1
4595548.2040 5437448.5049  32.4088 0.0513647 2.059739 3
4595548.1353 5437448.9214  32.9789 0.1197214 1.541714 0
4595548.1035 5437449.2145  30.1906 0.0522654 1.477747 0
4595548.0181 5437449.6864  32.3107 0.0384888 1.151027 2
4595548.0416 5437449.6091  30.1331 0.0399091 1.382300 2
4595548.0631 5437449.5379  28.1299 0.0344679 1.110558 3
4595548.2960 5437448.9748   0.2100 0.0605113 1.143474 3
4595548.2289 5437449.4019   0.1561 0.0921591 1.027982 3
4595549.3204 5437443.9318  31.6147 0.0633890 1.039172 1
4595549.2308 5437444.4292  33.7362 0.0519406 1.256221 1
4595549.2619 5437444.3133  31.3834 0.0761533 0.980582 2
4595549.1737 5437444.8053  33.3923 0.0558771 1.378761 1
4595549.2017 5437444.7016  31.2460 0.0389171 1.033160 2
4595549.1176 5437445.1775  32.9633 0.0410597 1.052693 1
4595549.1318 5437445.1256  31.8668 0.0141695 0.866348 2
4595549.1406 5437445.0934  31.1852 0.0558421 1.477271 2
4595549.1786 5437444.9544  28.2436 0.0294046 1.035637 2
4595549.5421 5437443.6238   0.0598 0.2025063 1.048416 3
4595549.0778 5437445.4913  31.2549 0.1198781 1.699626 1
4595549.4755 5437444.0493   0.0508 0.1811563 1.077405 3
4595549.0073 5437445.9166  31.9066 0.0976302 1.666096 1
4595549.4089 5437444.4745   0.0336 0.2006888 1.001094 3
4595548.9424 5437446.3212  32.1367 0.0474376 1.038669 1
4595548.9524 5437446.2858  31.3368 0.0416206 1.137512 2
4595549.3419 5437444.9012   0.0424 0.0510736 0.974005 3
4595548.8956 5437446.6627  30.8899 0.0810084 1.042817 1
4595548.9275 5437446.5503  28.2899 0.0312452 1.214839 2
4595548.9397 5437446.5077  27.3032 0.0629394 1.333420 2
4595549.2746 5437445.3295   0.0588 0.1056976 1.068506 3
4595548.8151 5437447.1222  32.3915 0.0544499 1.005253 1
4595548.8371 5437447.0456  30.5760 0.0763908 1.512418 2
4595548.7797 5437447.4245  30.1684 0.1716740 1.291548 0
4595548.7767 5437447.6198  25.1331 0.1882972 1.118498 0
4595548.6115 5437448.3645  33.8918 0.1508263 2.335344 0
4595548.5727 5437448.6809  31.8863 0.0495054 1.032626 1
4595548.5977 5437448.5979  29.7144 0.0647655 1.581748 2
4595548.9378 5437447.4694   0.1001 0.0370198 1.006708 3
4595548.4906 5437449.1418  33.6191 0.0413535 1.024992 1
4595548.5261 5437449.0254  30.4879 0.0627329 1.426208 2
4595548.8709 5437447.8963   0.0621 0.0508229 1.049303 3
4595548.4380 5437449.5047  32.7729 0.0529003 0.928375 1
4595548.4551 5437449.4497  31.2512 0.0716423 1.809310 2
4595548.5028 5437449.2954  26.9776 0.0199318 0.935046 3
4595548.6591 5437449.2111   0.9326 0.0420541 1.314726 3
4595548.6004 5437449.6114   0.1260 0.2087033 1.057786 3
4595549.8863 5437443.6356  28.6198 0.0342027 1.037563 1
4595549.9237 5437443.5004  25.9542 0.0453502 1.045882 2
4595549.8258 5437444.0257  28.5046 0.1129337 1.176433 1
4595549.7519 5437444.4637  29.3432 0.0932977 1.069183 1
4595549.7629 5437444.4248  28.5441 0.0482721 1.037448 2
4595549.6918 5437444.8525  29.1813 0.0769217 1.067707 1
4595550.0867 5437443.4656   0.0836 0.1041202 1.034656 3
4595549.5926 5437445.3776  31.9320 0.0485312 1.103905 1
4595549.6701 5437445.1079  26.1530 0.0230623 1.014951 2
4595550.0200 5437443.8907   0.0629 0.2744365 1.069685 3
4595549.5283 5437445.7798  32.0931 0.0741972 2.185792 1
4595549.5742 5437445.6215  28.6367 0.0273165 1.037018 2
4595549.9531 5437444.3167   0.0652 0.1896528 1.089853 3
4595549.4880 5437446.0999  30.4224 0.0917419 1.214340 1
4595549.5144 5437446.0100  28.4145 0.0411540 1.111538 2
4595549.8863 5437444.7425   0.0504 0.0944764 1.103046 3
4595549.4324 5437446.4729  29.8972 0.0818605 1.236078 1
4595549.4443 5437446.4328  28.9805 0.0155386 1.155393 2
4595549.4537 5437446.4011  28.2554 0.0855984 2.194654 2
4595549.8173 5437445.1755   0.2092 0.0403619 1.298533 3
4595549.3369 5437446.9802  32.4816 0.1335147 1.363554 1
4595549.3867 5437446.8142  28.5873 0.0617383 1.133623 3
4595549.2743 5437447.3759  32.5391 0.0225340 0.857192 1
4595549.2867 5437447.3352  31.5615 0.0426181 1.523869 2
4595549.3169 5437447.2356  29.1679 0.0883321 1.632222 3
4595549.2157 5437447.7593  32.2599 0.0473298 1.486522 1
4595549.2405 5437447.6786  30.2719 0.0932490 1.022549 2
4595549.6167 5437446.4540   0.0949 0.0592349 1.161654 3
4595549.1403 5437448.1964  33.3349 0.0442539 1.029524 1
4595549.1722 5437448.0939  30.7474 0.0742169 1.731813 2
4595549.1979 5437448.0114  28.6630 0.0492965 1.216077 2
4595549.5483 5437446.8851   0.1937 0.0405338 1.063497 3
4595549.0728 5437448.6073  33.7993 0.0578761 1.034577 1
4595549.0845 5437448.5701  32.8376 0.0597889 1.314962 2
4595549.0973 5437448.5295  31.7864 0.0186874 0.968836 3
4595549.0186 5437448.9761  33.1307 0.0796388 1.032098 1
4595549.0506 5437448.8759  30.4688 0.0403939 1.007851 2
4595549.4156 5437447.7337   0.0577 0.0555979 1.088569 3
4595548.9608 5437449.3571  32.7435 0.0890167 0.995851 1
4595548.9714 5437449.3245  31.8511 0.0421059 1.142637 2
4595548.9879 5437449.2735  30.4573 0.0300930 1.206159 3
4595549.2794 5437448.5938   0.1663 0.0361880 0.906327 3
4595549.1443 5437449.4500   0.1572 0.1071239 1.039547 3
4595550.2510 5437443.7620  28.5020 0.0286350 1.074820 1
4595550.2884 5437443.6303  25.8914 0.0373567 0.997920 2
4595550.1890 5437444.1574  28.4874 0.0755913 1.362612 1
4595550.2246 5437444.0331  25.9716 0.0274181 0.993296 2
4595550.2642 5437443.8946  23.1703 0.0434296 1.082338 2
4595550.0735 5437444.7387  32.2771 0.0508974 1.160422 1
4595550.0138 5437445.1241  32.1157 0.0615091 1.132925 1
4595550.1000 5437444.8284  25.8846 0.0344393 0.840075 2
4595550.4566 5437443.6052   0.0860 0.1312189 1.064017 3
4595549.9993 5437445.3571  28.6356 0.0410539 1.133874 1
4595550.3902 5437444.0296   0.0317 0.3910377 1.098253 3
4595549.9357 5437445.7581  28.7015 0.0645133 1.031303 1
4595549.7476 5437446.7598  33.4457 0.0595312 1.089011 1
4595549.7738 5437446.6735  31.4556 0.0702641 1.174664 3
4595549.6875 5437447.1470  33.2966 0.0486195 1.030179 1
4595549.7117 5437447.0685  31.4425 0.0535383 1.405018 2
4595550.1212 5437445.7378   0.0486 0.0777012 1.041013 3
4595549.6338 5437447.5139  32.6653 0.0559393 1.093438 0
4595549.6067 5437447.7969  29.9117 0.0478965 1.099061 1
4595549.6487 5437447.6636  26.6059 0.0580196 1.157922 2
4595549.9848 5437446.5981   0.1675 0.0447748 1.042040 3
4595549.5278 5437448.2446  31.2230 0.0313450 1.270414 1
4595549.5449 5437448.1910  29.8590 0.0307827 0.942881 2
4595549.5572 5437448.1523  28.8748 0.0431249 1.197012 2
4595549.6042 5437448.0053  25.1310 0.0392352 1.000165 2
4595549.9187 5437447.0210   0.0741 0.0559479 1.089873 3
4595549.4318 5437448.7442  33.9103 0.1155761 1.032629 1
4595549.4420 5437448.7127  33.0886 0.0235931 1.133729 2
4595549.4570 5437448.6664  31.8829 0.0479887 1.354905 2
4595549.8518 5437447.4473   0.0299 0.0411106 1.021156 3
4595549.3761 5437449.1181  33.3741 0.0638477 0.962889 1
4595549.3863 5437449.0871  32.5431 0.0550646 1.440969 2
4595549.4170 5437448.9935  30.0391 0.0235744 1.115576 3
4595549.3638 5437449.3622  29.2332 0.0555570 1.753322 2
4595549.3857 5437449.2967  27.4295 0.0542480 1.182643 2
4595549.7171 5437448.3021   0.0131 0.0339449 0.990050 3
4595550.6570 5437443.3860  25.7215 0.0465404 1.016077 1
4595550.5564 5437443.9177  28.3472 0.0627124 1.104444 1
4595550.5706 5437444.0515  22.9689 0.0995701 1.001377 1
4595550.5962 5437443.9630  21.1650 0.0789625 1.094236 2
4595550.8304 5437443.3508   0.0281 0.1070630 1.109948 3
4595550.3039 5437445.3314  33.0251 0.0766767 1.143770 1
4595550.3586 5437445.1463  29.0954 0.0317727 1.159391 2
4595550.7625 5437443.7806   0.0851 0.1483453 1.069390 3
4595550.2515 5437445.6931  32.3341 0.0787128 1.148863 1
4595550.6950 5437444.2089   0.1254 0.1557959 1.171698 3
4595550.1981 5437446.0589  31.6976 0.0504914 1.117630 1
4595550.6283 5437444.6348   0.1105 0.1691312 1.079080 3
4595550.1314 5437446.4689  32.0324 0.0655711 1.091638 1
4595550.5615 5437445.0605   0.0806 0.1366411 1.033494 3
4595550.0794 5437446.8306  31.2823 0.0149254 0.760198 1
4595550.0878 5437446.8034  30.6501 0.0311924 1.246861 2
4595550.4939 5437445.4891   0.1310 0.2192771 1.093114 3
4595550.0150 5437447.2334  31.4418 0.0776617 1.068127 1
4595550.4276 5437445.9140   0.0481 0.1345732 1.043204 3
4595549.9329 5437447.6919  32.9828 0.0714340 1.028860 1
4595549.9573 5437447.6147  31.0997 0.0365397 1.211516 2
4595549.9766 5437447.5538  29.6174 0.0321062 1.135783 3
4595549.9088 5437447.9671  30.0291 0.0565619 1.072757 1
4595549.9252 5437447.9161  28.7534 0.0198106 0.915688 2
4595549.9375 5437447.8775  27.7869 0.0464188 1.148092 2
4595550.2925 5437446.7703   0.0867 0.0367159 0.925884 3
4595549.8256 5437448.4280  31.6714 0.0672137 1.021662 1
4595549.8483 5437448.3581  29.8756 0.0193703 0.855369 2
4595550.2252 5437447.1982   0.0936 0.2454699 1.057275 3
4595549.7853 5437448.7571  29.8986 0.0282950 1.113465 1
4595549.7981 5437448.7181  28.8709 0.0233217 0.793535 2
4595549.8145 5437448.6685  27.5647 0.0546558 1.400044 2
4595549.8295 5437448.6230  26.3657 0.0381128 1.191709 2
4595550.1591 5437447.6227  -0.0135 0.0799155 1.071437 3
4595549.7155 5437449.1759  30.4709 0.0676203 0.968529 1
4595550.0918 5437448.0502  -0.0298 0.2031240 1.093532 3
4595549.9562 5437448.9086   0.0325 0.1215606 1.014618 3
4595551.1529 5437443.2786  24.2956 0.1376694 1.085906 1
4595551.1374 5437443.5200  21.1183 0.0570656 1.148611 1
4595551.0502 5437444.0042  22.7214 0.0485267 1.456704 1
4595550.8907 5437444.7246  29.3047 0.0693975 1.123821 1
4595550.9795 5437444.4313  23.2345 0.0271427 0.946794 2
4595551.3171 5437443.3166   0.1230 0.0713865 1.179687 3
4595550.7655 5437445.3273  33.6422 0.0740445 1.036300 1
4595551.2508 5437443.7412   0.0804 0.2117252 1.059588 3
4595550.7299 5437445.6353  31.8134 0.0627858 1.089958 1
4595551.1839 5437444.1673   0.0775 0.0413669 1.053224 3
4595550.7057 5437445.9086  29.1432 0.0330583 1.041538 1
4595551.1164 5437444.5952   0.1207 0.4517852 1.053997 3
4595550.6327 5437446.3395  29.8827 0.0729683 1.241724 1
4595550.7230 5437446.0540  23.4296 0.0226191 0.875049 2
4595551.0465 5437445.0314   0.3030 0.0795365 1.779479 3
4595550.5349 5437446.8468  32.4383 0.0359901 1.143950 1
4595550.9821 5437445.4500   0.1097 0.1729214 1.055478 3
4595550.5187 5437447.0997  29.0884 0.0418615 1.339882 1
4595550.5759 5437446.9232  24.9042 0.0250219 0.975694 2
4595550.6064 5437446.8289  22.6694 0.0421333 1.316429 2
4595550.9150 5437445.8770   0.1033 0.0975600 1.063940 3
4595550.4259 5437447.5894  31.3196 0.0875622 1.392919 1
4595550.4578 5437447.4920  28.9583 0.0583206 1.811185 2
4595550.8477 5437446.3044   0.1079 0.0385144 1.017020 3
4595550.3717 5437447.9603  30.7130 0.0450517 1.087159 1
4595550.3858 5437447.9179  29.6553 0.0454359 1.077462 2
4595550.3989 5437447.8786  28.6785 0.0241554 1.035236 2
4595550.7815 5437446.7283   0.0316 0.1314760 1.054355 3
4595550.3370 5437448.2747  28.6023 0.0244142 0.997693 1
4595550.7142 5437447.1561   0.0174 0.1972064 1.038297 3
4595550.2600 5437448.7149  29.7011 0.0631125 1.043065 1
4595550.6470 5437447.5834   0.0038 0.0358677 0.922259 3
4595550.2187 5437449.0503  28.0517 0.1012997 2.417340 1
4595550.2396 5437448.9902  26.4277 0.0877907 1.136098 2
4595550.2626 5437448.9241  24.6451 0.0430875 1.713119 2
4595550.5801 5437448.0095  -0.0381 0.1210340 1.085845 3
4595550.5128 5437448.4371  -0.0547 0.2599672 1.046674 3
4595550.4451 5437448.8660  -0.0178 0.0453817 1.018018 3
4595551.5377 5437443.4990  24.1024 0.1435522 1.076682 0
4595551.5192 5437443.7549  21.1669 0.0516209 1.141505 1
4595551.4097 5437444.3079  24.2291 0.0228799 0.833639 1
4595551.4316 5437444.2367  22.7702 0.0756869 1.082332 2
4595551.3621 5437444.6597  23.1680 0.0622699 1.261148 1
4595551.7058 5437443.5592   0.0975 0.3988706 1.073168 3
4595551.1940 5437445.3945  30.2437 0.0776786 1.156372 1
4595551.2629 5437445.1764  25.5823 0.0311376 1.263520 2
4595551.2842 5437445.1087  24.1369 0.0344405 1.288899 3
4595551.0890 5437445.9240  33.1616 0.0530748 1.036715 1
4595551.1360 5437445.7770  29.9468 0.0531544 1.217846 2
4595551.1989 5437445.5799  25.6381 0.0313822 1.138114 3
4595551.1360 5437445.9795  25.6285 0.1035339 1.559639 1
4595551.5042 5437444.8393   0.1438 0.0354933 1.039288 3
4595550.9736 5437446.6843  32.5634 0.0653826 1.044826 1
4595551.4362 5437445.2688   0.1767 0.0568355 1.035737 3
4595551.0514 5437446.6554  22.6617 0.0626817 1.574549 1
4595551.3707 5437445.6905   0.0505 0.3079389 1.075305 3
4595550.9851 5437447.0674  22.8414 0.0797421 1.843435 1
4595551.3032 5437446.1182   0.0695 0.1959855 1.066092 3
4595550.8294 5437447.7420  29.5012 0.0643436 1.413751 1
4595550.8905 5437447.5622  25.0830 0.0316725 1.167735 2
4595551.2361 5437446.5445   0.0659 0.1591372 1.052903 3
4595550.7591 5437448.1613  30.0498 0.0878198 1.198080 1
4595550.7807 5437448.0988  28.4718 0.0353391 1.124953 2
4595551.1691 5437446.9706   0.0184 0.0877257 1.097999 3
4595550.7437 5437448.4234  26.5374 0.0626459 1.062868 1
4595550.6540 5437448.8987  28.5363 0.0419808 1.116442 1
4595550.7342 5437448.6724  22.5085 0.0322693 0.978846 2
4595551.0342 5437447.8264  -0.0004 0.2401008 1.046642 3
4595550.9668 5437448.2536  -0.0205 0.1480406 1.052728 3
4595550.8993 5437448.6814  -0.0263 0.0744567 0.881655 3
4595551.7855 5437443.6369  24.1047 0.1160339 1.081252 1
4595551.8115 5437443.5513  22.4100 0.0624514 1.250942 2
4595551.7199 5437444.0468  24.2749 0.0923187 1.064014 1
4595551.7663 5437443.8955  21.2155 0.0572715 1.069768 2
4595551.6589 5437444.4422  24.1403 0.0978491 1.034579 1
4595551.6817 5437444.3687  22.6210 0.0453483 1.290202 2
4595551.5687 5437444.9303  25.9662 0.1296099 1.051188 1
4595551.9525 5437443.7045   0.1201 0.0827077 1.188052 3
4595551.4458 5437445.5200  30.0300 0.0370368 1.032168 1
4595551.5111 5437445.3138  25.5973 0.0451374 0.937884 2
4595551.5250 5437445.2699  24.6544 0.0982796 1.791383 3
4595551.3830 5437445.9182  30.0596 0.0717314 1.057916 1
4595551.4495 5437445.7106  25.4920 0.0383850 1.181487 2
4595551.8196 5437444.5545   0.0469 0.1213031 1.040799 3
4595551.3243 5437446.3034  29.8121 0.0535315 1.096485 1
4595551.3819 5437446.1257  25.8118 0.0895130 1.185305 2
4595551.7525 5437444.9812   0.0497 0.0514695 1.115423 3
4595551.6854 5437445.4083   0.0517 0.3300590 1.060532 3
4595551.3000 5437446.7940  22.6583 0.0917655 1.034932 2
4595551.6186 5437445.8344   0.0279 0.2570222 1.048873 3
4595551.1458 5437447.4678  29.1547 0.0369256 1.244215 1
4595551.2269 5437447.2266  23.3306 0.0876527 1.277986 2
4595551.5511 5437446.2625   0.0530 0.1231105 1.105799 3
4595551.0824 5437447.8675  29.2120 0.0407325 1.703483 1
4595551.4844 5437446.6880   0.0214 0.4683083 1.045315 3
4595551.0085 5437448.2978  30.0195 0.0546506 1.235415 1
4595551.4164 5437447.1178   0.0448 0.1121974 1.069826 3
4595550.9919 5437448.5640  26.6011 0.0481071 1.068100 1
4595551.0470 5437448.4068  22.5014 0.0395748 1.612694 2
4595551.3492 5437447.5451   0.0231 0.1894586 1.063999 3
4595550.9015 5437449.0408  28.6627 0.0506064 1.047834 1
4595551.2819 5437447.9721   0.0165 0.1979715 1.045195 3
4595551.1477 5437448.8265  -0.0583 0.1075650 0.980356 3
4595552.0845 5437444.3257  25.2376 0.0877150 1.023049 1
4595552.1046 5437444.2620  23.9375 0.0595661 1.435334 2
4595552.1147 5437444.2300  23.2838 0.0156126 0.721154 2
4595552.0229 5437444.7222  25.1583 0.0517637 1.130382 1
4595552.0363 5437444.6804  24.2852 0.0528470 0.965954 2
4595552.0636 5437444.5946  22.4935 0.0534101 1.301498 2
4595551.9238 5437445.2355  27.5665 0.0816156 1.135554 1
4595551.9540 5437445.1419  25.5729 0.0610172 1.068639 2
4595551.9067 5437445.4948  24.5419 0.0404685 1.105905 1
4595551.9531 5437445.3526  21.4441 0.0543303 1.703707 2
4595551.7585 5437446.1541  30.2650 0.0776772 1.299140 1
4595551.7965 5437446.0391  27.7064 0.0551662 1.311862 2
4595551.6995 5437446.5404  30.0572 0.0635649 1.037226 1
4595551.7646 5437446.3457  25.6242 0.0393440 1.300353 2
4595552.1392 5437445.2250   0.0984 0.0460083 1.118702 3
4595551.6608 5437446.8671  28.4168 0.1021318 1.018980 1
4595551.6790 5437446.8135  27.1707 0.0595969 1.780967 2
4595552.0732 5437445.6489   0.0353 0.0428030 1.277976 3
4595551.5691 5437447.3502  30.4273 0.0663651 1.063977 1
4595552.0061 5437446.0763   0.0349 0.1281048 1.105538 3
4595551.5690 5437447.5680  26.0402 0.1033965 1.026429 1
4595551.6066 5437447.4599  23.3977 0.0283452 1.036184 2
4595551.4973 5437447.9929  26.6527 0.0544689 1.015956 1
4595551.5410 5437447.8690  23.5452 0.0277889 1.036052 2
4595551.5547 5437447.8303  22.5748 0.0693899 1.023310 2
4595551.8713 5437446.9323   0.0528 0.1050027 1.014338 3
4595551.4347 5437448.3926  26.6138 0.0405710 1.205208 1
4595551.4786 5437448.2700  23.4575 0.0459834 1.278108 2
4595551.8031 5437447.3628   0.0999 0.1024157 1.045038 3
4595551.3431 5437448.8717  28.6726 0.0306466 0.961457 1
4595551.3763 5437448.7803  26.2596 0.0211020 0.941978 2
4595551.4169 5437448.6686  23.3115 0.0612841 1.084817 2
4595551.6691 5437448.2161   0.0541 0.2861649 1.086908 3
4595551.6029 5437448.6409  -0.0411 0.2545039 1.062203 3
4595552.2656 5437446.4441  29.0196 0.0282572 0.942479 1
4595551.7262 5437448.6781  -0.0379 0.5558817 1.046284 0
4595551.7436 5437448.1876   0.0630 0.2371908 1.036141 3
4595551.7540 5437447.7199   0.0395 0.3367010 1.074334 3
4595551.7668 5437447.2446   0.0547 0.5524865 1.047286 0
4595551.7763 5437446.7801   0.0159 0.8517601 1.068434 0
4595551.7906 5437446.3008   0.0474 0.8030419 1.062566 0
4595551.8097 5437445.8055   0.1383 0.6522190 1.055068 0
4595551.8207 5437445.3375   0.0983 0.5929701 1.076011 0
4595551.8315 5437444.8686   0.0466 0.6471341 1.041702 0
4595551.8464 5437444.3886   0.0588 0.5653157 1.124907 0
4595551.8631 5437443.9019   0.0976 0.5458155 1.122049 0
4595551.8772 5437443.4240   0.0946 0.5831916 1.059224 3
4595552.3018 5437445.7018  22.2191 0.0383171 1.208162 2
4595550.9411 5437448.8946  -0.0606 0.1003641 1.020439 3
4595550.9509 5437448.4288  -0.0887 0.0850667 0.993296 3
4595550.9632 5437447.9542  -0.0793 0.0573282 0.970573 3
4595550.9808 5437447.4630   0.0137 0.1397430 1.026609 3
4595550.9927 5437446.9901   0.0095 0.1268822 1.010180 3
4595551.0052 5437446.5150   0.0144 0.7444433 1.046977 0
4595551.0265 5437446.0126   0.1425 0.2814160 1.127083 0
4595551.0415 5437445.5314   0.1692 0.3452608 1.158654 0
4595551.0512 5437445.0665   0.1119 0.5710223 1.105044 0
4595551.0679 5437444.5797   0.1675 0.4168120 1.256553 0
4595551.0791 5437444.1097   0.1125 0.5115748 1.131280 0
4595551.0903 5437443.6404   0.0548 0.6466278 1.049101 0
4595551.9207 5437447.9450  24.4556 0.0515496 1.052597 2
4595552.1527 5437446.7536  27.9579 0.0283855 1.425103 1
4595552.1061 5437446.9108  27.2194 0.0808237 1.874102 2
4595551.8977 5437447.6139  23.9124 0.0487430 1.376961 2
4595552.0281 5437446.7663  25.8002 0.1438331 1.078244 0
4595552.1472 5437445.9595  27.4937 0.0769780 1.102747 1
4595552.0185 5437446.3898  25.4621 0.0753761 1.173437 3
4595552.0056 5437446.0243  25.0630 0.0824934 1.259010 1
4595552.0520 5437445.4618  25.5992 0.0406128 1.012719 1
4595551.9875 5437445.6754  24.5815 0.0220608 0.850082 2
4595551.9090 5437445.9355  23.3405 0.0699911 1.113214 2
4595552.0416 5437445.0881  25.2156 0.0530552 1.078129 1
4595551.9852 5437445.2738  24.3361 0.0984466 1.232951 2
4595552.0572 5437444.6290  25.2377 0.0797923 1.195305 1
4595551.7728 5437445.5617  20.7885 0.0446500 1.286534 2
4595552.0458 5437444.2570  24.8478 0.0265128 0.874750 1
4595551.9917 5437444.4336  24.0014 0.1021474 1.724625 2
4595551.9659 5437444.1076  23.3884 0.0501897 1.076724 1
4595551.7634 5437444.7653  20.2220 0.0474940 1.006932 2
4595550.4886 5437448.9047   0.0035 0.3664297 1.058493 3
4595551.9066 5437443.8891  22.2470 0.1544240 1.430807 1
4595550.4984 5437448.4391  -0.0493 0.2152530 1.027672 3
4595550.5273 5437447.4791   0.0334 0.7585025 1.039151 0
4595550.5406 5437447.0019   0.0391 0.6094284 1.049447 0
4595550.5537 5437446.5274   0.0412 0.8425131 1.055951 0
4595550.5714 5437446.0367   0.1116 0.7073695 1.060177 0
4595550.5835 5437445.5657   0.0919 0.6742922 1.060636 0
4595550.6738 5437444.8492   1.3005 0.0472313 1.176141 1
4595550.6008 5437445.0769   0.1446 0.5171246 1.072878 3
4595550.6198 5437444.5839   0.2243 0.4035349 1.371725 0
4595550.6298 5437444.1202   0.1432 0.5307297 1.069217 0
4595550.6457 5437443.6372   0.1540 0.5772865 1.048035 0
4595551.7986 5437448.2165  30.1007 0.0768619 1.052623 1
4595551.7689 5437447.5098  29.2746 0.0331887 1.173845 1
