    X-Koord.     Y-Koord. Z-Koord.      Int.   Pulsb. W
4595531.9071 5437440.2361  23.9454 0.0645049 1.422353 2
4595531.9912 5437440.2153  23.9811 0.0448994 1.323620 2
4595533.0502 5437440.1315  22.4033 0.0587192 1.262225 1
4595533.2050 5437440.1414  23.3557 0.0288419 1.073065 2
4595533.2293 5437440.0957  22.5059 0.0342243 0.987482 2
4595533.6723 5437440.1774  -0.0311 0.0787994 0.959855 3
4595533.7296 5437440.2123  -0.0186 0.1069337 1.048534 3
4595533.1477 5437440.1121   0.0453 0.1723829 1.014465 3
4595533.6468 5437440.1029  27.7793 0.1237733 1.637326 1
4595531.9710 5437440.2055   0.0198 0.0977769 1.115453 3
4595531.7995 5437440.0323   0.0161 0.0857963 1.160820 3
4595536.1337 5437436.0518   0.0027 0.0477461 1.168881 3
4595536.1638 5437435.5490   0.0076 0.2224096 1.070023 3
4595536.1941 5437435.0479   0.0065 0.0672318 0.993033 3
4595536.2567 5437434.0519   0.0178 0.2504014 1.035913 3
4595535.0118 5437438.0937  -0.0109 0.1602084 1.040441 3
4595535.0388 5437437.5806  -0.0830 0.0476847 1.016960 3
4595535.0751 5437437.1023  -0.0079 0.0945704 1.065063 3
4595535.1764 5437435.6394   0.1261 0.1149102 1.067153 3
4595533.9391 5437439.8355  -0.0860 0.4583479 1.077346 3
4595533.9762 5437439.3599  -0.0181 0.1445392 1.076791 3
4595534.0114 5437438.8776   0.0107 0.1829479 1.042147 3
4595534.1095 5437437.4020   0.0262 0.1083360 0.997211 3
4595534.1401 5437436.9020   0.0252 0.1245892 1.071038 3
4595534.3594 5437433.4109   0.0082 0.0464380 0.998999 3
4595533.2129 5437439.8209  -0.0060 0.1422186 1.054963 3
4595533.2404 5437439.3121  -0.0600 0.4357973 1.059702 3
4595533.3093 5437438.3387  -0.0275 0.3748807 1.050970 3
4595533.3464 5437437.8616   0.0250 0.3505423 1.063983 3
4595533.3798 5437437.3715   0.0406 0.1624574 1.152760 3
4595533.4129 5437436.8809   0.0773 0.0390598 1.027368 3
4595533.4379 5437436.3596   0.0034 0.1325017 1.125696 0
4595533.4733 5437435.8744   0.0392 0.1901784 1.018710 3
4595533.5046 5437435.3752   0.0262 0.0450102 1.003672 3
4595533.5330 5437434.8650  -0.0200 0.1950807 1.063351 3
4595533.6259 5437433.3606  -0.0375 0.0786021 1.004648 3
4595534.6653 5437436.0293  12.4933 0.0774118 1.355774 3
4595536.2108 5437434.8521  27.7686 0.0574309 1.598147 2
4595536.2954 5437434.5991  28.4811 0.0374142 0.902473 1
4595532.3666 5437439.3987  -0.0942 0.1116167 1.017134 3
4595532.3977 5437438.9008  -0.1093 0.3874523 1.046197 0
4595532.4398 5437438.4413   0.0115 0.1680049 1.076705 3
4595532.4753 5437437.9579   0.0399 0.6499264 1.052513 0
4595532.5140 5437437.4862   0.1096 0.4420436 1.074062 0
4595532.5393 5437436.9678   0.0354 0.3193764 1.041673 3
4595532.5694 5437436.4650   0.0187 0.0985691 1.019952 3
4595532.6035 5437435.9750   0.0168 0.0587796 1.041288 3
4595532.6346 5437435.4747  -0.0215 0.1118652 1.016313 3
4595532.6657 5437434.9747  -0.0361 0.2073696 1.082530 3
4595532.6947 5437434.4675  -0.0753 0.0992967 1.028951 3
4595532.7284 5437433.9760  -0.0391 0.0877560 1.001514 3
4595532.7617 5437433.4812  -0.0108 0.2046092 1.009874 3
4595532.8274 5437432.4907   0.0009 0.2699854 1.027834 0
4595534.7288 5437438.3699  23.3921 0.0333365 1.034356 2
4595534.8068 5437436.8999  23.2299 0.0356499 1.360478 2
4595534.5755 5437436.0216  20.2845 0.0677821 1.466390 3
4595535.2165 5437437.2903  27.6752 0.0473090 1.060489 1
4595535.4707 5437437.1008  30.1661 0.0564257 1.257217 3
4595535.4841 5437436.5696  29.9840 0.0433083 1.050038 1
4595535.5438 5437436.2188  30.3777 0.1107662 1.174279 1
4595535.7417 5437436.4103  32.5176 0.0704539 1.722888 3
4595535.7677 5437435.9291  32.4868 0.1859617 1.439465 0
4595535.7415 5437435.2419  31.7915 0.0458814 1.136944 1
4595535.5612 5437434.5277  29.4955 0.0576681 1.700054 2
4595531.3942 5437438.4361  -0.0844 0.1076951 1.008414 3
4595531.5101 5437437.0170   0.1379 0.0650476 1.504436 3
4595531.5328 5437436.4879  -0.0049 0.2474172 1.132980 3
4595531.5629 5437435.9844  -0.0422 0.3061942 1.099398 3
4595531.6293 5437434.9980  -0.0460 0.1244681 1.102438 3
4595531.6613 5437434.5002  -0.0633 0.0784556 1.124470 3
4595531.6954 5437434.0098  -0.0334 0.0746194 1.105434 3
4595531.7321 5437433.5283   0.0283 0.0700050 1.144489 3
4595533.6510 5437439.8701  23.6189 0.1073225 1.137272 3
4595533.8105 5437439.8685  25.2300 0.0473791 1.240532 2
4595533.6691 5437439.3535  23.4630 0.0501995 1.163518 2
4595533.4200 5437438.4460  20.3260 0.0489435 1.044462 3
4595534.0534 5437439.5981  27.5121 0.1016128 1.304274 1
4595533.7403 5437438.4467  23.5612 0.0730398 1.265451 2
4595533.5410 5437437.1249  20.6778 0.0481379 1.188335 1
4595534.2091 5437439.0156  28.6913 0.0631837 1.670413 1
4595534.2787 5437438.6956  29.1757 0.0365552 0.921091 1
4595534.1926 5437438.3745  28.0878 0.1375528 1.183848 2
4595533.8007 5437436.9125  23.1761 0.0878410 1.159904 3
4595534.4082 5437438.6012  30.4204 0.0445188 1.100501 1
4595534.2020 5437437.8285  27.8214 0.0626774 1.508053 2
4595534.5272 5437438.4715  31.5371 0.0187217 0.847376 1
4595534.4355 5437438.1259  30.3810 0.0393293 1.007558 3
4595534.6242 5437437.6815  31.9971 0.0984569 1.051117 0
4595534.7168 5437437.4558  32.7835 0.1280613 1.168871 0
4595534.3924 5437435.6319  28.3289 0.0571110 1.210156 0
4595534.7648 5437436.4825  32.6590 0.1048698 1.070093 1
4595534.6374 5437435.4080  30.6716 0.0472037 1.122377 1
4595534.5841 5437435.2015  30.0020 0.0257513 1.215692 2
4595534.8586 5437435.1011  32.7312 0.1581425 1.330091 1
4595534.7604 5437434.7174  31.4955 0.0522732 1.944469 3
4595534.8934 5437434.6554  32.8084 0.0781648 1.209613 1
4595534.7892 5437434.2464  31.4867 0.0658932 1.162324 3
4595530.8274 5437435.0571  -0.0522 0.3515263 1.045498 0
4595533.0580 5437439.4416  25.2242 0.0701890 1.120700 1
4595533.2046 5437439.3937  26.6551 0.0838106 1.100304 1
4595532.7353 5437437.6862  20.8161 0.0375613 0.966994 2
4595533.2555 5437438.9991  26.8940 0.0377032 0.970298 1
4595532.9849 5437438.0101  23.5255 0.1100773 1.110591 2
4595533.3445 5437438.7451  27.6085 0.0432599 1.385545 1
4595533.3274 5437438.1016  27.0035 0.0238359 0.777849 1
4595533.6800 5437438.8266  31.0205 0.0383228 1.082181 1
4595533.6139 5437438.5816  30.1904 0.0426944 1.182902 2
4595533.5281 5437438.2634  29.1152 0.0312009 1.181185 3
4595533.7770 5437438.6106  31.8461 0.0881645 1.125676 1
4595533.6805 5437438.2508  30.6354 0.0443792 1.300513 3
4595533.7894 5437438.0798  31.6149 0.1123145 1.245565 1
4595533.8668 5437437.7925  32.2005 0.0671718 1.152532 1
4595533.8069 5437437.5672  31.4489 0.0384997 0.974479 2
4595533.4168 5437436.0999  26.6179 0.0855599 1.130498 3
4595533.9482 5437437.5216  32.8382 0.1036551 1.141433 1
4595533.8265 5437437.0617  31.3323 0.0348672 1.127335 2
4595533.9955 5437437.1231  33.0673 0.0574719 1.186211 1
4595534.0512 5437436.7566  33.3994 0.0904623 1.057103 1
4595533.9537 5437436.3847  32.1876 0.0902413 1.893866 3
4595533.9766 5437435.3093  31.7139 0.1693777 1.344939 3
4595534.0906 5437435.1669  32.7690 0.1467192 1.479212 1
4595533.9263 5437434.5313  30.7149 0.0540730 1.154480 3
4595534.1468 5437434.8023  33.1046 0.0673354 1.131430 1
4595532.2325 5437439.9445  24.7175 0.0848325 1.111895 1
4595532.2770 5437439.5235  24.9078 0.0778567 1.113689 1
4595532.5128 5437439.2123  27.0622 0.0578327 1.010159 1
4595532.8693 5437438.2004  29.9144 0.0801270 1.897067 3
4595532.9264 5437437.8322  30.2324 0.0467864 1.277794 1
4595533.0956 5437437.8825  31.9431 0.0405994 0.997226 1
4595532.8688 5437437.0390  29.1547 0.0564619 1.122438 3
4595533.2282 5437437.8006  33.2026 0.1348301 1.046657 0
4595533.1121 5437436.7879  31.4166 0.1120943 1.124447 2
4595532.8659 5437435.8634  28.3550 0.0332711 1.098883 2
4595533.3100 5437436.9547  33.4837 0.0869756 1.209091 1
4595533.1303 5437436.2766  31.2715 0.0537104 1.752681 3
4595533.3152 5437436.3971  33.1921 0.1071176 1.128434 1
4595533.3910 5437436.1058  33.7540 0.1153470 1.621046 0
4595533.4168 5437435.6249  33.6921 0.0578266 1.116200 1
4595533.3593 5437435.4052  32.9741 0.1138020 1.232350 3
4595533.3640 5437434.8420  32.6557 0.0665268 1.148649 1
4595533.2988 5437434.5915  31.8416 0.0576579 1.123129 2
4595533.0958 5437433.8112  29.3259 0.0380655 1.376856 3
4595533.1034 5437433.2532  29.0455 0.1690063 1.226887 0
4595533.1431 5437432.8196  29.1534 0.0548890 1.199717 1
4595531.4644 5437438.8045  25.7713 0.0852788 1.147037 1
4595531.5003 5437438.3521  25.8564 0.1229795 1.093995 1
4595531.5053 5437437.7896  25.5458 0.1569802 1.734093 1
4595531.2934 5437436.4421  22.5489 0.0458185 0.954211 1
4595531.6027 5437436.9780  25.9573 0.0653003 1.270698 1
4595531.9028 5437437.4905  29.2433 0.0816440 1.030293 1
4595531.8509 5437437.3012  28.6099 0.0610446 1.003956 2
4595532.0001 5437437.2673  30.0499 0.0999463 1.223763 1
4595531.9443 5437437.0628  29.3684 0.0507932 1.652042 2
4595531.8324 5437436.6524  27.9957 0.0196882 0.809373 3
4595532.0281 5437436.7916  30.0141 0.0715848 1.008119 1
4595531.9456 5437436.4875  29.0014 0.0795572 1.175078 2
4595532.3209 5437437.2946  33.2110 0.0308475 0.832409 1
4595532.2434 5437437.0080  32.2692 0.1266412 1.463281 3
4595532.2755 5437436.5496  32.2923 0.0546253 1.003479 1
4595532.2104 5437436.3079  31.4879 0.0775718 1.344852 3
4595532.4020 5437436.4447  33.4690 0.1302366 1.355151 1
4595532.2133 5437435.7402  31.1251 0.0604220 1.680671 3
4595532.2713 5437435.3764  31.4489 0.0873038 1.171117 1
4595532.4779 5437435.5737  33.6083 0.1188481 1.033698 1
4595532.3685 5437435.1614  32.2621 0.0376688 1.105487 3
4595532.2249 5437434.0371  30.1335 0.1070603 0.992944 1
4595532.2654 5437433.6073  30.2681 0.0367775 1.062891 1
4595531.0752 5437436.8018  28.6598 0.0908788 1.297616 1
4595531.0795 5437436.2365  28.3242 0.0856502 1.105587 1
4595531.4062 5437436.2742  31.5335 0.0546153 1.145007 1
4595531.2007 5437435.5188  29.0331 0.1021868 1.102210 2
4595531.1434 5437434.7256  27.9437 0.0556052 1.082826 1
4595531.1693 5437434.2379  27.8765 0.0498011 1.220178 1
4595530.9865 5437434.5141   0.0368 0.2866973 1.122690 3
4595530.9178 5437434.9489   0.1066 0.1315151 1.187132 3
4595530.8544 5437435.3738   0.0162 0.5206996 1.051093 0
4595531.2704 5437434.2329   0.0927 0.2311556 1.290639 3
4595531.2050 5437434.6613   0.0543 0.1675855 1.086519 3
4595531.1383 5437435.0923   0.0632 0.2738307 1.038812 3
4595531.0739 5437435.5184   0.0042 0.1736424 1.074024 3
4595531.0079 5437435.9483  -0.0099 0.4906233 1.056321 3
4595530.9409 5437436.3802   0.0008 0.4229730 1.072077 3
4595531.4991 5437433.7289   0.0700 0.3511720 1.079912 3
4595531.4321 5437434.1602   0.0662 0.2468023 1.155419 0
4595531.3679 5437434.5865  -0.0208 0.0732062 1.090258 3
4595531.2986 5437435.0221   0.0620 0.2272035 1.036716 0
4595531.2336 5437435.4494   0.0130 0.2526593 1.063623 3
4595531.1669 5437435.8801   0.0167 0.3947449 1.071582 0
4595531.1005 5437436.3101   0.0084 0.4283534 1.051782 3
4595531.0361 5437436.7361  -0.0554 0.3349971 1.095186 3
4595530.9512 5437434.5463  24.0978 0.0453418 1.207958 1
4595530.8097 5437435.3888  24.5878 0.0548612 1.164109 1
4595530.8459 5437435.3183  23.5007 0.0441638 1.296589 2
4595530.8826 5437435.2467  22.3967 0.0375080 1.188732 2
4595531.6278 5437433.7943   0.0436 0.2161240 1.060852 3
4595531.5611 5437434.2252   0.0320 0.4772768 1.079916 0
4595531.4943 5437434.6566   0.0242 0.2055129 1.099341 0
4595531.4267 5437435.0890   0.0552 0.1636239 1.069476 3
4595531.3623 5437435.5149  -0.0072 0.2724854 1.078350 3
4595531.2957 5437435.9459  -0.0145 0.1987587 1.060387 3
4595531.2292 5437436.3763  -0.0195 0.3256334 1.043950 3
4595531.1637 5437436.8044  -0.0483 0.3349870 1.080161 3
4595531.0969 5437434.5618  27.7526 0.0266773 1.006434 1
4595531.1389 5437434.4775  26.5063 0.0330035 0.993298 2
4595531.0314 5437434.9706  27.8557 0.0587912 1.074935 1
4595531.9639 5437433.1162   0.0554 0.2678288 1.022902 3
4595531.1568 5437435.0030  22.2284 0.0498099 0.997587 1
4595531.8974 5437433.5461   0.0384 0.6656705 1.034187 3
4595531.0861 5437435.4261  22.4578 0.0632364 1.015616 1
4595531.8281 5437433.9823   0.0963 0.2979281 1.086108 3
4595530.8895 5437436.0907  26.5072 0.0279992 1.139719 1
4595531.7630 5437434.4100   0.0342 0.2946216 1.060300 3
4595531.6301 5437435.2698   0.0237 0.2083072 1.069275 3
4595531.5633 5437435.7013   0.0287 0.4063859 1.032615 3
4595531.4966 5437436.1320   0.0302 0.3450389 1.044287 3
4595531.4301 5437436.5623   0.0255 0.2701026 1.087852 3
4595531.3642 5437436.9913   0.0178 0.4521139 1.077385 0
4595531.2965 5437437.4241   0.0527 0.5230108 1.056569 0
4595531.2312 5437437.8526   0.0001 0.7866253 1.034180 0
4595531.4195 5437433.8684  27.7469 0.0254721 1.010349 1
4595531.4707 5437433.7632  26.2369 0.0181773 0.860988 2
4595531.5132 5437433.6758  24.9828 0.0503316 1.131377 2
4595531.3779 5437434.5060  25.2451 0.0495456 1.124206 1
4595532.2242 5437432.8027   0.0261 0.3228770 1.038308 3
4595531.1859 5437435.1681  29.1307 0.1336097 1.114901 1
4595532.1551 5437433.2378   0.0831 0.1015891 1.101693 3
4595531.1284 5437435.5594  29.0007 0.0489657 1.145473 1
4595532.0886 5437433.6675   0.0653 0.3259862 1.047702 3
4595531.0857 5437435.9224  28.4138 0.0704199 1.043944 1
4595531.2861 5437435.5318  22.3382 0.0425438 0.942676 2
4595532.0222 5437434.0973   0.0349 0.1274215 1.034959 3
4595531.0179 5437436.3351  28.5814 0.0845591 1.151627 1
4595531.0888 5437436.1983  26.4196 0.0381241 1.187882 2
4595531.1526 5437436.0756  24.4786 0.0407278 1.128095 2
4595531.9549 5437434.5296   0.0341 0.1446313 1.078800 3
4595531.0918 5437436.4770  24.4158 0.0310626 1.220610 2
4595531.8215 5437435.3905   0.0349 0.1667957 1.058921 3
4595531.7542 5437435.8215   0.0603 0.3894509 1.108439 3
4595531.6884 5437436.2509   0.0308 0.2302021 1.075316 3
4595531.6222 5437436.6804   0.0189 0.1097352 1.105980 3
4595531.5548 5437437.1117   0.0545 0.5789325 1.108665 0
4595531.4887 5437437.5416   0.0403 0.3926191 1.079146 0
4595531.4236 5437437.9695  -0.0211 0.6975225 1.052041 0
4595531.3567 5437438.4002  -0.0339 0.6800444 1.064781 0
4595531.6008 5437433.7743  26.1872 0.0775692 1.057451 1
4595531.4822 5437434.2936  27.8469 0.0460409 0.985653 1
4595531.5032 5437434.5262  25.3267 0.0248613 1.053103 1
4595531.5462 5437434.4388  24.0314 0.0281564 1.050720 2
4595532.3439 5437432.8160   0.0113 0.3966913 1.084472 3
4595531.3177 5437435.1775  29.0580 0.0967122 1.090784 1
4595532.2753 5437433.2499   0.0590 0.0932615 1.014965 3
4595531.3715 5437435.3474  25.5258 0.0303573 1.002335 1
4595532.2088 5437433.6799   0.0350 0.3506621 1.056610 3
4595531.2040 5437435.9584  28.7383 0.0566276 1.524233 1
4595531.2690 5437435.8302  26.7447 0.0237796 0.991696 2
4595532.1420 5437434.1106   0.0157 0.2677117 1.036189 3
4595531.1422 5437436.3592  28.7244 0.0556395 1.246448 1
4595531.2167 5437436.2141  26.4308 0.0592937 1.612380 2
4595532.0747 5437434.5427   0.0117 0.0856745 0.935253 3
4595531.0761 5437436.7673  28.8505 0.1151150 1.155113 1
4595532.0065 5437434.9757   0.0601 0.0852178 0.990185 3
4595531.1024 5437437.0005  26.1022 0.0384989 1.168446 1
4595531.2096 5437436.7965  22.7694 0.0842146 1.001739 2
4595531.9416 5437435.4033   0.0002 0.2499040 1.054334 3
4595531.8785 5437435.8264  -0.1052 0.2861131 0.896702 3
4595531.8232 5437436.2359  -0.4595 0.0436156 1.200137 3
4595531.7407 5437436.6961   0.0343 0.2152842 1.080555 3
4595531.6741 5437437.1259   0.0399 0.3834292 1.120463 0
4595531.6076 5437437.5566   0.0363 0.4302979 1.068234 0
4595531.5420 5437437.9850  -0.0076 0.7831102 1.045337 0
4595531.4758 5437438.4142  -0.0309 0.6474389 1.060600 0
4595531.7880 5437433.3168  28.7607 0.0497631 0.949238 1
4595531.7287 5437433.7120  28.6600 0.0548454 1.104230 1
4595531.7569 5437433.6525  27.8143 0.0334378 0.987851 2
4595531.8418 5437433.4739  25.2740 0.0431189 1.148946 2
4595531.6976 5437434.0484  27.7101 0.1218824 1.134765 1
4595531.7149 5437434.2864  25.2893 0.1409210 1.066351 1
4595532.5515 5437432.5612  -0.0021 0.2020794 1.036760 3
4595531.5840 5437434.8303  27.3619 0.0636957 1.153809 1
4595532.4839 5437432.9936   0.0139 0.3250810 1.038474 3
4595531.4533 5437435.3710  29.4608 0.1557586 1.668955 0
4595532.3505 5437433.8545  -0.0128 0.3798918 1.039648 0
4595531.3553 5437436.1197  28.6575 0.0339896 1.098210 1
4595531.4258 5437435.9805  26.4799 0.0441100 1.294350 2
4595532.2828 5437434.2870  -0.0041 0.2648374 1.035380 3
4595531.2887 5437436.5302  28.7955 0.1571284 1.525821 0
4595531.3076 5437436.7742  26.2745 0.0615809 1.014583 1
4595531.4236 5437436.5501  22.6496 0.0532087 1.012479 2
4595532.1466 5437435.1534   0.0685 0.1551587 1.084883 3
4595531.2527 5437437.1638  26.0413 0.0634096 1.084201 1
4595532.0812 5437435.5821   0.0288 0.1344352 1.051038 3
4595531.2040 5437437.5415  25.6072 0.1050348 1.448893 1
4595532.0145 5437436.0126   0.0370 0.2559818 1.055809 3
4595531.9452 5437436.4474   0.1282 0.1739082 1.153428 3
4595531.8795 5437436.8762   0.0995 0.2506993 1.034842 3
4595531.8129 5437437.3071   0.0966 0.1043366 1.082394 3
4595531.7478 5437437.7347   0.0450 0.6421613 1.048431 0
4595531.6822 5437438.1627   0.0090 0.7534689 1.062475 0
4595531.6161 5437438.5928  -0.0248 0.8383799 1.048798 0
4595531.5499 5437439.0225  -0.0750 0.3831099 1.089535 3
4595532.1233 5437432.9497  27.9307 0.0816656 1.079772 1
4595532.0377 5437433.4007  28.6103 0.0836451 1.420693 1
4595531.9726 5437433.8078  28.6800 0.1470934 1.080288 1
4595531.8646 5437434.3037  30.0480 0.0494956 0.891919 1
4595531.7543 5437434.8031  31.5024 0.1267011 1.070933 1
4595532.7937 5437432.6623   0.0302 0.0388056 1.023048 3
4595531.6971 5437435.1919  31.3669 0.0785184 1.117258 1
4595531.8825 5437434.8140  25.7099 0.0314148 1.281477 2
4595532.7271 5437433.0923   0.0168 0.1337686 1.067079 3
4595531.6402 5437435.5803  31.2213 0.0769815 1.144016 1
4595531.6963 5437435.4672  29.5006 0.0867556 1.177720 2
4595531.7234 5437435.4123  28.6668 0.0232776 0.993451 2
4595531.8317 5437435.1940  25.3469 0.0343002 1.384923 2
4595532.6561 5437433.5313   0.1364 0.0357169 1.028714 3
4595531.5730 5437435.9893  31.3889 0.0588254 1.075013 1
4595531.6035 5437435.9283  30.4473 0.0630555 0.974839 2
4595531.6336 5437435.8683  29.5201 0.0644291 1.608068 3
4595531.5455 5437436.3193  30.3298 0.0190297 0.895321 1
4595531.6058 5437436.2004  28.4662 0.0741126 1.554517 2
4595531.6246 5437436.1633  27.8834 0.0347526 0.855226 2
4595531.6672 5437436.0793  26.5660 0.0538990 1.493202 3
4595531.4816 5437436.7228  30.3936 0.0602157 1.015705 1
4595531.5281 5437436.6322  28.9471 0.0653827 2.288261 2
4595531.5570 5437436.5756  28.0447 0.0222767 1.089492 3
4595531.4205 5437437.1199  30.3813 0.0897996 1.024126 1
4595531.4730 5437437.0186  28.7383 0.0461740 1.217463 2
4595531.5578 5437436.8551  26.0838 0.0364599 1.164939 2
4595532.3901 5437435.2497   0.0423 0.0784059 1.147843 3
4595532.3246 5437435.6775   0.0078 0.6687090 1.056875 0
4595531.4417 5437437.6455  25.8053 0.1014009 1.311296 1
4595532.2564 5437436.1110   0.0619 0.1879562 1.101282 3
4595531.3782 5437438.0510  25.8186 0.0615649 1.154720 1
4595532.1878 5437436.5445   0.1273 0.1554232 1.110398 3
4595532.1227 5437436.9718   0.0692 0.0917028 1.046707 3
4595532.0549 5437437.4039   0.0971 0.1926518 1.060020 3
4595531.9888 5437437.8329   0.0760 0.3932343 1.051157 0
4595531.9232 5437438.2611   0.0369 0.4055994 1.064874 3
4595531.8582 5437438.6884  -0.0310 0.3301265 1.058069 3
4595531.7922 5437439.1174  -0.0811 0.3648548 1.031390 3
4595531.7238 5437439.5500  -0.0530 0.1120898 1.043015 3
4595532.3067 5437432.8701  27.9043 0.0439489 1.017274 1
4595532.1642 5437433.4434  30.2944 0.0377808 1.040290 1
4595532.2216 5437433.3204  28.5711 0.0908303 1.417348 2
4595532.1560 5437433.7283  28.6517 0.1044797 1.030596 1
4595532.0471 5437434.2267  30.0464 0.1073251 1.059689 1
4595531.9384 5437434.7235  31.4533 0.1366346 1.092563 1
4595532.9698 5437432.5777   0.0317 0.1512461 1.022153 3
4595531.8806 5437435.1132  31.3262 0.0384124 1.029819 1
4595532.0615 5437434.7407  25.7728 0.0392099 1.168902 2
4595532.9040 5437433.0058  -0.0102 0.2504165 1.040307 3
4595531.8237 5437435.5012  31.1744 0.0564055 0.969564 1
4595531.8794 5437435.3878  29.4553 0.0566560 1.138200 2
4595532.8357 5437433.4391   0.0255 0.0467535 1.128273 3
4595531.7546 5437435.9140  31.4004 0.0579831 1.069541 1
4595531.7846 5437435.8534  30.4681 0.0533252 1.094111 2
4595531.8148 5437435.7926  29.5320 0.0665234 1.231538 2
4595531.9097 5437435.6013  26.5864 0.0257248 1.137555 2
4595532.7696 5437433.8678  -0.0237 0.0391268 1.054506 3
4595531.8460 5437436.0059  26.6270 0.0436561 1.030895 1
4595532.6998 5437434.3034   0.0427 0.0439186 1.030862 3
4595531.6645 5437436.6438  30.3495 0.0722938 0.961859 1
4595531.7023 5437436.5692  29.1641 0.0936182 2.564063 2
4595531.7377 5437436.4994  28.0546 0.0131449 0.792207 3
4595531.6047 5437437.0382  30.2883 0.0406074 1.098567 1
4595531.6564 5437436.9373  28.6573 0.0887803 1.053606 2
4595531.7355 5437436.7830  26.1651 0.0275335 0.990640 2
4595532.5661 5437435.1638   0.0114 0.0842779 0.998681 3
4595532.4997 5437435.5935  -0.0134 0.7541934 1.044720 0
4595531.6170 5437437.5773  25.9525 0.0740435 1.354964 1
4595532.4316 5437436.0262   0.0414 0.2322898 1.035808 3
4595531.5608 5437437.9687  25.7379 0.0638305 1.093717 1
4595532.3644 5437436.4569   0.0630 0.1856474 1.098637 3
4595531.4928 5437438.3823  25.8969 0.0686266 1.237797 0
4595531.4673 5437438.7171  24.6719 0.0575972 1.410393 2
4595532.2300 5437437.3181   0.0644 0.1655928 1.096094 3
4595532.1630 5437437.7490   0.0599 0.4136546 1.065462 3
4595532.0970 5437438.1776   0.0302 0.6135919 1.050777 3
4595532.0309 5437438.6064  -0.0024 0.3535346 1.063335 3
4595531.9659 5437439.0329  -0.0812 0.3507008 1.033511 3
4595531.8987 5437439.4638  -0.0957 0.1435954 0.985462 3
4595531.8276 5437439.9018   0.0112 0.0849840 0.975146 3
4595532.4170 5437432.8779  27.8541 0.0509650 1.099663 1
4595532.2768 5437433.4491  30.2037 0.1125848 1.002539 1
4595532.2151 5437433.8479  30.1746 0.0566246 1.033081 1
4595532.2637 5437433.7435  28.6927 0.0588363 1.157423 2
4595532.1573 5437434.2386  30.0267 0.1359236 1.036289 1
4595532.1930 5437434.1626  28.9317 0.0534955 1.219708 2
4595532.0511 5437434.7313  31.3794 0.0703081 1.037059 1
4595533.0686 5437432.5880   0.0083 0.2368421 1.002555 3
4595531.9879 5437435.1319  31.4229 0.1017541 1.081033 1
4595532.0547 5437434.9926  29.3469 0.0313413 1.202643 2
4595533.0018 5437433.0179   0.0037 0.0904879 1.000551 3
4595532.9329 5437433.4531   0.0577 0.1682528 1.027540 0
4595531.8565 5437435.9447  31.6687 0.1256337 1.131259 1
4595531.9221 5437435.8107  29.6079 0.0278467 1.086357 2
4595532.0132 5437435.6248  26.7452 0.0252805 0.926631 2
4595532.0334 5437435.5836  26.1120 0.0291769 1.462659 2
4595532.8663 5437433.8832   0.0261 0.0504844 1.010621 3
4595531.8402 5437436.2504  30.2408 0.0649474 1.009943 1
4595531.8800 5437436.1700  28.9852 0.0277176 1.088949 2
4595531.9159 5437436.0974  27.8512 0.0503544 1.070723 2
4595531.9787 5437435.9707  25.8703 0.0852822 1.337290 2
4595532.7998 5437434.3126  -0.0062 0.0403642 1.013000 3
4595531.7784 5437436.6498  30.2331 0.0579573 1.094003 1
4595532.7316 5437434.7461   0.0142 0.0455759 1.041940 3
4595531.7148 5437437.0524  30.2886 0.0751245 1.125501 1
4595531.7679 5437436.9476  28.5955 0.0357445 1.405366 2
4595532.6648 5437435.1766   0.0050 0.0909049 1.009792 3
4595531.7796 5437437.2044  26.2279 0.0340727 1.188527 1
4595531.8236 5437437.1185  24.8166 0.0655366 1.034716 2
4595532.5983 5437435.6064  -0.0102 0.2454069 1.018471 3
4595531.7275 5437437.5871  25.8945 0.1096451 1.615470 1
4595532.5303 5437436.0386   0.0433 0.2367110 1.066439 3
4595532.4637 5437436.4686   0.0507 0.1340892 1.138536 0
4595531.6077 5437438.3849  25.6991 0.0629424 1.475788 1
4595532.3961 5437436.9010   0.0575 0.1959782 1.064814 3
4595531.5326 5437438.8120  26.0770 0.0385667 0.980902 1
4595531.5689 5437438.7446  24.8958 0.0632364 1.287761 2
4595532.3269 5437437.3359   0.1218 0.1122055 1.092182 3
4595532.2618 5437437.7630   0.0616 0.5961281 1.044473 3
4595532.1962 5437438.1907   0.0266 0.6203145 1.048833 0
4595532.1318 5437438.6168  -0.0571 0.5365087 1.057834 3
4595532.0651 5437439.0476  -0.0829 0.4661229 1.031467 3
4595531.9972 5437439.4795  -0.0634 0.0643921 1.089300 3
4595531.9273 5437439.9157   0.0048 0.1017763 1.053620 3
4595532.7761 5437432.3722  28.5705 0.0293767 0.913178 1
4595532.7081 5437432.7858  28.7355 0.0600888 1.127002 1
4595532.5954 5437433.2959  30.2537 0.0501289 0.958288 1
4595532.6271 5437433.2270  29.2949 0.0664580 1.133943 2
4595532.6852 5437433.1007  27.5377 0.0417653 1.247651 2
4595532.5015 5437433.7642  31.1973 0.1249803 1.083890 1
4595532.5342 5437433.6939  30.2065 0.0550244 1.140922 2
4595532.4656 5437434.1071  30.3817 0.1182272 1.252683 1
4595532.4651 5437434.3760  28.4795 0.0836123 1.105600 1
4595532.5253 5437434.2488  26.6332 0.0399239 1.156120 2
4595532.2251 5437435.1489  33.9617 0.0832338 1.074248 1
4595532.2894 5437435.0144  31.9707 0.0469106 2.084435 3
4595532.1775 5437435.5152  33.5309 0.0701964 1.098819 1
4595533.2593 5437433.2779   0.0040 0.2968606 1.051318 3
4595532.1240 5437435.8952  33.2888 0.1581068 1.078759 1
4595533.1904 5437433.7128   0.0495 0.0478326 1.052305 3
4595532.0601 5437436.2958  33.3743 0.0660510 1.221199 1
4595532.1170 5437436.1805  31.5858 0.0565280 1.217390 2
4595532.1393 5437436.1353  30.8839 0.0575457 0.942168 3
4595532.0526 5437436.5834  31.6695 0.1588005 1.154081 1
4595532.1050 5437436.4786  30.0184 0.0376228 1.319202 3
4595532.0534 5437436.8573  29.6810 0.0476130 1.431631 1
4595532.1081 5437436.7491  27.9493 0.0340611 1.125176 2
4595532.1528 5437436.6605  26.5321 0.0546178 1.087924 2
4595532.9856 5437435.0115   0.1243 0.1118276 1.129378 3
4595532.0032 5437437.2345  29.2975 0.0498412 1.079198 1
4595532.9201 5437435.4396   0.0674 0.0989283 1.077106 3
4595532.0291 5437437.4642  26.4702 0.0546355 1.190176 1
4595532.0599 5437437.4046  25.4838 0.1087324 1.175368 2
4595532.8536 5437435.8692   0.0600 0.1299874 1.087067 3
4595531.9827 5437437.8357  25.9498 0.0565955 1.127310 1
4595532.0447 5437437.7173  23.9540 0.0270144 1.098506 2
4595532.1391 5437437.5368  20.9092 0.0334851 1.096008 2
4595532.7862 5437436.2998   0.0884 0.0830351 1.110584 3
4595531.9146 5437438.2497  26.1224 0.0383163 1.034825 1
4595532.7191 5437436.7306   0.0894 0.3158105 1.041169 3
4595531.8586 5437438.6412  25.8940 0.0451846 1.091639 1
4595531.9099 5437438.5455  24.2283 0.0609537 1.234114 2
4595532.6516 5437437.1624   0.0880 0.2250057 1.060959 3
4595531.8417 5437438.9607  24.3761 0.1408290 1.594105 1
4595532.5844 5437437.5935   0.0865 0.1277058 1.023092 3
4595532.5178 5437438.0232   0.0847 0.3346749 1.065048 0
4595531.7240 5437439.7560  24.0585 0.0773406 1.086137 2
4595532.4544 5437438.4465  -0.0228 0.1825801 1.053471 3
4595532.3883 5437438.8756  -0.0496 0.0740474 1.099522 3
4595532.3203 5437439.3080  -0.0193 0.2424520 1.021147 3
4595532.2518 5437439.7415   0.0057 0.1012683 1.008810 3
4595532.9457 5437432.8860  29.0005 0.0919258 1.889381 1
4595532.8700 5437433.3155  29.3979 0.1495495 1.129906 1
4595532.7531 5437433.8326  31.0412 0.1307102 1.072734 1
4595532.8478 5437433.6287  28.1646 0.0448517 1.242440 3
4595532.7365 5437434.1345  29.6252 0.0801959 1.113524 1
4595532.8379 5437433.9185  26.5326 0.0425773 1.113055 2
4595532.6189 5437434.6506  31.3073 0.0718467 1.134836 1
4595532.7139 5437434.4503  28.3897 0.0583860 1.239219 2
4595532.4811 5437435.2074  33.6391 0.0535087 1.126455 1
4595532.5303 5437435.1047  32.1177 0.0278246 1.248321 2
4595532.5627 5437435.0370  31.1154 0.0306498 0.989203 2
4595532.6202 5437434.9170  29.3394 0.0425143 1.097136 3
4595532.4219 5437435.5976  33.5673 0.1327995 1.397345 1
4595532.5296 5437435.3750  30.2127 0.0343192 1.207490 3
4595532.4494 5437435.8115  30.7819 0.0995125 1.204827 1
4595532.4928 5437435.7226  29.4186 0.0688152 1.345335 2
4595533.4369 5437433.7922  -0.0246 0.0485596 0.997573 3
4595532.3031 5437436.3804  33.4465 0.0413851 0.974195 1
4595532.3412 5437436.3034  32.2480 0.0543019 1.186497 2
4595532.3676 5437436.2499  31.4157 0.0156097 0.760687 3
4595532.2647 5437436.7292  32.7103 0.1288105 1.786274 1
4595532.3439 5437436.5707  30.2126 0.0577105 1.612895 2
4595533.2982 5437434.6615   0.0767 0.0326710 1.001012 3
4595532.3116 5437436.9114  29.2522 0.0300674 1.055622 1
4595532.4566 5437436.6245  24.6564 0.0780725 1.123774 2
4595533.2313 5437435.0920   0.0600 0.1431595 1.058733 3
4595532.3535 5437437.1072  25.9208 0.0574960 0.992048 1
4595533.1636 5437435.5228   0.0719 0.2466468 1.033494 3
4595532.1838 5437437.7177  29.3391 0.0805333 1.169263 1
4595533.0960 5437435.9545   0.0881 0.1627454 1.055108 3
4595532.1038 5437438.1515  29.9116 0.0465404 1.126713 1
4595532.1229 5437438.1151  29.2952 0.0138155 0.750564 2
4595532.2392 5437437.8930  25.5414 0.0637022 1.110897 2
4595533.0293 5437436.3840   0.0812 0.1836236 1.068646 3
4595532.2261 5437438.2024  23.9282 0.0381613 0.983188 1
4595532.8600 5437437.0067   3.3785 0.0433438 1.246666 2
4595532.9623 5437436.8137   0.0705 0.4796527 1.058421 3
4595532.1355 5437438.6596  24.8151 0.0225074 0.801462 1
4595532.8944 5437437.2458   0.0710 0.4524016 1.033191 3
4595532.0688 5437439.0706  24.9232 0.0893606 1.071698 1
4595532.8273 5437437.6756   0.0667 0.3162032 1.047292 3
4595531.9999 5437439.4858  25.0952 0.0573061 1.307632 1
4595532.0733 5437439.3526  22.6878 0.0566081 1.047688 2
4595532.7629 5437438.1009  -0.0148 0.3255558 1.058441 3
4595532.0098 5437439.7602  22.6635 0.0443598 1.123015 1
4595532.6982 5437438.5275  -0.0903 0.3387997 1.061311 3
4595532.6302 5437438.9589  -0.0528 0.0653947 1.077659 3
4595532.5620 5437439.3917  -0.0155 0.0631550 1.077315 3
4595532.4917 5437439.8276   0.0743 0.0608490 1.164136 3
4595533.0406 5437432.8455  28.7639 0.0560832 1.343665 1
4595532.9595 5437433.2869  29.3341 0.1249226 1.139734 1
4595532.8412 5437433.8099  31.0380 0.0666542 0.995895 1
4595532.9375 5437433.5995  28.0737 0.0794941 1.410757 2
4595532.8261 5437434.1067  29.5614 0.1231563 1.073250 1
4595532.9219 5437433.8995  26.5995 0.0448530 1.264360 2
4595532.7079 5437434.6261  31.2848 0.0754132 1.150649 1
4595532.8018 5437434.4250  28.3622 0.0351707 1.149745 2
4595532.5709 5437435.1837  33.6237 0.0344465 1.283765 1
4595532.6205 5437435.0785  32.0699 0.1104981 1.309707 2
4595532.7092 5437434.8904  29.2908 0.0410469 1.241528 2
4595533.6471 5437432.9010  -0.0728 0.0379703 1.004052 3
4595532.5118 5437435.5742  33.5400 0.1458823 1.292748 0
4595532.4574 5437435.9550  33.3251 0.0613482 1.100426 1
4595532.4984 5437435.8696  32.0187 0.0421528 1.232516 2
4595533.5106 5437433.7667  -0.0080 0.0527454 1.127919 3
4595532.3964 5437436.3495  33.3151 0.0959123 0.976478 0
4595532.3532 5437436.7077  32.7258 0.1538930 1.427521 0
4595532.3951 5437436.8962  29.3743 0.0722741 1.281935 1
4595532.5399 5437436.6052  24.7209 0.0543264 1.051579 2
4595533.3038 5437435.0691   0.1165 0.0597563 1.111425 3
4595532.4376 5437437.0879  25.9710 0.0245627 0.861338 1
4595532.4811 5437437.0014  24.5652 0.0248048 1.131122 2
4595533.2379 5437435.4970   0.0694 0.2541874 1.060169 3
4595532.2727 5437437.6919  29.2858 0.0983958 1.053708 1
4595533.1720 5437435.9251   0.0345 0.1091890 1.035185 3
4595532.2077 5437438.0975  29.3777 0.0560144 1.621300 1
4595532.3226 5437437.8744  25.6141 0.0545103 1.436698 2
4595533.1039 5437436.3573   0.0690 0.1117472 1.014790 3
4595533.0364 5437436.7885   0.0730 0.4024979 1.066429 0
4595532.1438 5437438.7825  27.3608 0.0268404 1.038098 1
4595532.2222 5437438.6341  24.7734 0.0393039 1.110496 2
4595532.8690 5437437.4087   3.3607 0.0561865 1.089358 2
4595532.9692 5437437.2189   0.0549 0.2785143 1.057954 3
4595532.1545 5437439.0474  24.9142 0.0685596 1.098932 1
4595532.9015 5437437.6504   0.0656 0.3735127 1.061859 3
4595532.8364 5437438.0771   0.0072 0.3507401 1.054917 0
4595531.9772 5437439.9502  26.5876 0.0767277 1.077100 1
4595532.0525 5437439.8130  24.0682 0.0350044 1.172629 2
4595532.7722 5437438.5022  -0.0814 0.2036257 1.076270 3
4595532.7060 5437438.9310  -0.1060 0.0738116 1.066650 3
4595532.6371 5437439.3641  -0.0367 0.0984572 1.016484 3
4595532.5681 5437439.7983   0.0057 0.0611648 1.066354 3
4595533.2346 5437432.8490  29.1022 0.1234311 1.101952 1
4595533.1732 5437433.2468  29.0722 0.1548147 1.211094 1
4595533.0484 5437433.7849  30.9862 0.0962205 1.183094 1
4595533.1033 5437433.6642  29.2888 0.0782436 1.649835 2
4595532.9865 5437434.1829  30.9564 0.1837851 1.145492 1
4595532.8910 5437434.6533  31.9791 0.1380581 1.072603 1
4595532.9474 5437434.5316  30.2123 0.0761127 1.281497 2
4595532.7628 5437435.1921  34.0560 0.1190679 1.002532 1
4595533.8439 5437432.8844   0.0385 0.1161584 1.104984 3
4595532.7335 5437435.5190  33.0253 0.1405281 1.602237 0
4595532.6711 5437435.9167  33.0559 0.0705751 0.979145 1
4595532.7347 5437435.7835  31.0241 0.0224156 0.874219 2
4595532.7615 5437435.7275  30.1691 0.0817200 1.204593 3
4595532.5878 5437436.3570  33.7620 0.1588257 1.726225 0
4595532.5639 5437436.6754  32.5429 0.0932397 1.341309 1
4595532.6644 5437436.4697  29.3118 0.0466936 1.144414 2
4595533.5744 5437434.6071   0.0308 0.0567139 0.928375 3
4595532.4797 5437437.1177  33.2446 0.0686026 1.057837 1
4595532.5157 5437437.0450  32.0835 0.0578833 1.301262 2
4595532.5733 5437436.9284  30.2227 0.0387185 1.137316 2
4595532.6005 5437436.8733  29.3431 0.0286464 0.999105 2
4595533.5050 5437435.0427   0.0928 0.0330690 0.899058 3
4595532.4599 5437437.4295  31.8726 0.0435058 1.081927 1
4595532.5363 5437437.2765  29.3888 0.1271383 1.222332 2
4595533.4377 5437435.4726   0.0895 0.0629773 1.163186 3
4595532.4359 5437437.7523  30.6270 0.0355915 0.911569 1
4595532.4678 5437437.6893  29.5826 0.0608299 1.559157 2
4595532.5811 5437437.4651  25.8712 0.0376788 0.999475 2
4595533.3702 5437435.9041   0.0940 0.0471935 1.123584 3
4595532.4048 5437438.0903  29.6093 0.0926065 1.580090 1
4595533.3045 5437436.3316   0.0498 0.0731854 0.989911 3
4595532.5175 5437438.1516  23.8220 0.0624629 1.051797 1
4595533.2363 5437436.7635   0.0741 0.3892587 1.028551 3
4595532.3550 5437438.7471  27.1207 0.0593061 1.007177 1
4595533.1691 5437437.1942   0.0479 0.2814506 1.029585 3
4595532.2876 5437439.1583  27.2690 0.1602006 1.022454 1
4595533.1012 5437437.6260   0.0613 0.2658195 1.040061 3
4595532.2948 5437439.4306  24.9173 0.0963012 1.180932 1
4595532.3612 5437439.3072  22.6928 0.0752808 1.086213 2
4595533.0345 5437438.0554   0.0536 0.0830625 1.082637 3
4595532.2597 5437439.7837  23.9486 0.0299315 1.088717 1
4595532.3190 5437439.6750  21.9572 0.0372236 1.306231 2
4595532.9712 5437438.4785  -0.0711 0.4253190 1.032782 3
4595532.9042 5437438.9087  -0.0687 0.0883486 0.965793 3
4595532.8354 5437439.3419  -0.0074 0.1904312 1.070179 3
4595532.7677 5437439.7728   0.0048 0.0613077 1.096888 3
4595533.4646 5437432.8913  28.9891 0.0569242 1.134782 0
4595533.3396 5437433.4303  30.9268 0.0236813 0.921748 1
4595533.3364 5437433.6993  29.0732 0.1041461 1.085676 1
4595533.1507 5437434.3683  32.8870 0.0281610 0.983126 0
4595533.0719 5437434.8008  33.4081 0.0881788 1.200172 1
4595533.1209 5437434.6949  31.8688 0.0339355 1.207282 2
4595533.1759 5437434.5759  30.1392 0.0334994 1.287674 3
4595532.9979 5437435.2226  33.7813 0.1125824 0.997996 0
4595532.9724 5437435.5417  32.6182 0.0488392 1.146586 1
4595533.0269 5437435.4264  30.8887 0.0870468 1.169775 2
4595533.9984 5437433.3695   0.0814 0.0571924 1.042413 3
4595532.8891 5437435.9830  33.3060 0.0729479 1.163648 1
4595532.9175 5437435.9237  32.3992 0.0694509 1.191991 3
4595532.8175 5437436.3990  33.6325 0.1109098 1.183726 1
4595533.8640 5437434.2295   0.0571 0.0648209 1.240042 3
4595532.7830 5437436.7386  32.7411 0.1268341 1.419434 1
4595533.7969 5437434.6592   0.0320 0.0396334 1.119962 3
4595532.7462 5437437.0846  31.9042 0.0699869 1.089683 1
4595532.8022 5437436.9709  30.0886 0.0723056 1.551118 2
4595532.8383 5437436.8978  28.9196 0.0461121 1.099373 2
4595533.7268 5437435.0959   0.1071 0.0524392 0.982978 3
4595532.7321 5437437.3858  30.3247 0.0862261 1.037515 1
4595532.7649 5437437.3199  29.2540 0.0287842 1.106424 2
4595532.8531 5437437.1430  26.3809 0.0416373 1.004128 3
4595532.6706 5437437.7831  30.2959 0.1537026 1.735154 0
4595532.5622 5437438.2719  31.8287 0.1056008 1.045267 1
4595532.5859 5437438.2254  31.0443 0.0654806 1.332196 2
4595532.6130 5437438.1723  30.1490 0.0343263 1.729994 3
4595532.4790 5437438.7103  32.5319 0.0663201 1.104615 1
4595533.4558 5437436.8200   0.1381 0.0456399 1.062810 3
4595532.5812 5437438.7936  27.0516 0.0621251 1.137091 1
4595533.3887 5437437.2501   0.1033 0.2147884 1.064613 3
4595532.5753 5437439.0887  25.1426 0.0488147 1.013433 1
4595533.3221 5437437.6793   0.0706 0.3067185 1.022778 3
4595533.2566 5437438.1060   0.0156 0.2909856 1.061339 0
4595532.4495 5437439.8963  25.0958 0.0675401 0.881686 1
4595533.1915 5437438.5324  -0.0494 0.2200247 1.065361 3
4595533.1231 5437438.9641   0.0009 0.1937454 1.018874 3
4595533.0552 5437439.3959   0.0232 0.2138112 1.040025 3
4595533.5410 5437432.9189  29.0734 0.1010155 1.131737 1
4595533.4231 5437433.4442  30.8171 0.0783448 1.194331 1
4595533.3287 5437433.9145  31.8056 0.0660745 0.838021 1
4595533.2340 5437434.3838  32.8158 0.0715301 1.148104 1
4595533.2982 5437434.2417  30.7858 0.1192862 1.811681 2
4595533.1422 5437434.8461  33.7493 0.0778614 0.961946 1
4595533.1634 5437434.7997  33.0742 0.0956234 1.302366 2
4595533.2453 5437434.6202  30.4659 0.0307993 1.509477 3
4595533.0801 5437435.2424  33.7502 0.1106446 1.331390 0
4595533.0629 5437435.5421  32.3065 0.0650215 1.098455 1
4595533.1105 5437435.4397  30.7708 0.0685483 2.252566 3
4595532.9691 5437436.0065  33.3396 0.1501092 1.182854 0
4595532.8948 5437436.4287  33.7537 0.0399215 1.233339 1
4595532.9389 5437436.3358  32.3117 0.0322163 1.239106 2
4595533.9274 5437434.2550   0.1155 0.0421559 1.213702 3
4595532.8696 5437436.7481  32.5427 0.0227850 0.847705 1
4595532.8897 5437436.7061  31.8830 0.0516662 1.347499 2
4595532.9471 5437436.5866  30.0077 0.0425702 1.153857 3
4595532.8218 5437437.1156  32.0568 0.0642229 1.084498 1
4595532.9007 5437436.9531  29.4614 0.0628021 2.031235 2
4595533.7909 5437435.1195   0.1495 0.1092168 1.032508 3
4595532.7655 5437437.5009  31.8466 0.0989956 1.020490 1
4595532.8101 5437437.4102  30.3722 0.0457342 1.273174 2
4595532.8497 5437437.3294  29.0607 0.0481479 1.227251 3
4595532.7396 5437437.8254  30.6431 0.0472230 0.911977 1
4595532.7570 5437437.7905  30.0641 0.0979578 1.911826 2
4595533.6593 5437435.9738   0.0357 0.0397290 1.088264 3
4595533.5223 5437436.8384   0.0925 0.2214915 1.036289 3
4595532.6605 5437438.8121  27.0015 0.0871071 1.098426 1
4595532.6531 5437439.1077  25.1163 0.0295369 1.063010 2
4595532.5862 5437439.5194  25.2394 0.0557121 1.198612 1
4595532.6376 5437439.4221  23.4786 0.0493700 1.527010 2
4595533.3226 5437438.1255  -0.0139 0.0742613 0.967062 3
4595532.5289 5437439.9127  25.0116 0.0346765 1.135521 1
4595533.2569 5437438.5527  -0.0630 0.3772683 1.079525 3
4595533.1892 5437438.9832  -0.0372 0.3169991 1.060386 3
4595533.1206 5437439.4163   0.0101 0.2945980 1.040860 3
4595533.7441 5437432.8910  29.1607 0.0437832 1.018383 0
4595533.6262 5437433.4174  30.9152 0.0746995 1.007982 1
4595533.5635 5437433.8164  30.9169 0.1375381 1.280760 1
4595533.6230 5437433.6826  29.0353 0.0536787 1.322265 2
4595533.4750 5437434.2734  31.7288 0.0600322 1.174075 1
4595533.6047 5437433.9843  27.6052 0.1070022 1.078760 2
4595533.3549 5437434.7994  33.5648 0.0872315 1.138657 1
4595533.4242 5437434.6462  31.3433 0.0365746 1.055003 2
4595533.4477 5437434.5945  30.5926 0.0449699 0.967709 3
4595533.2999 5437435.1800  33.3320 0.1590456 1.075608 0
4595533.2154 5437435.6245  34.0628 0.1368377 1.125219 0
4595533.1707 5437435.9835  33.5026 0.1364346 1.703865 0
4595533.1085 5437436.3800  33.5186 0.1330881 1.197881 1
4595533.1495 5437436.2930  32.1720 0.0510088 1.927308 2
4595533.1881 5437436.2112  30.9054 0.0452814 1.647906 3
4595533.0859 5437436.6933  32.2125 0.0934388 1.227487 1
4595533.1476 5437436.5639  30.1863 0.0532691 1.417136 3
4595533.0826 5437436.9684  30.2499 0.0498565 0.927067 1
4595533.1055 5437436.9210  29.4943 0.0428432 1.238368 2
4595533.2007 5437436.7234  26.3491 0.0498202 1.195271 3
4595532.9693 5437437.4720  31.9236 0.0605823 1.057973 1
4595533.0193 5437437.3693  30.2605 0.0326741 1.099015 2
4595533.0465 5437437.3137  29.3596 0.0226166 0.967410 3
4595532.9575 5437437.7668  30.2426 0.1538871 1.915118 0
4595532.8900 5437438.1761  30.4216 0.0832884 1.683086 2
4595532.9938 5437437.9679  26.9199 0.0623065 1.184738 2
4595533.7926 5437436.3668   0.0728 0.0673019 1.101123 3
4595532.8568 5437439.0754  25.1638 0.0251118 1.166623 2
4595532.9559 5437438.8839  21.7665 0.0393488 0.955816 2
4595533.5897 5437437.6592   0.0453 0.1838782 1.102610 3
4595532.8452 5437439.3816  23.3847 0.0950954 1.152763 1
4595533.5240 5437438.0867  -0.0139 0.1039583 0.997230 3
4595532.7341 5437439.8774  25.0167 0.0294034 0.953467 1
4595532.7623 5437439.8244  24.0438 0.0473730 1.218953 2
4595533.4577 5437438.5150  -0.0426 0.2279829 1.028377 3
4595533.3911 5437438.9434  -0.0543 0.5217534 1.053046 3
4595533.3230 5437439.3755  -0.0220 0.2040317 1.021829 3
4595533.2562 5437439.8048  -0.0468 0.1988743 1.070841 3
4595533.9595 5437433.6004  28.0284 0.0592704 1.002900 1
4595533.7818 5437434.5181  29.6539 0.0264316 0.859819 1
4595533.4805 5437435.9601  33.3180 0.1283934 1.120307 1
4595533.2726 5437437.1942  34.0015 0.0234982 0.943704 1
4595533.3213 5437437.0934  32.3990 0.0685553 1.559525 2
4595533.3865 5437436.9585  30.2532 0.0288148 1.107669 3
4595533.2330 5437437.5434  33.2499 0.1313573 1.050305 0
4595534.1655 5437435.9274   0.1286 0.0467593 1.136393 0
4595533.2973 5437437.9595  26.9340 0.0624965 1.159208 1
4595534.0996 5437436.3547   0.0779 0.1508806 1.020414 3
4595533.1011 5437438.6249  31.4458 0.1142702 1.234125 1
4595534.0322 5437436.7845   0.0686 0.0437420 1.148671 3
4595533.1764 5437438.7545  26.7739 0.1216499 1.185736 1
4595533.2728 5437438.5663  23.4985 0.0326435 1.477304 2
4595533.6959 5437438.9345   0.0215 0.4869171 1.049542 3
4595533.6280 5437439.3662   0.0432 0.1788570 1.036681 3
4595533.5627 5437439.7927  -0.0330 0.2060013 1.049097 3
4595534.1472 5437433.5573  27.9747 0.0449641 0.971085 1
4595533.9616 5437434.2335  31.8815 0.1542521 1.112185 1
4595534.0324 5437434.0746  29.6213 0.0274546 1.085413 3
4595533.8670 5437434.7026  32.8998 0.1161874 1.448577 1
4595533.9670 5437434.4803  29.6917 0.0278367 1.012935 3
4595533.8207 5437435.0644  32.3691 0.0305550 0.984651 1
4595533.8481 5437435.0041  31.4850 0.0962121 1.642420 2
4595534.0068 5437434.6549  26.3681 0.0274103 1.093639 3
4595533.7141 5437435.5575  33.8011 0.0490652 1.043999 0
4595533.6613 5437435.9334  33.4934 0.1470459 2.076469 0
4595533.6017 5437436.3239  33.4109 0.1134396 1.094976 0
4595533.5429 5437436.7123  33.2900 0.0963664 1.211590 1
4595533.4416 5437437.7267  30.3810 0.0707117 1.163412 1
4595534.3450 5437435.8814   0.1103 0.0919306 1.027434 3
4595533.3630 5437438.1578  30.9277 0.0553315 0.994040 1
4595533.3815 5437438.1205  30.3032 0.0267225 0.975549 2
4595533.4113 5437438.0604  29.2965 0.0349839 1.256554 2
4595533.5381 5437437.8044  25.0098 0.0263536 0.980428 2
4595533.6630 5437437.5521  20.7940 0.0290445 0.880708 3
4595533.2833 5437438.5904  31.5201 0.1393573 1.141955 0
4595533.3230 5437438.7869  28.0368 0.0483669 1.151842 1
4595533.3605 5437438.7129  26.7531 0.0587750 1.357130 2
4595533.5469 5437438.3454  20.3776 0.0286239 0.919441 3
4595533.3297 5437439.0526  25.6472 0.0445236 1.426477 1
4595533.3752 5437438.9640  24.0822 0.0740038 1.130024 2
4595533.3965 5437438.9226  23.3503 0.0214119 0.815213 2
4595534.0745 5437437.6024   0.0717 0.1557861 1.097480 3
4595533.3318 5437439.3304  23.3904 0.0316118 0.972056 1
4595533.9929 5437434.3685  33.3302 0.1078091 1.145385 1
4595534.0357 5437434.2709  31.9412 0.0364037 1.109063 2
4595534.0717 5437434.1889  30.7750 0.0189040 0.869605 3
4595533.9535 5437434.7128  32.5685 0.1175589 1.405532 1
4595533.8972 5437435.0960  32.3550 0.0689316 1.193111 1
4595533.9203 5437435.0445  31.5990 0.0583206 1.506131 2
4595533.9825 5437434.9055  29.5608 0.0754028 1.128468 2
4595533.8224 5437435.5200  32.7549 0.0778447 1.586719 1
4595533.8681 5437435.4188  31.2469 0.0516269 1.249559 2
4595533.8888 5437435.3730  30.5643 0.0136159 0.983685 2
4595533.7422 5437435.9560  33.3397 0.1471946 1.604060 0
4595533.6407 5437437.2300  28.2823 0.1177005 1.681423 3
4595533.5180 5437437.7548  30.2994 0.0287743 1.156979 1
4595533.5539 5437437.6804  29.0756 0.0441065 1.479163 2
4595533.6644 5437437.4509  25.3073 0.0319987 1.079359 2
4595534.4050 5437435.9136   0.0846 0.1927256 1.070195 3
4595533.4364 5437438.1925  30.9523 0.0720841 1.127030 1
4595533.4580 5437438.1482  30.2097 0.0169192 0.911795 2
4595533.4843 5437438.0942  29.3053 0.0375475 1.086406 2
4595533.3367 5437439.2127  27.8890 0.0420597 1.095364 1
4595534.1348 5437437.6332   0.0197 0.2909585 1.023764 3
4595533.3272 5437439.5094  26.0107 0.0283963 1.029290 1
4595533.3679 5437439.4298  24.5789 0.0236444 0.859205 2
4595533.2722 5437439.8965  25.7014 0.0431883 1.005553 1
4595533.3271 5437439.7905  23.7631 0.0224301 0.859041 2
4595533.9982 5437438.4957   0.0557 0.3478841 1.063999 3
4595534.2148 5437434.5137  33.0212 0.0522792 1.006359 1
4595534.1955 5437434.8135  31.5999 0.0194271 0.749764 2
4595534.1227 5437435.2346  31.9169 0.0499104 0.971206 1
4595534.1514 5437435.1707  30.9748 0.1903545 1.549084 3
4595534.1386 5437435.4592  29.3101 0.1415658 1.592723 3
4595533.9513 5437436.1316  33.4538 0.1091948 1.032511 1
4595533.9799 5437436.0690  32.5001 0.0604457 1.278882 3
4595533.8309 5437436.9150  33.2959 0.1580341 1.732378 0
4595533.7948 5437437.2558  32.3934 0.1067678 1.024227 3
4595533.7977 5437437.5157  30.1611 0.0272641 0.999101 2
4595533.6823 5437438.0245  31.9636 0.1286285 1.031290 1
4595533.7180 5437437.9505  30.7388 0.0362409 1.314767 3
4595533.6488 5437438.3627  30.9667 0.0267401 0.916843 2
4595534.4100 5437437.3867   0.0884 0.0913092 1.086940 3
4595533.6721 5437439.1411  23.5812 0.0613689 1.557224 1
4595534.2765 5437438.2444   0.0150 0.1523222 1.024480 3
4595533.5378 5437439.9663  23.8181 0.0322944 0.982238 2
4595534.0739 5437439.5346   0.0217 0.1611728 1.045532 3
4595534.5221 5437434.3558  31.3251 0.1421999 1.241062 1
4595534.2930 5437435.6419  32.6454 0.0544624 1.090534 1
4595534.3528 5437435.5093  30.6600 0.0272667 1.132430 2
4595534.0947 5437436.8562  33.0059 0.1354372 1.189225 1
4595534.1493 5437436.7387  31.1661 0.0447804 1.113613 3
4595534.0244 5437437.2694  33.2587 0.2185070 1.137795 0
4595534.0000 5437437.5863  31.9547 0.0610627 1.591096 1
4595534.0518 5437437.4772  30.1871 0.0453419 1.189707 2
4595534.0704 5437437.4382  29.5566 0.0142886 0.871320 2
4595534.1231 5437437.3274  27.7646 0.0555430 1.225293 3
4595533.9425 5437437.9732  31.7809 0.0446799 0.966002 1
4595533.9708 5437437.9145  30.8128 0.0646167 1.237378 2
4595534.8679 5437436.0494   0.1015 0.0504251 1.055406 3
4595533.9020 5437438.3256  31.0261 0.0799581 1.343343 1
4595533.9575 5437438.2114  29.1093 0.0479781 1.649827 3
4595533.8447 5437438.7129  30.8451 0.0716574 1.093420 1
4595533.9090 5437438.5823  28.6113 0.0542934 2.145185 3
4595533.8195 5437439.0363  29.5475 0.0268455 0.853575 1
4595533.8451 5437438.9850  28.6545 0.0767008 1.139358 2
4595534.5985 5437437.7675   0.0126 0.1508661 1.009728 3
4595533.7439 5437439.7373  27.7862 0.1405471 1.411400 1
4595533.8385 5437439.5522  24.4555 0.0386021 1.425887 3
4595533.7838 5437439.9397  24.1263 0.1176694 1.542298 2
4595534.4586 5437438.6361   0.1771 0.0443825 1.118600 3
4595534.3936 5437439.0611   0.0953 0.3534215 1.056126 3
4595534.6819 5437433.8354  31.4771 0.0755291 1.069471 1
4595534.6147 5437434.2436  31.6178 0.1715760 1.737984 1
4595534.5124 5437434.7322  32.9214 0.1037320 1.075230 1
4595534.5352 5437434.6795  32.1650 0.0582686 1.087268 3
4595534.3622 5437435.8378  31.6097 0.0462880 1.047328 1
4595534.3924 5437435.7701  30.5876 0.0345248 1.160783 2
4595534.4680 5437435.6009  28.0306 0.0343397 1.139900 2
4595535.2971 5437433.7446   0.0637 0.1727891 1.038390 3
4595534.2641 5437436.3139  32.8118 0.0477382 1.125648 1
4595534.2953 5437436.2448  31.7517 0.0332264 1.658335 2
4595534.3317 5437436.1640  30.5113 0.0527384 1.009091 3
4595534.1999 5437436.7139  32.8576 0.1552754 1.113598 0
4595534.1240 5437437.1393  33.3024 0.1711821 1.299867 0
4595534.0440 5437437.8353  31.7308 0.0200903 0.803202 1
4595534.0659 5437437.7886  30.9664 0.1452050 2.168357 2
4595534.0850 5437438.0148  28.1005 0.0283392 1.279088 3
4595533.9445 5437438.5764  30.8206 0.0731109 1.132453 1
4595533.9890 5437438.4840  29.2515 0.0253614 1.174023 3
4595533.9246 5437438.8870  29.3035 0.1202939 1.459418 1
4595534.7502 5437437.1936   0.0845 0.0331226 0.932249 3
4595533.8724 5437439.2644  28.9268 0.0237485 0.953202 1
4595533.9092 5437439.1899  27.6160 0.1058750 1.108487 2
4595533.9705 5437439.0656  25.4296 0.0497567 1.240182 2
4595534.0217 5437438.9617  23.6025 0.0366770 1.362173 2
4595534.6835 5437437.6207   0.0358 0.0657631 1.102767 3
4595533.8385 5437439.6066  27.8771 0.0393129 1.187647 1
4595533.8551 5437439.5734  27.2849 0.0168055 0.697399 2
4595533.8812 5437439.5211  26.3486 0.0388252 1.393660 2
4595533.9108 5437439.4620  25.2911 0.0128970 0.927459 2
4595533.9297 5437439.4241  24.6122 0.0384944 1.350133 2
4595533.9495 5437439.3845  23.9033 0.0407000 1.041537 2
4595533.7849 5437439.9887  27.5184 0.0524139 0.997060 1
4595533.8805 5437439.7998  24.0798 0.0185649 0.847736 2
4595533.9169 5437439.7279  22.7706 0.0339510 1.047581 2
4595534.5454 5437438.4858   0.1138 0.2490154 1.041875 3
4595534.4789 5437438.9126   0.0803 0.2661883 1.059052 3
4595534.8131 5437434.0998  29.9008 0.0384936 1.208431 1
4595534.6649 5437434.6985  32.7418 0.0761630 1.306920 1
4595534.7103 5437434.5928  31.2244 0.0731631 2.333006 3
4595534.5895 5437435.1249  33.1525 0.0120827 0.691387 1
4595534.6164 5437435.0629  32.2490 0.1674454 2.423132 3
4595534.7039 5437435.1164  27.1445 0.0662969 1.074566 2
4595534.7006 5437435.3824  25.0748 0.0649605 1.752899 1
4595535.4341 5437433.7204   0.0745 0.2696954 1.080112 3
4595534.4494 5437436.2073  31.4947 0.1563679 2.165159 1
4595534.5413 5437436.0011  28.3376 0.0215517 0.828790 2
4595535.3675 5437434.1478   0.0269 0.1039336 1.079706 3
4595534.3514 5437436.6829  32.7084 0.1573106 1.330180 1
4595534.4106 5437436.5517  30.6688 0.0738705 1.599368 3
4595534.2835 5437437.0913  32.8810 0.0812496 1.109085 1
4595535.1565 5437435.4546   0.2334 0.0338101 0.923759 3
4595534.1891 5437437.8186  31.7829 0.0827706 1.191528 1
4595534.2134 5437437.7665  30.9317 0.0385809 1.951602 2
4595534.2592 5437437.6680  29.3217 0.0409428 1.146914 3
4595534.1192 5437438.2314  32.0363 0.0860873 1.082877 1
4595534.1536 5437438.1583  30.8198 0.0496275 1.849551 3
4595534.0900 5437438.5583  30.8477 0.0863103 1.291744 1
4595534.1349 5437438.4640  29.2502 0.0389344 1.341656 2
4595534.9566 5437436.7371   0.0547 0.0397922 0.914405 3
4595534.0697 5437438.8685  29.3345 0.0426473 1.126564 1
4595534.0881 5437438.8302  28.6730 0.0318847 0.984787 2
4595534.1728 5437438.6542  25.6385 0.0426662 1.097541 2
4595534.0181 5437439.2443  28.9306 0.0428597 1.035393 1
4595534.0704 5437439.1370  27.0458 0.0400698 1.237564 2
4595534.1570 5437438.9592  23.9249 0.0216696 0.985942 2
4595534.8229 5437437.5927  -0.0455 0.0600071 1.089618 3
4595533.9941 5437439.5659  27.5143 0.0880149 1.395162 1
4595534.0868 5437439.3779  24.1558 0.1009015 1.955317 2
4595534.7521 5437438.0293   0.0585 0.0538187 1.065819 3
4595533.9289 5437439.9713  27.5704 0.0636349 1.196640 1
4595534.0226 5437439.7838  24.1637 0.0698006 1.384063 2
4595534.6820 5437438.4638   0.1377 0.0348867 0.908968 3
4595535.0016 5437434.2514  30.8718 0.0783301 1.425634 1
4595535.0255 5437434.1950  30.0702 0.0339600 1.251564 2
4595534.8724 5437434.8046  33.0940 0.1558197 1.277200 1
4595534.9503 5437434.6226  30.4753 0.0360781 1.984676 3
4595534.8430 5437435.1247  31.9504 0.0396633 1.001764 2
4595534.8751 5437435.0503  30.8638 0.0418490 1.296400 2
4595534.9036 5437434.9844  29.9026 0.0543113 1.275564 3
4595534.8338 5437435.3994  30.1082 0.0310075 1.078865 1
4595534.8787 5437435.2965  28.5828 0.0602452 1.400367 2
4595534.8992 5437435.2495  27.8860 0.0329218 1.447636 2
4595534.8314 5437435.6612  28.0196 0.0413006 1.229226 1
4595534.8842 5437435.5414  26.2137 0.0903043 1.440567 2
4595535.6474 5437433.8090   0.0875 0.0908265 1.070011 3
4595534.6317 5437436.3689  32.7056 0.0230907 1.029473 1
4595534.5730 5437436.7565  32.5639 0.0630567 1.163540 1
4595534.6272 5437436.6359  30.6859 0.0318471 0.944316 3
4595534.4994 5437437.1779  32.9319 0.1120130 1.340860 1
4595534.5844 5437436.9908  29.9677 0.0312621 1.404868 3
4595534.4376 5437437.5722  32.8977 0.0659531 0.941538 1
4595535.3715 5437435.5387   0.1933 0.0613265 1.029467 3
4595534.3887 5437437.9395  32.4093 0.0628587 1.060627 1
4595534.4115 5437437.8904  31.6042 0.0463320 1.272518 2
4595534.4483 5437437.8112  30.3058 0.0376830 1.195434 2
4595535.3047 5437435.9670   0.1332 0.0441180 1.084936 3
4595534.3841 5437438.2129  30.3467 0.0405953 1.012882 1
4595534.4334 5437438.1079  28.5964 0.0343908 1.312036 2
4595534.4925 5437437.9819  26.4971 0.0398065 1.155388 2
4595534.5549 5437437.8490  24.2809 0.0450166 1.568774 2
4595534.4756 5437438.2861  24.8307 0.0342226 1.152095 2
4595534.4901 5437438.2555  24.3119 0.0094233 0.771979 2
4595534.5150 5437438.2033  23.4257 0.0271326 1.121042 2
4595535.1692 5437436.8260   0.0823 0.0745072 1.109703 3
4595534.2735 5437438.9784  29.8085 0.0388076 1.068269 1
4595534.4142 5437438.6855  24.7439 0.0864186 1.008716 2
4595534.4405 5437438.6310  23.8010 0.0388179 1.011326 2
4595535.1021 5437437.2544   0.0310 0.3383211 1.054093 3
4595534.2779 5437439.2391  27.3751 0.0513712 1.463352 1
4595535.0341 5437437.6847   0.0256 0.1708880 1.044225 3
4595535.0453 5437434.7238  33.1771 0.1695630 1.101952 1
4595535.0786 5437434.6451  32.0488 0.0134213 0.827091 3
4595535.0180 5437435.0371  31.9525 0.0372099 0.936272 1
4595535.0602 5437435.1903  28.3382 0.0836863 2.003652 1
4595534.8871 5437435.8437  32.0980 0.0928190 1.163340 1
4595535.8149 5437433.7121   0.0783 0.0977157 1.056934 3
4595534.8257 5437436.2372  32.0420 0.0739575 1.626473 1
4595534.8561 5437436.1680  30.9866 0.0444139 1.005893 2
4595535.7478 5437434.1396   0.0465 0.0867268 1.059413 3
4595534.7405 5437436.6849  32.8126 0.1138893 1.333724 0
4595534.7079 5437437.0144  31.7350 0.0450764 1.515063 2
4595534.7508 5437436.9189  30.2311 0.0440774 1.579721 3
4595534.6355 5437437.4330  32.0612 0.0375665 1.197203 3
4595534.5611 5437437.8552  32.4689 0.0831822 1.101508 1
4595534.5868 5437437.7993  31.5565 0.0397275 0.907754 2
4595534.6177 5437437.7317  30.4536 0.0327692 1.060012 3
4595534.6650 5437437.8925  26.5046 0.0665702 1.428623 1
4595534.7283 5437437.7559  24.2367 0.1062164 1.421078 2
4595534.8300 5437437.5366  20.5930 0.0513808 1.310770 2
4595534.5434 5437438.4187  28.5872 0.0296742 1.105939 1
4595534.6541 5437438.1826  24.6021 0.0356773 1.409167 2
4595534.6855 5437438.1155  23.4695 0.0246635 0.921423 2
4595535.3366 5437436.7269   0.0522 0.0650387 1.025122 3
4595534.5325 5437438.7086  26.6898 0.0315116 0.998791 1
4595535.2689 5437437.1561   0.0133 0.5538299 1.046838 3
4595534.5423 5437438.9577  24.0210 0.0326271 1.038920 2
4595535.2003 5437437.5869   0.0235 0.2825755 1.062066 3
4595535.1932 5437434.6953  33.4359 0.0917809 1.011805 1
4595535.2707 5437434.5100  30.7878 0.0193551 0.930939 2
4595535.1690 5437435.0000  32.0939 0.1319354 1.294016 0
4595535.1361 5437435.3272  31.0333 0.0547128 1.284281 1
4595535.0507 5437435.7776  31.7955 0.1171856 1.645216 0
4595534.9653 5437436.2268  32.5696 0.0809624 1.502630 1
4595534.9118 5437436.6023  32.2272 0.1094674 1.180358 0
4595534.8283 5437437.0458  32.9412 0.1924777 1.064174 0
4595534.8401 5437437.2751  30.2720 0.1194135 1.062883 1
4595534.8990 5437437.1436  28.1727 0.0370819 1.318095 2
4595535.6854 5437435.3872   0.1445 0.0334196 0.898619 3
4595534.7427 5437437.7498  31.4993 0.0745588 1.043190 1
4595534.7730 5437437.6829  30.4100 0.0445038 1.244982 2
4595535.6165 5437435.8191   0.1570 0.0529741 1.155311 3
4595534.6660 5437438.1775  31.9973 0.0533234 1.132138 1
4595534.8241 5437437.8319  26.2769 0.0309477 1.083490 2
4595535.5494 5437436.2467   0.1013 0.2093891 1.063665 3
4595534.7461 5437438.2658  26.7947 0.0899827 1.129732 1
4595535.3449 5437437.5372   0.0375 0.2473333 1.046605 3
4595535.4447 5437434.8894  30.4516 0.0368842 1.283464 1
4595535.4629 5437434.8462  29.8251 0.0265409 0.721754 2
4595535.4828 5437434.7988  29.1375 0.0959977 1.829999 2
4595535.5314 5437434.6831  27.4572 0.0288879 1.232959 2
4595535.3380 5437435.3914  31.9404 0.0619728 0.937759 0
4595535.2903 5437435.7531  31.3886 0.0946766 2.104853 1
4595535.2012 5437436.2112  32.2859 0.1292432 1.252991 1
4595535.2539 5437436.0891  30.4318 0.0649047 1.162238 3
4595535.2332 5437436.3907  28.9140 0.0531991 1.069607 1
4595535.2703 5437436.3057  27.6019 0.0335551 1.178914 2
4595536.0467 5437434.5281   0.1401 0.1342145 1.202691 3
4595535.0407 5437437.0836  33.4819 0.0458089 1.000020 1
4595535.9797 5437434.9556   0.0873 0.0474480 0.956171 3
4595535.0300 5437437.3624  31.6006 0.0277564 0.960031 1
4595535.1217 5437437.1569  28.3237 0.0155723 0.767255 2
4595535.1383 5437437.1196  27.7280 0.0404319 1.120552 2
4595535.1848 5437437.0154  26.0674 0.0415055 1.392176 3
4595534.9689 5437437.7559  31.5327 0.0186365 0.844292 1
4595534.9920 5437437.7046  30.6971 0.1066627 1.151148 3
4595534.8905 5437438.1871  32.0944 0.0827282 1.177743 1
4595535.0240 5437437.8942  27.2460 0.0319358 1.088763 2
4595535.7737 5437436.2489   0.0888 0.1948603 1.026781 3
4595535.7041 5437436.6818   0.1215 0.1729999 1.062199 3
4595535.7264 5437434.3988  30.1308 0.0360016 1.011343 1
4595535.8121 5437434.1912  27.1616 0.0240389 1.128259 2
4595535.6823 5437434.7514  29.4478 0.1028104 1.893383 1
4595535.7426 5437434.6068  27.3524 0.0598596 1.513979 2
4595535.5538 5437435.3057  31.7054 0.1258997 1.620698 1
4595535.4654 5437435.7627  32.5759 0.1135703 1.115055 1
4595535.5048 5437435.6699  31.1945 0.0288684 1.055242 3
4595535.4104 5437436.1405  32.2737 0.1131049 1.391733 1
4595535.4681 5437436.0059  30.2385 0.0262200 1.125970 3
4595535.4137 5437436.3835  29.9016 0.0469868 1.083467 1
4595535.4827 5437436.2242  27.4521 0.0425194 1.121545 2
4595535.5196 5437436.1390  26.1424 0.0653361 2.068485 2
4595535.5713 5437436.0194  24.3008 0.0361570 1.516878 2
4595536.2527 5437434.4458   0.0665 0.1560495 1.074298 3
4595535.3100 5437436.8752  31.3115 0.0423221 1.060898 1
4595535.3397 5437436.8073  30.2513 0.0607119 1.149554 2
4595536.1830 5437434.8793   0.0984 0.0626222 0.998946 3
4595535.2408 5437437.2861  31.5073 0.0775056 0.997922 1
4595535.2639 5437437.2338  30.6781 0.0430019 1.070700 2
4595535.3554 5437437.0267  27.3890 0.0621454 1.157737 3
4595535.1678 5437437.7059  31.8542 0.0319250 1.083899 1
4595535.2884 5437437.4359  27.4775 0.0451707 1.406571 2
4595535.3199 5437437.3653  26.3380 0.0877857 1.215905 2
4595535.3551 5437437.2866  25.0667 0.0332294 1.426539 3
4595535.8451 5437434.2282  30.0921 0.0309046 1.034280 1
4595535.9304 5437434.0174  27.0998 0.0459263 1.000604 2
4595535.7996 5437434.5832  29.4507 0.0563747 1.801259 1
4595535.8288 5437434.5116  28.4224 0.0392966 1.062002 2
4595535.8611 5437434.4326  27.2837 0.0786426 1.463820 2
4595535.6770 5437435.1258  31.5309 0.0320877 1.169957 1
4595535.7155 5437435.0323  30.1663 0.0610692 1.270127 2
4595535.7491 5437434.9507  28.9764 0.0300562 1.078920 2
4595535.6224 5437435.5028  31.2037 0.0449203 1.087544 0
4595535.5278 5437435.9753  32.3059 0.1594730 1.240145 0
4595535.5982 5437436.0567  27.4804 0.0367997 1.141123 1
4595535.4580 5437436.6371  30.2219 0.0697131 1.169191 1
4595535.3846 5437437.0588  30.5559 0.0556857 1.078250 3
4595535.2859 5437437.5381  31.8279 0.1030907 1.036891 1
4595535.4386 5437437.1886  26.2286 0.0429602 1.473262 3
4595536.0416 5437434.1056  27.5137 0.0836162 1.127663 1
4595535.8552 5437434.8114  31.8759 0.0959719 0.973709 1
4595535.9685 5437434.5306  27.8325 0.0748652 1.136181 2
4595535.7951 5437435.2009  31.7542 0.0646520 1.175334 1
4595535.8734 5437435.0086  28.9446 0.0287600 1.106041 2
4595535.9099 5437434.9192  27.6376 0.0638210 1.139000 3
4595535.7098 5437435.6526  32.5351 0.1851214 1.208162 0
4595535.6494 5437436.0427  32.4191 0.1535760 1.512616 0
4595535.6459 5437436.2970  30.2301 0.0964108 1.070405 1
4595535.7023 5437436.1624  28.1712 0.0819199 1.777484 3
4595535.5804 5437436.7012  30.2809 0.0452700 1.014818 1
4595535.4777 5437437.1921  31.7075 0.0398023 0.981188 1
4595535.5099 5437437.1166  30.5176 0.0583464 0.997761 3
4595536.1079 5437435.0201  27.5687 0.0255760 1.045920 2
4595535.9353 5437435.6868  31.4980 0.0524582 1.103975 1
4595536.0038 5437435.5198  29.0145 0.0404192 1.157688 2
4595535.8627 5437436.1068  31.8181 0.1143982 1.086559 1
4595535.8364 5437436.4154  30.4389 0.0691013 1.010782 1
4595535.8842 5437436.3011  28.6848 0.0484137 1.133548 2
4595535.7896 5437436.7744  29.8081 0.0446302 1.649775 2
4595536.1400 5437434.8719  32.1484 0.0591806 1.243816 1
4595536.2363 5437434.6282  28.6398 0.0543346 1.316796 2
4595536.2558 5437434.5786  27.9265 0.0410196 1.054652 3
4595536.0739 5437435.2753  32.2393 0.0449877 1.382444 1
4595536.1656 5437435.0452  28.8775 0.0673498 1.182949 2
4595535.9934 5437435.7153  32.8524 0.0864876 1.319198 1
4595536.0305 5437435.6229  31.4839 0.0367995 1.118634 2
4595536.0969 5437435.4579  29.0386 0.0423945 1.160307 2
4595535.9314 5437436.1083  32.7857 0.1115469 1.139029 1
4595535.9564 5437436.0468  31.8597 0.0603578 1.159731 2
4595536.0293 5437435.8671  29.1545 0.0490964 1.459516 3
4595536.3018 5437434.5318  27.9434 0.0875520 1.399249 2
4595536.1275 5437435.2170  32.0549 0.0605256 1.043728 1
4595536.2141 5437434.9946  28.8144 0.0507114 1.047027 2
4595536.2437 5437434.9186  27.7071 0.0229920 0.860945 2
4595536.0798 5437435.5746  31.4556 0.0599774 1.088300 1
4595536.1439 5437435.4113  29.0421 0.0424098 1.017309 2
4595535.9799 5437436.0646  32.8185 0.0596227 1.289471 1
4595536.0059 5437435.9990  31.8336 0.0677658 1.234402 2
4595536.0797 5437435.8127  29.0389 0.0463413 1.489752 3
4595535.9352 5437436.4148  32.0969 0.0398008 1.134179 1
4595535.9813 5437436.2993  30.3364 0.0873361 1.125681 2
4595536.0286 5437436.1812  28.5344 0.0375031 1.353774 2
4595536.1988 5437435.9273   0.1237 0.6824737 1.070410 0
4595536.2097 5437435.4670   0.0810 0.5818618 1.056559 0
4595536.2267 5437434.9903   0.1154 0.6294580 1.096834 0
4595536.2415 5437434.5196   0.1189 0.6505933 1.065337 0
4595536.2546 5437434.0543   0.0902 0.7132943 1.061911 0
4595536.0599 5437435.2362   0.1080 0.6068603 1.104676 0
4595536.0879 5437434.2980   0.0872 0.6747261 1.063136 0
4595536.1033 5437433.8255   0.0901 0.6890190 1.052655 0
4595535.6861 5437436.6943   0.0508 0.5906273 1.101013 0
4595535.7049 5437436.2112   0.1204 0.5890865 1.071253 0
4595535.7210 5437435.7369   0.1513 0.8089493 1.069937 0
4595535.7332 5437435.2714   0.1221 0.6134632 1.050047 0
4595535.7417 5437434.8158   0.0364 0.5980549 1.109728 0
4595535.7598 5437434.3361   0.0844 0.5619231 1.070993 0
4595535.7743 5437433.8656   0.0719 0.5648289 1.074446 0
4595535.4506 5437437.2018   0.0527 0.5629234 1.064595 0
4595535.4654 5437436.7297   0.0693 0.6003108 1.058928 0
4595535.4854 5437436.2452   0.1572 0.6456768 1.111963 0
4595535.5401 5437434.3736   0.1080 0.5955944 1.102521 0
4595535.5561 5437433.9002   0.1113 0.5533129 1.085435 0
4595535.5705 5437433.4309   0.0875 0.6552841 1.073591 0
4595535.3818 5437437.1676   0.0904 0.5957150 1.055461 0
4595535.3957 5437436.6988   0.0930 0.4722717 1.068469 0
4595535.4135 5437436.2186   0.1489 0.5531036 1.135439 0
4595535.4291 5437435.7456   0.1697 0.6507049 1.060307 0
4595535.4427 5437435.2773   0.1599 0.6080388 1.055167 0
4595535.5164 5437434.6546   1.0354 0.0478385 0.834029 1
4595535.4522 5437434.8189   0.0869 0.5067610 1.066842 3
4595535.4674 5437434.3469   0.0917 0.7635435 1.062120 0
4595535.4838 5437433.8719   0.1020 0.6319207 1.069143 0
4595535.4985 5437433.4014   0.0815 0.5455988 1.087095 0
4595535.1157 5437437.7249   0.0042 0.5602569 1.082023 0
4595535.1327 5437437.2456   0.0344 0.6423703 1.052323 0
4595535.1492 5437436.7693   0.0745 0.7327600 1.033996 0
4595535.1652 5437436.2929   0.1042 0.4468403 1.109604 0
4595535.2174 5437434.4230   0.0315 0.5940647 1.056716 0
4595535.2345 5437433.9463   0.0563 0.8029367 1.066832 0
4595535.2550 5437433.4597   0.1288 0.6482294 1.057120 0
4595534.8167 5437438.3964   0.0907 0.5988754 1.047731 0
4595534.8291 5437437.9305   0.0405 0.6213406 1.056284 0
4595534.8437 5437437.4596   0.0242 0.6321704 1.060464 0
4595534.8639 5437436.9732   0.1115 0.4216715 1.079919 0
4595534.8791 5437436.4999   0.1241 0.6086263 1.069691 0
4595534.8999 5437436.0131   0.2140 0.3536377 1.116957 0
4595534.9248 5437435.5156   0.3634 0.3571509 1.104910 0
4595534.9243 5437435.0835   0.1436 0.6779906 1.060315 0
4595534.9362 5437434.6207   0.1093 0.6891916 1.066328 0
4595534.9470 5437434.1593   0.0452 0.6890944 1.052121 0
4595534.9664 5437433.6766   0.1038 0.6196497 1.063814 0
4595534.9879 5437433.1899   0.1746 0.7240823 1.064105 0
4595534.8042 5437438.4854   0.1083 0.6065298 1.056937 0
4595534.8661 5437436.5882   0.1332 0.7651351 1.068980 0
4595534.9027 5437435.6260   0.2411 0.6644708 1.053797 0
4595534.9129 5437435.1667   0.1791 0.6932316 1.083978 0
4595534.9237 5437434.7058   0.1282 0.7420042 1.074503 0
4595534.9361 5437434.2408   0.0920 0.6600793 1.053905 0
4595534.9559 5437433.7568   0.1580 0.6553729 1.078308 0
4595534.9756 5437433.2734   0.2083 0.6186852 1.058344 0
4595536.1595 5437435.9456  22.1584 0.0686394 1.233102 2
4595534.7554 5437438.1672   0.0874 0.8653539 1.028429 0
4595534.7650 5437437.7089  -0.0020 0.6330464 1.047383 0
4595534.7869 5437437.2158   0.1061 0.7735767 1.068348 0
4595534.8013 5437436.7436   0.1105 0.7642679 1.049427 0
4595534.8149 5437436.2748   0.0987 0.6321873 1.071120 0
4595534.8818 5437435.6620   0.8917 0.3118298 1.506605 0
4595534.8489 5437435.3172   0.1740 0.7115101 1.087266 0
4595534.8595 5437434.8568   0.1240 0.7545606 1.069163 0
4595534.8685 5437434.3998   0.0444 0.6815557 1.045732 0
4595534.8857 5437433.9214   0.0753 0.6558871 1.030312 0
4595534.9145 5437433.4133   0.2762 0.4141225 1.063218 0
4595536.0653 5437436.2363  24.6912 0.0328461 1.028949 2
4595534.4977 5437438.9841   0.0858 0.2829802 1.040926 0
4595534.5111 5437438.5154   0.0453 0.6406031 1.070922 0
4595534.5223 5437438.0512  -0.0148 0.7418156 1.049763 0
4595534.5396 5437437.5716   0.0154 0.4907479 1.064184 0
4595534.5591 5437437.0859   0.0900 0.5541392 1.066398 0
4595534.9339 5437435.6350   5.5844 0.2037039 1.718145 1
4595534.5702 5437436.6234   0.0387 0.1236435 1.230193 3
4595534.8252 5437435.5017   3.7026 0.3379420 1.262715 0
4595534.6691 5437435.4923   1.0938 0.2537571 1.436417 1
4595534.6037 5437435.6680   0.0953 0.0434668 0.993341 3
4595534.6229 5437435.1850   0.1708 0.6435656 1.037704 0
4595534.6321 5437434.7280   0.0992 0.6633313 1.067926 0
4595534.6427 5437434.2665   0.0394 0.7277754 1.037311 0
4595534.6781 5437433.3083   0.1064 0.5316673 1.051999 0
4595536.2911 5437435.2421  29.1507 0.1232979 1.075194 1
4595536.2098 5437435.0733  27.7004 0.0654061 1.112839 1
4595536.0058 5437435.6580  24.5678 0.0546372 1.167936 2
4595535.8470 5437436.1131  22.1246 0.0402528 1.202438 2
4595536.2649 5437434.5114  28.3413 0.0428842 1.045758 1
4595536.2248 5437434.6258  27.7254 0.0439646 1.068747 2
4595536.2471 5437434.1587  27.8567 0.1164677 1.055886 1
4595534.4562 5437438.8068   0.1376 0.3053232 1.086188 0
4595534.4678 5437438.3418   0.0743 0.6786224 1.043968 0
4595534.4808 5437437.8738   0.0413 0.5617111 1.046864 0
4595534.4992 5437437.3910   0.0938 0.6877430 1.058063 0
4595534.5173 5437436.9098   0.1505 0.5714838 1.054673 0
4595534.8152 5437435.6607   4.5167 0.0677710 1.654624 1
4595534.5297 5437436.4440   0.1175 0.4305231 1.050117 3
4595534.7235 5437435.4828   2.8745 0.3253679 1.256396 0
4595534.5872 5437435.4233   0.5436 0.3164496 1.234752 0
4595534.5782 5437435.0162   0.1877 0.5125166 1.054203 0
4595534.5872 5437434.5599   0.1132 0.7810360 1.069970 0
4595534.5977 5437434.0998   0.0447 0.6386088 1.062171 0
4595534.6166 5437433.6174   0.1042 0.6402305 1.063209 0
4595536.3051 5437435.2613  28.7990 0.0594797 1.167948 1
4595536.2400 5437435.4518  27.7850 0.0400089 1.194709 2
4595535.8883 5437436.4812  22.2889 0.0515944 1.367211 2
4595536.2563 5437434.9996  27.8331 0.0689965 1.075608 1
4595536.2805 5437434.5253  28.0052 0.1067036 1.119979 1
4595536.1093 5437435.0209  25.3361 0.0284361 1.138726 2
4595536.2973 5437434.0724  28.0571 0.0564127 1.044681 1
4595534.5223 5437438.7520   0.1511 0.6103880 1.069538 0
4595534.5334 5437438.2881   0.0854 0.5203313 1.054497 0
4595534.5482 5437437.8139   0.0827 0.8272744 1.043149 0
4595534.5675 5437437.3274   0.1528 0.6004364 1.075084 0
4595534.5819 5437436.8552   0.1578 0.7374715 1.050270 0
4595534.7733 5437435.8891   2.9283 0.0843902 1.727494 1
4595534.6001 5437436.3718   0.2169 0.3049709 1.082606 3
4595534.6900 5437435.6903   1.3956 0.2625233 1.316142 0
4595534.6317 5437435.4197   0.2546 0.6210298 1.064472 0
4595534.6403 5437434.9646   0.1746 0.6253259 1.074711 0
4595534.6481 5437434.5107   0.0823 0.7146651 1.071089 0
4595534.6639 5437434.0345   0.0971 0.6938237 1.065025 0
4595534.6934 5437433.5231   0.3271 0.5949919 1.052890 0
4595534.6988 5437433.0752   0.1536 0.5644255 1.053635 0
4595536.1729 5437436.0013  29.8082 0.0734019 1.746084 2
4595536.1899 5437435.5489  29.8822 0.0609365 1.152537 1
4595536.1388 5437435.2974  28.8777 0.0302927 0.997295 1
4595536.0603 5437435.5291  27.6452 0.0407786 1.011995 2
4595536.1422 5437434.8842  28.7275 0.0962163 1.095446 1
4595536.1017 5437434.5992  27.8881 0.1169901 1.320897 1
4595536.0848 5437434.2452  27.4118 0.0554768 1.221903 1
4595535.7799 5437435.1309  22.6248 0.0374562 1.122216 2
4595534.3409 5437439.3112   0.0270 0.2491532 1.054677 3
4595536.0815 5437433.8502  27.1465 0.0374884 1.157596 1
4595535.7937 5437434.6817  22.6351 0.0290577 1.088192 2
4595534.3593 5437438.8261   0.0692 0.3016126 1.034989 3
4595534.3715 5437438.3581   0.0198 0.5916577 1.047453 0
4595534.3825 5437437.8946  -0.0400 0.6284907 1.063758 0
4595534.4022 5437437.4066   0.0388 0.5981150 1.047572 0
4595534.9174 5437435.5190   7.9435 0.2341140 1.336390 0
4595534.8011 5437435.4217   5.8843 0.2647547 1.217570 0
4595534.6583 5437435.3937   3.4029 0.2348881 1.431505 1
4595534.4485 5437435.9801   0.0903 0.0730224 1.119823 3
4595534.4645 5437435.5033   0.1111 0.4558467 1.046193 0
4595534.4794 5437435.0308   0.1320 0.6565412 1.074122 0
4595534.4879 5437434.5748   0.0534 0.5821851 1.053673 0
4595534.5010 5437434.1067   0.0310 0.6665206 1.055827 0
4595534.5165 5437433.6322   0.0438 0.6178139 1.077724 0
4595536.0627 5437435.7789  31.6234 0.1438016 1.595175 0
4595535.9042 5437435.8534  28.9182 0.0695361 1.166304 1
4595535.9176 5437435.4113  28.9305 0.0975325 1.082615 1
4595535.8353 5437435.6561  27.6290 0.0489119 1.136046 2
4595535.9280 5437434.9785  28.8880 0.1119192 1.071961 1
4595535.8192 5437435.3004  27.1699 0.0806272 2.072131 2
4595535.8799 5437434.7175  27.9232 0.1124759 1.276255 1
4595535.8215 5437434.8895  26.9996 0.0337376 1.256175 2
4595535.8503 5437434.4007  27.2465 0.1157183 1.172515 1
4595534.1284 5437439.4416   0.0504 0.1583553 1.019759 3
4595535.8591 5437433.9717  27.1669 0.0439598 0.977127 1
4595535.5692 5437434.8159  22.5960 0.0553237 1.303511 2
4595534.1446 5437438.9638   0.0590 0.1503501 1.064349 3
4595534.1602 5437438.4867   0.0568 0.6250212 1.064104 0
4595534.1716 5437438.0227  -0.0007 0.5700684 1.048017 0
4595534.8541 5437435.6363  10.5830 0.1938519 1.605995 1
4595534.1921 5437437.5324   0.0871 0.1165487 1.029021 3
4595534.7523 5437435.5054   8.7426 0.2105697 1.235684 0
4595534.6066 5437435.4960   6.2035 0.2232416 1.489720 0
4595534.2365 5437436.1124   0.1158 0.4487567 1.140180 0
4595534.2523 5437435.6375   0.1301 0.4709629 1.070908 0
4595534.2681 5437435.1611   0.1572 0.4559211 1.063239 0
4595534.2771 5437434.7046   0.0797 0.7372949 1.042069 0
4595534.2906 5437434.2358   0.0679 0.5892963 1.072322 0
4595534.3058 5437433.7630   0.0793 0.4951032 1.115282 0
4595534.3229 5437433.2844   0.1077 0.4228679 1.040767 0
4595536.1260 5437436.0121  30.8984 0.0358602 0.923136 1
4595536.0679 5437436.1903  29.9617 0.1145306 1.635140 3
4595536.0874 5437435.7287  30.0792 0.0380490 1.102415 1
4595536.0239 5437435.9224  29.0550 0.0553571 1.231934 2
4595536.0235 5437435.5212  28.8500 0.0241397 1.018308 1
4595535.9565 5437435.7245  27.7689 0.0321095 1.038033 2
4595536.0353 5437435.0833  28.8362 0.1057013 1.014622 1
4595535.9664 5437435.2915  27.7267 0.0600677 1.178424 2
4595535.9961 5437434.7982  27.9988 0.1287694 1.230674 1
4595535.7891 5437435.4203  24.6638 0.0517577 1.500984 2
4595535.9924 5437434.4057  27.7295 0.1392930 1.031078 1
4595535.6798 5437435.3397  22.6957 0.0294611 0.889705 2
4595535.6961 5437434.8815  22.7485 0.0396664 1.167033 1
4595534.2941 5437439.0490   0.1508 0.3953871 1.031406 3
4595534.3080 5437438.5763   0.1259 0.5957233 1.042470 0
4595534.3192 5437438.1117   0.0685 0.5857374 1.068234 0
4595534.3381 5437437.6253   0.1379 0.6135054 1.055050 0
4595534.7760 5437435.9203   6.9877 0.1794913 1.580320 1
4595534.3540 5437437.1474   0.1682 0.1617952 1.217440 3
4595534.6773 5437435.7799   5.1644 0.2593682 1.227737 0
4595534.5503 5437435.7184   2.8799 0.3165532 1.312670 0
4595534.4089 5437435.6936   0.3648 0.4232066 1.155518 0
4595534.4136 5437435.2491   0.2168 0.5810527 1.064081 0
4595534.4236 5437434.7889   0.1605 0.4983854 1.055247 0
4595534.4346 5437434.3253   0.1146 0.8176995 1.055812 0
4595534.4521 5437433.8440   0.1651 0.6317428 1.050099 0
4595534.4676 5437433.3688   0.1743 0.6506567 1.064634 0
4595536.1176 5437436.1311  31.4604 0.0425205 1.005565 1
4595536.1232 5437435.7142  31.3540 0.0813380 1.148865 1
4595536.0328 5437435.9946  29.8762 0.0738918 1.176149 3
4595536.0503 5437435.5394  29.9634 0.0468861 1.018536 1
4595535.9819 5437435.7507  28.8436 0.0453233 1.057864 2
4595535.9982 5437435.2973  28.9080 0.0754884 1.107114 1
4595535.9996 5437434.8908  28.7222 0.0627673 1.103500 1
4595535.9420 5437435.0667  27.7828 0.0177028 0.724603 2
4595535.9059 5437435.1768  27.1941 0.0580879 1.437612 2
4595535.9607 5437434.6064  27.8792 0.1224942 1.183779 1
4595535.7705 5437435.1843  24.7738 0.0347029 1.216136 2
4595535.9477 5437434.2428  27.4525 0.1119221 1.432645 1
4595534.2709 5437439.3105   0.0872 0.1720523 1.082983 3
4595535.9521 5437433.8249  27.3041 0.0602819 1.087118 1
4595535.6703 5437434.6718  22.7169 0.0441696 0.996786 2
4595534.2862 5437438.8326   0.0852 0.2958571 1.061813 3
4595534.2992 5437438.3629   0.0521 0.6035738 1.052904 0
4595534.3103 5437437.8979  -0.0052 0.6832762 1.067027 0
4595534.3307 5437437.4060   0.0929 0.5644874 1.051520 0
4595534.8104 5437435.5645   7.7264 0.2001695 1.362929 0
4595534.6962 5437435.4739   5.6244 0.3496755 1.301627 0
4595534.5603 5437435.4439   3.1635 0.2609710 1.392315 1
4595534.3733 5437435.9875   0.1038 0.0770800 1.036125 3
4595534.3915 5437435.5025   0.1645 0.5334222 1.072460 0
4595534.4039 5437435.0352   0.1485 0.5910661 1.061472 0
4595534.4136 5437434.5759   0.0875 0.6780233 1.062852 0
4595534.4255 5437434.1102   0.0502 0.8554932 1.041257 0
4595534.4408 5437433.6351   0.0658 0.7512708 1.027812 0
4595534.4570 5437433.1575   0.0765 0.6113159 1.068884 0
4595535.8587 5437436.5921  30.6134 0.0257591 0.869995 1
4595535.9120 5437436.0243  31.2928 0.0757214 1.680614 1
4595535.9724 5437435.4349  32.0902 0.0597171 1.214540 1
4595535.8036 5437435.9615  29.3138 0.0456117 1.560284 3
4595535.7931 5437435.5918  28.9428 0.0738977 1.142398 1
4595535.8081 5437435.1431  28.9872 0.0444823 1.156344 1
4595535.6870 5437435.5170  26.9978 0.0649245 1.408749 2
4595535.6038 5437435.7740  25.6279 0.0375879 1.059129 2
4595535.7369 5437434.9581  27.6130 0.0508480 1.159696 1
4595535.5831 5437435.4307  25.0844 0.0987986 1.423523 2
4595535.4518 5437435.8340  22.9196 0.0458194 1.421329 2
4595535.7661 5437434.4647  27.8870 0.0316782 0.916786 1
4595535.7210 5437434.6024  27.1466 0.0971450 1.378701 2
4595534.0683 5437439.6524  -0.0033 0.1079832 0.982932 3
4595535.7466 5437434.1204  27.3518 0.0567103 0.980845 1
4595535.4403 5437435.0515  22.3184 0.0269343 0.976287 2
4595534.0869 5437439.1647   0.0625 0.0970285 0.978379 3
4595534.1004 5437438.6912   0.0376 0.5733990 1.050971 0
4595534.1127 5437438.2223  -0.0004 0.4346965 1.025314 0
4595534.8517 5437435.5810  11.9456 0.2112605 1.286844 0
4595534.7332 5437435.5132   9.7672 0.1807607 1.390468 0
4595534.5736 5437435.5628   6.9074 0.0678667 2.028896 1
4595534.1609 5437436.7833   0.1134 0.3615621 1.109722 3
4595534.1729 5437436.3150   0.0874 0.5626355 1.049029 0
4595534.1913 5437435.8291   0.1563 0.4953957 1.109900 0
4595534.2047 5437435.3579   0.1481 0.6742709 1.058799 0
4595534.2177 5437434.8881   0.1442 0.5296697 1.074744 0
4595534.2260 5437434.4325   0.0616 0.5923981 1.049283 0
4595534.2381 5437433.9649   0.0326 0.7301111 1.078507 0
4595534.2541 5437433.4869   0.0668 0.5534938 1.051586 0
4595534.2675 5437433.0165   0.0311 0.6433810 1.042663 0
4595536.0220 5437436.2794  31.5853 0.1379625 1.288188 0
4595536.0862 5437435.6748  32.4639 0.0552918 1.153303 1
4595536.0274 5437435.8625  31.4774 0.0357643 1.105953 2
4595535.9091 5437436.2407  29.4918 0.0445207 1.984944 3
4595535.8853 5437435.9160  28.8918 0.0925723 1.062276 1
4595535.8073 5437436.1640  27.5829 0.0614606 1.487360 2
4595535.9064 5437435.4468  29.0447 0.0901863 1.182886 1
4595535.8247 5437435.7053  27.6722 0.0256482 1.016067 2
4595535.7080 5437436.0741  25.7144 0.0247496 1.011959 2
4595535.8399 5437435.2544  27.7218 0.0670089 1.148403 1
4595535.7122 5437435.6562  25.5797 0.0414014 1.098407 2
4595535.8631 5437434.7789  27.9016 0.1453264 1.200397 1
4595535.8400 5437434.4478  27.3047 0.0905317 1.146417 1
4595534.2181 5437439.4955   0.1349 0.1264348 1.100126 3
4595535.5743 5437434.8675  22.6385 0.0674739 1.340076 1
4595534.2325 5437439.0212   0.1244 0.3011023 1.058443 3
4595534.2464 5437438.5470   0.1068 0.6828822 1.030068 0
4595534.2569 5437438.0842   0.0422 0.7665631 1.048923 0
4595534.8403 5437435.8775   9.6130 0.1539363 1.655548 1
4595534.2765 5437437.5946   0.1317 0.2529008 1.066117 3
4595534.7544 5437435.7158   7.9391 0.1720185 1.302680 0
4595534.6334 5437435.6571   5.6727 0.3306243 1.237972 0
4595534.4933 5437435.6516   3.0812 0.1061916 1.211805 1
4595534.3204 5437436.1692   0.1836 0.3273780 1.045668 3
4595534.3356 5437435.6933   0.2003 0.6159091 1.048794 0
4595534.3499 5437435.2207   0.2134 0.4815899 1.055048 0
4595534.3587 5437434.7630   0.1408 0.6181968 1.076143 0
4595534.3699 5437434.3000   0.1023 0.5661883 1.052746 0
4595534.3835 5437433.8285   0.0956 0.6421460 1.053213 0
4595534.3995 5437433.3507   0.1224 0.6639414 1.064605 0
4595536.0865 5437435.8035  31.5118 0.0766340 1.319659 1
4595535.9931 5437436.1073  29.9154 0.0476091 1.336373 2
4595536.0072 5437435.6610  29.9554 0.0368411 1.023549 1
4595535.9596 5437435.4141  28.9391 0.0694507 0.998650 1
4595535.8859 5437435.6512  27.6806 0.0523279 1.191547 2
4595535.9659 5437434.9914  28.8368 0.0799971 1.033645 1
4595535.9229 5437434.7266  27.8925 0.1226731 1.421806 1
4595535.9095 5437434.3662  27.4499 0.0600319 1.267555 1
4595535.6300 5437435.2514  22.6815 0.0317040 1.007710 2
4595535.9128 5437433.9522  27.2849 0.0429478 0.961678 1
4595534.3235 5437438.9594   0.1481 0.3535670 1.092353 3
4595534.3343 5437438.4959   0.0796 0.5882961 1.058911 0
4595534.3445 5437438.0327   0.0140 0.6476096 1.059353 0
4595534.3628 5437437.5452   0.0866 0.5310801 1.046316 0
4595534.7969 5437435.7760   7.2927 0.0579924 1.850123 1
4595534.3796 5437437.0625   0.1461 0.5591309 1.139981 3
4595534.7173 5437435.5964   5.6974 0.2314454 1.408904 0
4595534.6082 5437435.5042   3.5945 0.2636995 1.359795 0
4595534.4591 5437435.5280   0.8039 0.2228187 1.322230 1
4595534.4202 5437435.6460   0.1390 0.1543429 1.117909 3
4595534.4358 5437435.1681   0.1788 0.6452342 1.076970 0
4595534.4441 5437434.7119   0.1016 0.7089722 1.058595 0
4595534.4553 5437434.2474   0.0641 0.8028170 1.036013 0
4595534.4702 5437433.7726   0.0825 0.5730998 1.071247 0
4595534.4871 5437433.2908   0.1211 0.5917511 1.069490 0
4595535.8795 5437436.3296  31.8298 0.0398958 1.089866 1
4595535.8054 5437436.5743  30.5576 0.0438744 1.083528 2
4595535.8547 5437436.0113  31.2070 0.0458720 1.311972 1
4595535.7641 5437436.3086  29.6500 0.0376640 1.085377 2
4595535.9230 5437435.3885  32.1841 0.0582713 1.313999 0
4595535.7538 5437435.5375  29.0770 0.0217876 0.821653 1
4595535.7342 5437435.6013  28.7390 0.0511397 1.851652 2
4595535.7600 5437435.1153  28.9807 0.0611579 0.960626 1
4595535.6922 5437434.9298  27.6104 0.0700545 1.068384 1
4595535.7206 5437434.4345  27.8923 0.0805643 1.078064 1
4595535.6738 5437434.5842  27.0892 0.0776747 1.105075 2
4595535.5217 5437435.0703  24.4745 0.0426469 1.468935 2
4595534.0967 5437439.6250   0.0074 0.0969290 1.055779 3
4595535.7015 5437434.0912  27.3463 0.0451738 1.094617 1
4595534.1159 5437439.1318   0.0958 0.1649356 1.049755 3
4595534.1283 5437438.6606   0.0623 0.5661729 1.066681 0
4595534.1385 5437438.1967  -0.0024 0.6379240 1.044353 0
4595534.8275 5437435.6099  11.6294 0.2128852 1.210781 1
4595534.1571 5437437.7065   0.0807 0.0369495 1.034039 3
4595534.7186 5437435.5286   9.5295 0.2159515 1.230646 0
4595534.5745 5437435.5519   6.8164 0.1755670 1.779368 1
4595534.1853 5437436.7555   0.1220 0.0624631 1.118362 3
4595534.1971 5437436.2864   0.0992 0.7578114 1.078441 0
4595534.2130 5437435.8058   0.1378 0.6460648 1.066355 0
4595534.2281 5437435.3276   0.1696 0.6600542 1.065636 0
4595534.2379 5437434.8656   0.1205 0.4963324 1.063882 0
4595534.2494 5437434.3994   0.0980 0.4974544 1.068918 0
4595534.2608 5437433.9322   0.0653 0.5017898 1.072867 0
4595534.2769 5437433.4528   0.1106 0.6324863 1.052271 0
4595534.2889 5437432.9840   0.0599 0.5281161 1.066389 0
4595535.8575 5437436.1574  32.6776 0.0301360 0.808307 1
4595535.8141 5437436.3024  31.9229 0.1002687 1.164157 2
4595535.8060 5437435.9306  31.5853 0.0290407 1.087495 1
4595535.6234 5437436.5378  28.4072 0.0422909 1.131935 2
4595535.4960 5437436.9616  26.1830 0.0270205 1.036867 2
4595535.4203 5437437.2131  24.8597 0.0339220 1.294917 2
4595535.8593 5437435.3542  32.3140 0.1138149 1.231847 1
4595535.8519 5437434.9798  31.9806 0.0535063 1.051296 1
4595535.6748 5437435.5625  28.9012 0.0527505 1.780081 2
4595535.5763 5437435.8865  27.1855 0.0636921 1.991299 3
4595535.7471 5437434.9242  29.9536 0.0238752 1.137637 1
4595535.7017 5437435.0727  29.1646 0.0608362 1.320406 2
4595535.6269 5437434.9134  27.6566 0.0794120 1.226764 1
4595535.6564 5437434.4141  27.9614 0.0295447 0.851671 1
4595535.6086 5437434.5689  27.1323 0.0831714 1.330125 2
4595535.4703 5437435.0170  24.7204 0.0716321 1.842817 2
4595534.0513 5437439.6124   0.0411 0.0828041 0.995559 3
4595535.6374 5437434.0718  27.4124 0.0417604 1.063768 1
4595534.0681 5437439.1272   0.0891 0.2941808 1.014162 3
4595534.0822 5437438.6506   0.0867 0.3794762 1.063636 0
4595534.8738 5437435.6975  13.6426 0.1905716 1.197647 1
4595534.0928 5437438.1861   0.0311 0.1055152 1.055545 3
4595534.7799 5437435.5767  11.7805 0.2230976 1.235068 0
4595534.6462 5437435.5782   9.2198 0.2034837 1.461254 0
4595534.1365 5437436.7542   0.1083 0.5243134 1.042859 0
4595534.1491 5437436.2835   0.1008 0.7173164 1.048542 0
4595534.1662 5437435.7983   0.1625 0.5487089 1.127998 0
4595534.1802 5437435.3235   0.1772 0.6180152 1.048438 0
4595534.1894 5437434.8645   0.1162 0.7869726 1.066116 0
4595534.2001 5437434.4000   0.0817 0.6176167 1.081733 0
4595534.2117 5437433.9331   0.0552 0.6380322 1.050210 0
4595534.2304 5437433.4443   0.1475 0.3278370 1.072036 0
4595534.2444 5437432.9705   0.1341 0.4874172 1.198314 0
4595535.9006 5437436.3685  31.8469 0.0500740 1.297068 1
4595535.8984 5437435.9773  31.6082 0.0485814 1.148251 1
4595535.7215 5437436.5780  28.4672 0.0424305 1.472100 3
4595535.9571 5437435.3806  32.4514 0.0771233 1.047862 0
4595535.7740 5437435.5972  28.9940 0.0701226 1.015840 1
4595535.7902 5437435.1420  29.0752 0.0398347 0.995197 1
4595535.7218 5437435.3706  27.8618 0.0435286 1.382097 2
4595535.7175 5437434.9814  27.5759 0.1253241 1.808307 1
4595535.5948 5437435.3896  25.3961 0.0353693 1.231398 3
4595535.7502 5437434.4705  27.9478 0.0869055 1.019253 1
4595535.7102 5437434.6028  27.2381 0.0473496 1.134401 2
4595535.7215 5437434.1614  27.2178 0.0594890 0.984120 1
4595535.4573 5437435.0308  22.5282 0.0421403 1.177461 2
4595534.1973 5437439.1771   0.1407 0.2271027 1.055040 3
4595534.2088 5437438.7088   0.0936 0.5662802 1.081342 0
4595534.2197 5437438.2425   0.0433 0.7038564 1.084973 0
4595534.2357 5437437.7600   0.0876 0.4342870 1.064229 0
4595534.7435 5437435.6941   8.9017 0.2486127 1.297855 0
4595534.6234 5437435.6574   6.5305 0.3115393 1.182912 0
4595534.5000 5437435.6250   4.0985 0.1967137 1.396192 1
4595534.2933 5437435.8533   0.1895 0.6282175 1.053131 0
4595534.3092 5437435.3717   0.2379 0.6495762 1.083007 0
4595534.3173 5437434.9159   0.1622 0.6938803 1.052053 0
4595534.3291 5437434.4474   0.1489 0.6122968 1.096998 0
4595534.3384 5437433.9882   0.0804 0.5937574 1.062283 0
4595534.3566 5437433.5002   0.1699 0.6196039 1.054107 0
4595534.3699 5437433.0282   0.1439 0.3074091 1.080258 3
4595535.7367 5437436.6386  30.7125 0.0461708 1.139641 1
4595535.7333 5437436.2492  30.4536 0.0296427 0.985471 1
4595535.5088 5437437.0217  26.4119 0.0540579 1.365412 2
4595535.8316 5437435.5111  32.0264 0.0911460 1.279913 1
4595535.6921 5437435.9886  29.5162 0.0424355 1.308049 3
4595535.6870 5437435.2008  29.0246 0.0810347 1.244308 1
4595535.4866 5437435.4736  25.2183 0.0314655 0.988857 2
