    X-Koord.     Y-Koord. Z-Koord.      Int.   Pulsb. W
4595570.6082 5437440.5567  24.3989 0.0762192 1.185892 1
4595568.4037 5437442.5338   0.0406 0.1787776 1.057975 3
4595569.8929 5437441.9649  26.6686 0.0390051 1.054299 1
4595569.8505 5437441.6420  25.6008 0.0406601 0.996651 2
4595569.8124 5437441.3518  24.6150 0.0515786 1.167769 2
4595569.8703 5437441.1296  25.4297 0.0618707 1.192586 1
4595569.8780 5437440.5249  24.9138 0.1027146 1.182306 1
4595567.6788 5437440.5640   0.0062 0.4150045 1.053477 3
4595568.9869 5437442.5594  25.4481 0.0870190 0.977866 1
4595569.0131 5437442.0979  25.4880 0.0246085 0.885542 1
4595568.9685 5437441.7680  24.3811 0.0472344 1.392236 2
4595569.0358 5437441.6078  25.4446 0.0740881 1.165519 1
4595569.0051 5437441.3797  24.6666 0.0425873 1.448723 2
4595569.0582 5437440.4553  24.6513 0.0573444 1.032769 1
4595566.9748 5437441.5924   0.0504 0.3699006 1.065934 3
4595567.0037 5437441.1105   0.0481 0.5141306 1.104856 0
4595567.0303 5437440.6150  -0.0088 0.5855910 1.050148 0
4595567.1059 5437440.4535   1.1609 0.0339196 1.045892 2
4595567.0583 5437440.1264  -0.0024 0.4800770 1.073926 3
4595568.0490 5437442.3867  19.8611 0.0641523 1.283907 1
4595568.2245 5437440.3514  20.8912 0.0340650 1.034296 1
4595568.1846 5437440.0577  19.8787 0.0501284 1.071123 2
4595568.3707 5437440.7663  23.9156 0.0613515 1.055517 1
4595568.4420 5437440.6347  25.0446 0.1142339 1.207325 1
4595568.4872 5437440.3108  25.5093 0.0466443 1.305048 1
4595566.3187 5437440.4082  -0.0001 0.2049241 1.066485 3
4595567.5018 5437441.9538  22.3317 0.0609235 1.014034 1
4595567.4731 5437441.7494  21.6133 0.0612667 1.227048 2
4595567.4003 5437441.2304  19.7950 0.0226782 0.767267 2
4595567.5495 5437440.9819  22.1508 0.1098494 1.698805 1
4595567.7063 5437441.4584  25.3965 0.0660209 1.004264 1
4595567.7148 5437440.2067  24.2641 0.0520309 1.250601 1
4595565.4030 5437440.6818   0.0667 0.1132933 0.995814 3
4595565.4309 5437440.1941   0.0481 0.1721695 1.072131 3
4595566.3270 5437440.2550  15.5159 0.0437629 1.131880 2
4595566.8722 5437440.8046  25.4485 0.0941403 1.058089 1
4595567.0275 5437441.2648  28.5995 0.1010598 1.459792 1
4595567.1603 5437440.2756  29.8832 0.0905060 1.212789 0
4595565.4128 5437440.6515  14.5649 0.0549151 1.240935 1
4595565.7342 5437440.8678  20.2192 0.0550034 0.947624 2
4595565.9656 5437440.5087  23.7535 0.0428399 1.052449 1
4595566.2238 5437441.0163  28.6415 0.0226763 0.862731 1
4595566.1664 5437440.6131  27.2524 0.0985098 1.164472 2
4595565.4364 5437440.9258  27.9984 0.0963637 1.357691 3
4595565.4683 5437440.5009  28.0904 0.1042260 1.176733 1
4595565.6004 5437440.1303  29.9304 0.0776363 1.086757 1
4595565.4184 5437440.0884   0.0449 0.0506095 1.068405 3
4595565.3531 5437440.5129   0.0641 0.2650580 1.130903 3
4595565.2945 5437440.3288  31.9328 0.0823844 1.145156 1
4595565.3471 5437440.2137  30.0891 0.0264871 1.033741 3
4595565.3495 5437440.4720  27.8929 0.0261123 0.909586 1
4595565.3799 5437440.4062  26.8223 0.1081217 1.391952 3
4595565.4011 5437440.8984  21.7781 0.0397712 1.099602 3
4595565.9448 5437440.0352   0.0841 0.0363450 1.171805 3
4595565.8803 5437440.4594   0.0608 0.1223478 1.070840 3
4595565.8720 5437440.0512  30.3539 0.0309573 0.963430 1
4595565.9949 5437440.0543  24.0646 0.0509272 1.110173 1
4595565.9063 5437440.5122  25.0112 0.0381004 1.195857 1
4595566.0470 5437440.2157  20.1524 0.0855659 1.281201 3
4595565.8072 5437440.9904  26.3754 0.0532618 1.052510 1
4595565.8185 5437441.2400  23.8726 0.0432027 1.410772 2
4595566.3040 5437441.1126   0.1033 0.1622302 1.076982 3
4595566.1302 5437440.4908  27.4322 0.0934860 1.161360 2
4595566.1618 5437440.4238  26.3438 0.0443407 1.076500 3
4595566.0585 5437440.9101  27.8405 0.0982054 0.997139 1
4595566.1428 5437440.7335  24.9089 0.0883501 1.168418 3
4595566.6650 5437440.5023   0.0477 0.1281086 1.052651 3
4595566.6005 5437440.9262   0.0507 0.1753351 1.092302 3
4595566.5352 5437441.3511   0.0870 0.2119955 1.096377 0
4595566.4147 5437440.8027  26.2703 0.0548591 0.898449 1
4595566.4326 5437440.7652  25.6497 0.0199157 1.111666 3
4595566.3243 5437441.5345  25.2363 0.0263849 1.112238 3
4595566.9811 5437440.4833   0.0084 0.1348231 1.082212 3
4595566.7799 5437440.9669  28.3387 0.1342002 1.708357 1
4595566.8690 5437440.7832  25.2994 0.0249567 0.863082 2
4595566.8995 5437440.7202  24.2582 0.0329464 1.104260 2
4595566.7041 5437441.6674  26.8427 0.1007515 1.020866 1
4595566.7346 5437441.6061  25.7946 0.0528395 1.338236 2
4595567.3518 5437440.9514   0.0941 0.1523904 1.051920 3
4595567.2229 5437441.7995   0.1187 0.3674904 1.050282 3
4595567.2163 5437440.1921  29.9337 0.1668796 1.663243 1
4595567.1712 5437440.5550  29.4275 0.1534807 1.170382 1
4595567.2305 5437440.4316  27.4377 0.0408331 1.341437 2
4595567.2315 5437440.7015  25.3826 0.0676214 1.129760 1
4595567.0683 5437441.3082  28.8875 0.0526707 1.119167 1
4595567.1381 5437441.1664  26.5149 0.0640330 1.150220 2
4595567.2597 5437440.9193  22.3800 0.0322065 1.126038 2
4595567.1061 5437441.5068  25.5561 0.0510836 1.021829 1
4595567.1979 5437441.3226  22.4189 0.0609371 1.017929 2
4595567.2709 5437441.1760  19.9241 0.0373845 1.389472 2
4595567.8525 5437440.0082   0.0969 0.1259227 1.128405 3
4595567.1310 5437441.7350  22.6398 0.0648125 1.414727 1
4595567.2167 5437441.5651  19.6953 0.0358126 1.926837 2
4595567.7887 5437440.4306   0.0717 0.1245873 1.082961 3
4595567.7239 5437440.8557   0.0796 0.5745075 1.074958 0
4595567.6593 5437441.2802   0.0939 0.2472052 1.037064 3
4595567.5954 5437441.7026   0.0860 0.4860866 1.040034 3
4595567.5298 5437442.1293   0.1376 0.2336233 1.054018 3
4595567.4627 5437440.8580  27.9194 0.0666107 1.569974 1
4595567.3739 5437441.3118  28.9035 0.0487436 1.197655 1
4595567.3787 5437441.5768  26.7166 0.1813428 1.153576 1
4595568.1627 5437440.0062   0.0795 0.0750799 1.040678 3
4595567.4434 5437441.7260  22.4589 0.0903402 2.033718 1
4595567.4710 5437441.6714  21.5141 0.0321589 0.796738 2
4595567.4954 5437441.6231  20.6773 0.0267031 1.082914 2
4595567.5185 5437441.5774  19.8875 0.0564367 1.406857 2
4595568.0979 5437440.4307   0.0978 0.0570255 1.207248 3
4595567.4096 5437442.0748  21.5419 0.0506762 1.216692 2
4595567.4526 5437441.9907  20.0596 0.0568825 1.631283 2
4595568.0340 5437440.8543   0.0786 0.0546063 1.111806 3
4595567.9701 5437441.2775   0.0675 0.2545872 1.061549 3
4595567.9056 5437441.7019   0.0736 0.5651714 1.055890 3
4595567.8415 5437442.1256   0.0673 0.6256861 1.051970 0
4595567.9167 5437440.5829  28.6955 0.0732512 1.177895 1
4595568.0626 5437440.2844  23.8825 0.0931733 1.054333 3
4595567.8469 5437440.9974  29.0369 0.0903224 1.114070 1
4595568.0294 5437440.9081  20.9658 0.0282770 0.830729 1
4595567.9690 5437441.3103  20.9518 0.0293112 1.046723 1
4595568.5926 5437440.0795   0.0553 0.3355197 1.038785 3
4595567.8664 5437441.7943  22.3588 0.0356320 1.219554 1
4595567.9140 5437441.7014  20.7524 0.0230387 0.879470 2
4595568.5278 5437440.5049   0.0820 0.4130605 1.059775 3
4595567.8615 5437442.0880  20.4678 0.0360743 1.345978 1
4595568.4637 5437440.9289   0.0784 0.5075733 1.064553 3
4595568.3997 5437441.3526   0.0724 0.5986068 1.037441 0
4595568.3350 5437441.7777   0.0758 0.6396713 1.068135 0
4595568.2710 5437442.2015   0.0508 0.5109922 1.049244 3
4595568.4828 5437440.3634  25.0624 0.0468769 1.103142 1
4595568.2915 5437441.0228  29.3437 0.0776636 1.035336 1
4595568.4272 5437440.7526  24.9154 0.0353983 1.220073 2
4595568.4542 5437440.6989  24.0356 0.0348704 1.126925 2
4595568.4936 5437440.9019  20.7652 0.0380639 1.007301 1
4595568.4364 5437441.2975  20.6465 0.0320137 1.047863 1
4595569.0623 5437440.0807   0.0466 0.5705501 1.056631 3
4595568.2642 5437441.9135  24.3180 0.0814418 1.036637 1
4595568.3740 5437441.7027  20.6880 0.0542299 1.040286 2
4595568.9986 5437440.5034   0.0425 0.2852135 1.037863 3
4595568.9338 5437440.9291   0.0618 0.6742608 1.066829 0
4595568.8700 5437441.3526   0.0541 0.8568326 1.027598 0
4595568.8057 5437441.7765   0.0326 0.5194105 1.062549 0
4595568.7385 5437442.2068   0.0916 0.5388951 1.062517 3
4595568.6762 5437442.6274  -0.0025 0.8133550 1.044896 0
4595568.8703 5437440.1587  24.6741 0.0570105 1.098837 1
4595568.9114 5437440.0758  23.3524 0.0584070 1.044542 2
4595568.8192 5437440.5387  24.3881 0.0625731 1.583599 1
4595568.9311 5437440.3159  20.7734 0.0658091 1.045106 2
4595568.7643 5437440.9270  24.2145 0.0434208 1.209623 1
4595568.7032 5437441.3281  24.2360 0.1401781 1.050269 1
4595568.8100 5437441.1205  20.7564 0.0242060 0.984943 2
4595568.6409 5437441.7306  24.2803 0.0475762 0.964110 1
4595569.3819 5437440.3075   0.0208 0.5145943 1.047725 3
4595569.3179 5437440.7319   0.0221 0.7923942 1.057825 0
4595569.2545 5437441.1545   0.0038 0.7546697 1.059862 0
4595569.1908 5437441.5774  -0.0095 0.5904435 1.070650 0
4595569.1247 5437442.0056  -0.0009 0.6432802 1.051733 0
4595569.0534 5437442.4427   0.1909 0.4459579 1.047333 0
4595569.1758 5437440.2687  27.1729 0.0398415 1.044686 1
4595569.2966 5437440.0268  23.3253 0.0321440 0.953345 2
4595569.1793 5437440.5397  25.1549 0.0453560 1.025406 1
4595569.1016 5437440.9727  25.7310 0.1224120 1.133538 1
4595569.2586 5437440.6657  20.6832 0.0384772 1.106016 2
4595569.0650 5437441.3253  24.9815 0.1291433 1.867485 1
4595569.1966 5437441.0712  20.7342 0.0297382 1.188656 2
4595569.0176 5437441.6993  24.5522 0.0431123 1.053850 1
4595569.7739 5437440.2563   0.0149 0.4640815 1.078715 3
4595568.9311 5437442.1479  25.3619 0.0671976 1.042725 1
4595568.9678 5437442.0789  24.1747 0.0389891 1.132991 2
4595569.7109 5437440.6787  -0.0035 0.1479017 1.072488 3
4595569.6470 5437441.1032   0.0055 0.6129892 1.063288 0
4595569.5841 5437441.5250  -0.0151 0.6598257 1.064542 0
4595569.5191 5437441.9517  -0.0439 0.7404940 1.049854 0
4595569.4558 5437442.3747  -0.1239 0.7479691 1.039138 0
4595569.7556 5437440.0073  23.2729 0.0342630 0.821719 1
4595569.6450 5437440.5057  24.8700 0.1017736 1.488024 1
4595569.5659 5437440.9409  25.4874 0.0986443 1.307881 1
4595569.4853 5437441.3781  26.1583 0.0747416 1.160289 1
4595569.5074 5437441.3359  25.4548 0.0150720 0.679040 2
4595569.5318 5437441.2894  24.6772 0.0466968 1.294979 2
4595570.2403 5437440.2413   0.0786 0.6229924 1.084437 0
4595569.3855 5437442.1353  25.4318 0.0556636 1.083274 1
4595570.1155 5437441.0836   0.0138 0.6771755 1.051347 0
4595570.0519 5437441.5071   0.0231 0.5660393 1.094196 0
4595569.9890 5437441.9287  -0.0673 0.7145327 1.055523 0
4595569.9239 5437442.3553  -0.0917 0.6349024 1.062843 0
4595569.9625 5437440.6774  24.3599 0.0357586 1.241555 1
4595569.8684 5437441.1406  25.4542 0.1190530 1.053085 1
4595569.8907 5437441.6714  20.9058 0.1067161 1.008533 1
4595570.5436 5437440.4551   0.0792 0.2781583 1.034553 3
4595570.2617 5437440.4614  24.4801 0.0634750 1.128033 1
4595570.2085 5437440.8477  24.2819 0.0378314 0.982355 1
4595570.0102 5437441.7929  26.7535 0.0827024 1.063237 1
4595569.2444 5437442.4429  -0.0391 0.4986401 1.068841 3
4595568.9267 5437442.7345   0.0015 0.7011892 1.065786 0
4595568.9387 5437442.2591   0.0377 0.2978276 1.079052 3
4595568.9834 5437440.3673   0.0807 0.2501016 1.047087 3
4595570.2921 5437440.4560  24.7277 0.0398501 1.277563 1
4595568.4949 5437442.4032  -0.0203 0.4838609 1.057775 0
4595568.5185 5437441.4560   0.0452 0.2010831 1.040030 3
4595568.5445 5437440.5041   0.0690 0.3446903 1.170006 3
4595570.0788 5437442.0556  25.8376 0.0692153 1.042378 2
4595570.0406 5437440.4869  24.7416 0.0403934 1.259780 1
4595568.2531 5437442.4406   0.0236 0.2688182 1.057056 3
4595568.2797 5437441.4889   0.0898 0.5035950 1.050294 3
4595568.2945 5437441.0091   0.1155 0.3387189 1.093340 3
4595568.3067 5437440.5373   0.1088 0.5826982 1.097680 0
4595569.9293 5437441.9785  25.9006 0.1160816 1.057881 2
4595569.8924 5437440.8254  24.9672 0.1152826 1.234834 1
4595569.6065 5437440.7289  20.8304 0.0409893 0.995472 2
4595568.1319 5437441.8822   0.1097 0.5173710 1.085451 0
4595568.1442 5437441.4093   0.1147 0.5700052 1.054406 0
4595568.1577 5437440.9334   0.1208 0.3670607 1.078461 3
4595568.1675 5437440.4670   0.0778 0.5230322 1.051142 0
4595568.1778 5437440.0004   0.0436 0.2939180 1.080493 3
4595569.6639 5437442.2398  26.7961 0.0508307 1.048558 1
4595569.5864 5437442.0308  25.6291 0.0295827 0.932210 2
4595569.5944 5437441.5938  25.6331 0.0607480 1.039938 1
4595569.5370 5437441.3295  24.7112 0.0528527 1.147087 2
4595569.2561 5437442.0673  20.8844 0.0453414 1.238649 2
4595569.4837 5437440.2165  23.4761 0.0558739 1.046620 1
4595569.2816 5437440.7391  20.7820 0.0363608 1.115292 2
4595567.8058 5437441.9046   0.0347 0.2841699 1.068832 3
4595567.8322 5437440.9552   0.0297 0.4015322 1.093578 3
4595567.8437 5437440.4856   0.0045 0.1560322 1.089629 3
4595567.8567 5437440.0111   0.0126 0.2223944 1.144313 3
4595569.2555 5437442.2297  25.5630 0.0537701 1.026497 1
4595569.2745 5437441.7651  25.7051 0.0630278 1.527766 1
4595569.2914 5437441.3062  25.7908 0.0393251 1.050520 1
4595569.2242 5437441.4833  24.8942 0.0413221 1.302609 2
4595569.4136 5437440.1583  27.0612 0.0295068 0.981230 1
4595568.9607 5437440.9212  20.8352 0.0498274 1.107628 1
4595567.4910 5437442.0974   0.1509 0.5218890 1.076333 0
4595567.4993 5437441.6363   0.0616 0.3325845 1.028653 3
4595567.5216 5437441.1405   0.1663 0.2182110 1.246228 3
4595567.5247 5437440.6933   0.0181 0.0822917 1.214409 3
4595567.5409 5437440.2124   0.0610 0.1220428 1.173578 3
4595569.2902 5437441.7451  26.4097 0.0722659 1.042346 1
4595569.2399 5437441.8802  25.7115 0.0974598 1.140498 2
4595569.2554 5437441.4244  25.7932 0.0453277 1.002048 1
4595569.1853 5437441.6115  24.8315 0.0388670 1.015093 2
4595568.9150 5437441.9154  20.9589 0.0564755 1.160010 1
4595568.9278 5437441.0451  20.8199 0.0637572 1.096923 1
4595567.4914 5437441.7467   0.1456 0.1961068 1.067490 3
4595567.5095 5437441.2612   0.1906 0.3190957 1.137288 3
4595567.5189 5437440.7986   0.1243 0.1539965 1.077840 3
4595569.0502 5437442.0133  25.6656 0.0887209 1.113510 1
4595568.9484 5437442.2890  24.2502 0.0431894 1.414493 2
4595568.9870 5437441.7699  24.6565 0.0937008 1.119024 1
4595569.0882 5437441.0846  25.8857 0.0535887 1.233101 1
4595569.0113 5437441.2905  24.8403 0.0673885 1.160489 2
4595568.7237 5437442.0610  20.8645 0.0754666 1.117654 2
4595569.0539 5437440.7617  25.2379 0.0342894 1.000027 1
4595569.0317 5437440.4075  24.7531 0.0337782 1.044476 1
4595568.9531 5437440.1993  23.5023 0.0287054 0.938110 1
4595568.7529 5437440.7272  20.7788 0.0628558 1.117701 2
4595567.3107 5437441.8938   0.1049 0.1351478 1.092536 3
4595567.3226 5437441.4245   0.0662 0.1567223 1.010113 3
4595567.3491 5437440.4772   0.0321 0.0731535 1.046347 3
4595567.3626 5437440.0044   0.0497 0.2737133 1.099332 3
4595568.6128 5437442.4576  25.5858 0.0663773 1.003061 1
4595568.5461 5437441.8120  24.3739 0.0488806 1.076609 1
4595568.6124 5437441.2215  25.1233 0.0891335 1.198706 1
4595568.6437 5437440.7248  25.3664 0.0427482 1.079833 1
4595568.5671 5437440.9286  24.3243 0.0468788 1.180792 2
4595568.5274 5437440.2055  23.4163 0.0326268 1.205993 2
4595566.8965 5437441.4334   0.0329 0.0620471 1.034952 3
4595566.9116 5437440.9558   0.0284 0.0325073 1.027030 3
4595566.9233 5437440.4880  -0.0214 0.0387821 1.001339 3
4595566.9395 5437440.0097   0.0319 0.0540706 1.049891 3
4595568.4850 5437442.5142  25.5145 0.0363980 1.033510 1
4595568.4230 5437441.8580  24.3557 0.0776905 0.996478 1
4595568.4956 5437441.2492  25.1864 0.0408531 1.024298 1
4595568.5246 5437440.7599  25.4011 0.0366363 1.121565 1
4595568.4540 5437440.9496  24.4346 0.0504210 1.411382 2
4595568.6482 5437440.0181  26.9036 0.0694385 1.061297 1
4595568.4963 5437440.4238  24.8267 0.0386135 1.243877 2
4595568.4094 5437440.2415  23.4525 0.1087093 1.032027 1
4595566.7955 5437441.4692   0.0946 0.1142525 1.053877 3
4595566.8247 5437440.5197   0.0641 0.0539769 1.067807 3
4595566.8396 5437440.0453   0.0961 0.1387724 1.056484 3
4595568.3503 5437442.0055  24.3985 0.0670064 1.066749 1
4595568.4399 5437441.3481  25.4764 0.0841035 1.040829 1
4595568.3716 5437441.5346  24.5342 0.0384730 1.145080 2
4595568.4568 5437440.8904  25.5231 0.0372518 1.331070 1
4595568.1206 5437441.8038  20.8831 0.0318316 1.058662 2
4595568.4075 5437440.6119  24.6578 0.0626805 1.206736 1
4595568.3692 5437440.3030  23.9413 0.0598983 1.311155 2
4595568.1529 5437440.8849  20.9584 0.0387481 1.082661 2
4595568.1722 5437440.4160  21.0353 0.0562539 1.099299 1
4595566.7398 5437441.6249   0.1387 0.1200966 1.053782 3
4595566.7548 5437441.1494   0.1318 0.0902848 1.138740 3
4595566.7620 5437440.6926   0.0141 0.0516528 1.053045 3
4595567.8451 5437441.4962  22.5846 0.0497901 1.010402 1
4595567.7786 5437441.6771  21.6697 0.0515087 1.364738 2
4595567.6844 5437441.9329  20.3801 0.0435658 1.277442 2
4595568.0770 5437440.4559  25.5783 0.1636480 1.530705 1
4595568.0392 5437440.1477  24.8690 0.0919845 1.053139 1
4595567.9761 5437440.3173  23.9981 0.0705417 1.095582 2
4595567.7666 5437440.4646  20.9152 0.1073872 1.052009 1
4595566.3637 5437440.7275   0.0048 0.2855738 1.081233 3
4595566.3756 5437440.2600  -0.0316 0.0406030 0.952148 3
4595568.0742 5437440.5698  28.9882 0.0426270 1.111367 1
4595567.8425 5437440.7950  25.5914 0.0582370 1.121724 1
4595567.4846 5437441.7707  20.6628 0.0450213 1.197812 2
4595567.4327 5437441.9123  19.9521 0.0364782 1.071991 2
4595567.5961 5437440.6392  21.7903 0.0479804 1.000388 1
4595567.5437 5437440.3662  20.8739 0.0816167 1.079227 2
4595566.1364 5437441.0930   0.0232 0.0813650 1.109436 3
4595566.1496 5437440.6226  -0.0218 0.1155937 1.014535 3
4595567.6769 5437441.7664  22.6654 0.0500622 1.011539 1
4595567.9044 5437440.7251  25.6442 0.1243895 1.364493 1
4595567.5838 5437441.6120  21.1555 0.0582371 1.821123 2
4595567.6624 5437440.5714  21.8394 0.0328784 1.085073 1
4595566.2159 5437441.4950   0.1171 0.2387314 1.057007 3
4595566.2308 5437441.0208   0.0899 0.2095278 1.054366 3
4595566.2480 5437440.5412   0.0969 0.2184992 1.062765 3
4595567.6936 5437441.8238  25.7596 0.0588624 1.060653 1
4595567.4898 5437441.5752  22.4796 0.0483107 1.103053 1
4595567.3660 5437441.9211  20.7474 0.0191406 0.729436 2
4595567.4363 5437441.3126  21.5177 0.0382147 1.215629 1
4595567.3373 5437441.5876  20.1304 0.0512765 1.217571 2
4595567.4606 5437440.8326  21.6476 0.0638887 1.152840 1
4595567.7043 5437440.7979  29.2065 0.1107508 1.096804 0
4595567.2414 5437441.6933  22.4690 0.0817911 0.922947 1
4595567.2289 5437441.3169  22.0795 0.0508649 1.035450 1
4595567.0916 5437441.2858  19.9310 0.0857849 1.323283 1
4595567.7283 5437441.0088  29.2504 0.0655106 1.131388 1
4595567.4757 5437441.7343  25.6349 0.0583760 1.339618 2
4595567.2685 5437441.9195  22.4602 0.0810596 1.371709 1
4595567.2560 5437441.5447  22.0619 0.0837576 1.195009 1
4595567.2619 5437441.1177  21.9251 0.0434523 1.378220 1
4595567.1254 5437441.5036  19.9764 0.0632812 1.272751 2
4595565.8805 5437441.1374   0.1213 0.0750506 1.188962 3
4595567.6922 5437440.9176  29.2769 0.0452805 1.077124 1
4595567.4440 5437441.6386  25.6806 0.0370817 1.193589 2
4595567.6809 5437440.5470  28.9003 0.0359589 1.059527 1
4595567.2493 5437441.7944  22.6490 0.0158106 0.527330 2
4595567.2691 5437440.9185  22.4915 0.0380662 0.938509 1
4595567.2233 5437441.0496  21.8285 0.0534846 1.176161 2
4595567.0984 5437441.4068  20.0231 0.0249078 0.901890 2
4595567.2372 5437440.5987  21.8069 0.0453392 1.141356 1
4595567.3976 5437440.7242  28.9247 0.0522301 1.167410 1
4595567.1713 5437441.3819  25.6436 0.0394762 0.905434 2
4595566.9696 5437441.5570  22.5023 0.0927135 1.024967 1
4595566.9279 5437441.6775  21.8969 0.0211190 0.875998 2
4595566.9322 5437441.2546  21.7388 0.0662630 1.252352 1
4595566.9290 5437440.0286  21.0599 0.0669051 1.639575 2
4595567.2479 5437441.5955  29.0856 0.0547165 1.115346 1
4595567.0401 5437441.3986  25.6080 0.0512237 0.982121 1
4595567.2183 5437440.4726  27.9924 0.0480154 1.218290 1
4595567.0460 5437440.9755  25.4683 0.0388534 1.111644 2
4595566.8522 5437441.1316  22.4108 0.0566542 1.185839 1
4595567.2054 5437440.9855  28.4305 0.0611106 1.034298 1
4595567.0163 5437441.5483  25.6327 0.0411175 1.104802 2
4595566.9654 5437440.4812  24.1942 0.0355243 1.249259 2
4595565.5146 5437440.0012   0.0682 0.0568943 1.070695 3
4595566.8695 5437441.5981  26.8931 0.0882512 1.165786 1
4595566.9565 5437440.9323  27.9619 0.0402084 1.015812 1
4595566.7995 5437441.4016  25.6284 0.0824358 1.115652 2
4595566.9468 5437440.5576  27.5905 0.0983767 1.223268 1
4595566.8159 5437440.9467  25.6428 0.0479412 1.240491 2
4595566.6133 5437441.5493  22.6303 0.0444664 1.196329 2
4595566.8680 5437440.4800  30.2982 0.1442103 1.189266 1
4595566.8117 5437440.6489  29.4558 0.0341798 1.073334 3
4595566.8213 5437440.2195  29.3964 0.0811396 1.627858 1
4595566.7035 5437440.5716  27.6083 0.0503153 1.328789 3
4595566.5795 5437440.5361  25.5226 0.0307958 1.173459 3
4595566.3261 5437440.8809  21.5093 0.0427040 1.702762 2
4595566.5993 5437441.4314  26.7986 0.0388285 0.932904 1
4595566.6742 5437440.8004  27.6922 0.0433466 0.976257 1
4595566.5434 5437441.1975  25.7161 0.0396875 1.206896 3
4595566.7806 5437440.0775  29.1082 0.1556714 1.426309 1
4595566.7741 5437440.6738  30.4012 0.0350980 1.169864 1
4595566.7625 5437440.3097  30.0072 0.0811443 0.951389 1
4595566.7203 5437440.4393  29.3483 0.0500526 1.112469 3
4595566.7071 5437440.0789  28.9454 0.2092497 1.515787 0
4595566.4953 5437440.3219  25.4372 0.0307344 1.376859 2
4595566.2676 5437441.0146  21.9401 0.0238586 1.088799 3
4595566.4345 5437441.5586  29.1629 0.0892665 1.110607 1
4595566.5171 5437440.5021  29.9531 0.0586023 1.058754 0
4595566.3457 5437440.6297  27.0834 0.0883284 1.151181 0
4595566.3334 5437440.2647  26.6771 0.0524726 1.113240 1
4595566.2890 5437440.4007  25.9820 0.0907767 1.729772 2
4595566.1824 5437440.3220  24.1096 0.0255584 0.990057 3
4595566.2984 5437441.3301  28.9445 0.0186859 0.710969 1
4595566.2866 5437440.9667  28.5176 0.1060444 1.228122 1
4595566.2256 5437440.7569  27.3282 0.1327467 1.220398 1
4595566.1613 5437440.9572  26.3329 0.0690133 1.286544 3
4595566.1747 5437440.5140  26.2952 0.0530482 1.557163 2
4595566.0610 5437440.0573  24.0765 0.0650671 1.253250 2
4595566.2456 5437441.1415  28.2717 0.1093508 1.589626 0
4595566.1502 5437441.0432  26.5280 0.0925551 1.108204 1
4595566.2569 5437440.3044  27.9736 0.1135257 1.031944 1
4595566.1866 5437440.5259  26.8505 0.0451580 1.941451 2
4595566.1072 5437440.7760  25.6031 0.0426859 1.431414 3
4595566.0378 5437440.1860  24.0413 0.0578961 1.091492 2
4595566.0758 5437441.2245  28.9156 0.0984633 1.230286 1
4595566.0451 5437440.9236  28.1849 0.0623408 1.052085 1
4595565.8178 5437441.2341  28.8949 0.0579761 1.153416 1
4595565.9765 5437440.3261  31.1766 0.0769300 1.015050 1
4595565.7762 5437440.9690  27.9849 0.0367360 1.077690 2
4595565.6955 5437440.4263  26.2053 0.0379467 1.024035 1
4595565.6521 5437440.5642  25.5113 0.0725546 1.159883 2
4595565.8175 5437441.1754  28.9132 0.1025469 1.239202 1
4595565.7521 5437440.5915  27.3530 0.0478752 1.008393 3
4595565.6948 5437440.3764  26.1826 0.0215122 0.839226 2
4595565.6362 5437440.5653  25.2300 0.0333288 1.145792 3
4595565.6353 5437440.1663  24.9797 0.0246957 0.689863 2
4595565.7158 5437441.1434  28.9724 0.0476007 1.156861 1
4595565.7818 5437440.5274  29.7964 0.0472389 1.165268 1
4595565.5359 5437440.9351  25.5388 0.0898167 2.329516 3
4595565.5920 5437440.3502  26.2081 0.0596492 1.056595 1
4595565.4619 5437440.7744  24.0768 0.0622634 1.001479 3
4595565.3416 5437440.7602  21.8562 0.0417482 1.138530 2
4595565.4617 5437440.0824  31.0253 0.0211835 0.948587 1
4595565.3903 5437440.3166  29.8502 0.0336556 0.945199 2
4595565.2863 5437440.6578  28.1491 0.0718788 1.740182 3
4595565.2990 5437440.2177  28.1087 0.0215847 0.712696 2
4595565.3407 5437440.1869  31.0408 0.0612822 0.975121 1
4595565.2732 5437440.4112  29.9199 0.0308280 1.019957 2
4595565.1775 5437440.7291  28.3433 0.0517642 1.217847 3
4595565.1811 5437440.3198  28.1472 0.0826417 1.031929 2
4595565.2452 5437440.0444  29.9869 0.0525790 1.010464 2
4595568.6237 5437438.6202   0.0544 0.0691172 1.161362 3
4595569.8982 5437439.3429  24.0321 0.0601314 1.237312 1
4595570.0864 5437438.8080  26.9301 0.1207819 1.038624 1
4595567.7622 5437439.1009   0.0278 0.5463056 1.092041 0
4595567.7899 5437438.6115   0.0375 0.7761777 1.050327 0
4595567.8169 5437438.1176   0.0249 0.3608020 1.060676 3
4595569.0774 5437439.9373  24.4512 0.0474228 1.035179 1
4595569.2229 5437439.0527  26.1733 0.0995963 1.101487 1
4595569.3117 5437438.4064  27.1354 0.0737581 1.025478 1
4595569.4436 5437438.1054  29.1942 0.0590538 1.565246 1
4595569.3897 5437437.6825  27.7856 0.0676944 1.142547 3
4595569.4202 5437437.2534  27.8861 0.1140753 1.048815 1
4595567.0864 5437439.6391   0.0156 0.7761445 1.075995 0
4595567.1153 5437439.1574   0.0389 0.5862024 1.083981 0
4595567.1427 5437438.6649   0.0209 0.5544587 1.059668 0
4595567.1985 5437437.6859   0.0201 0.6457018 1.050898 3
4595568.4129 5437439.7555  23.6099 0.0718324 1.245820 2
4595568.4438 5437439.3212  23.7174 0.0589495 0.914952 1
4595568.5306 5437438.6445  24.6062 0.0343625 0.975619 1
4595568.4973 5437438.3916  23.7639 0.1034844 1.055561 2
4595568.7819 5437438.5713  29.0100 0.0450995 1.030761 1
4595568.7422 5437438.2653  27.9944 0.0348954 1.002226 2
4595568.6798 5437437.7836  26.3893 0.0299330 1.098771 2
4595568.7814 5437437.9022  28.3187 0.1424242 1.536404 1
4595568.7915 5437437.3143  27.8947 0.0702146 0.905549 0
4595566.3467 5437439.9207   0.0181 0.5656990 1.073770 3
4595566.3829 5437439.4880   0.2316 0.5235722 1.031670 0
4595566.4627 5437439.3558   1.4935 0.2243892 1.279357 0
4595566.5628 5437439.3661   3.2562 0.3131995 1.102515 0
4595566.6461 5437439.2658   4.6111 0.0704822 1.201599 2
4595566.4613 5437437.9839   0.0446 0.3134310 1.095745 3
4595566.4894 5437437.4952   0.0391 0.6744920 1.085235 0
4595566.5534 5437437.2579   0.9266 0.0272999 0.943639 1
4595567.6778 5437439.9351  23.3448 0.0898028 1.155944 2
4595567.7412 5437439.7408  24.2648 0.0464089 1.460622 1
4595567.6723 5437439.2331  22.5568 0.0432325 1.261385 2
4595567.6980 5437438.7585  22.5405 0.0806462 1.191835 1
4595567.7637 5437438.5816  23.5196 0.1263607 1.287129 1
4595567.7320 5437438.3459  22.7311 0.0139659 0.767863 2
4595567.7821 5437438.0537  23.3196 0.0290303 0.890663 1
4595568.0037 5437439.0540  28.1892 0.0778227 1.067979 1
4595567.9172 5437438.4023  26.0355 0.0403045 1.241650 2
4595568.0652 5437438.8578  29.0768 0.1231748 1.152742 1
4595567.9094 5437437.6790  25.1783 0.0332421 1.029514 2
4595568.1138 5437438.5662  29.6476 0.0510178 0.992809 1
4595568.0201 5437437.8534  27.2932 0.1005604 0.994152 3
4595568.0690 5437437.5614  27.8576 0.0515068 1.305933 1
4595568.1592 5437437.5892  29.4673 0.0931024 1.061991 1
4595568.2135 5437437.3436  30.1713 0.0737635 1.215185 1
4595565.4893 5437439.2325   0.0848 0.4322222 1.081626 0
4595565.5172 5437438.7433   0.0665 0.3903939 1.079203 3
4595565.5474 5437438.2715   0.1121 0.2487122 1.103154 3
4595566.2142 5437439.4730  12.8256 0.0310761 1.204677 3
4595566.3819 5437439.3151  15.5539 0.1456816 1.206293 0
4595566.5251 5437438.9972  17.6948 0.0799659 1.095401 1
4595566.8622 5437439.4263  23.9391 0.0607126 1.166042 1
4595566.8127 5437439.0697  22.7254 0.0489359 1.277614 2
4595567.1229 5437439.3506  28.3506 0.0602645 1.046866 1
4595566.9658 5437438.2023  24.5006 0.0517367 1.463161 2
4595567.1338 5437438.7764  27.9701 0.1047813 2.080630 1
4595567.2134 5437438.7077  29.2751 0.0404241 1.222162 1
4595567.1150 5437437.9806  26.8608 0.0451579 1.050005 2
4595567.2800 5437438.5479  30.2682 0.0745296 1.617641 1
4595567.3769 5437437.9596  31.3671 0.0501690 1.006942 1
4595567.2955 5437437.3486  29.3622 0.0485072 1.348382 3
4595565.9602 5437439.1654  22.3519 0.0611563 1.052739 3
4595566.1925 5437439.4982  26.6249 0.0836312 1.289036 1
4595566.2554 5437439.2946  27.4835 0.0501626 0.978537 1
4595566.1944 5437438.8596  26.0084 0.0645550 1.224750 2
4595566.4343 5437439.9253  31.1221 0.1150608 1.115190 1
4595566.2673 5437438.0733  26.4551 0.0488839 0.972115 1
4595566.3076 5437437.7102  26.7788 0.0657540 1.197972 1
4595566.3367 5437437.2634  26.8298 0.0575089 0.982056 1
4595566.5775 5437437.7169  31.3618 0.0908242 1.260888 1
4595565.3536 5437439.7065  25.3862 0.0423546 1.174982 2
4595565.5322 5437439.6530  28.3257 0.0119954 0.649719 2
4595565.7306 5437439.1106  31.1021 0.0286381 0.992586 1
4595565.6641 5437438.6375  29.5155 0.1184056 1.265916 3
4595565.6814 5437438.1104  29.2842 0.0766435 1.296928 1
4595565.8995 5437437.7300  32.5557 0.1538170 1.089569 0
4595565.7406 5437437.9724   0.1272 0.0331501 1.091896 3
4595565.6760 5437438.3956   0.1117 0.0636501 1.001655 0
4595565.6105 5437438.8216   0.1352 0.0461058 1.009635 3
4595565.5472 5437439.2422   0.0823 0.0418499 1.022434 3
4595565.4824 5437439.6662   0.0814 0.1555477 1.064458 3
4595565.6846 5437438.1601  28.8055 0.0714440 1.292075 1
4595565.5653 5437438.6899  30.8342 0.0625230 1.171802 1
4595565.4822 5437439.1344  31.6406 0.0423250 1.120967 1
4595565.4487 5437439.4675  30.7327 0.0453867 1.122524 1
4595565.6157 5437439.0940  24.9442 0.1578582 1.360272 3
4595565.3561 5437439.9325  31.8672 0.0962499 1.210836 1
4595565.3913 5437439.8546  30.6412 0.0360705 1.106266 2
4595565.5481 5437439.5078  25.1875 0.0506596 1.566552 3
4595566.2495 5437437.3969  31.7319 0.1241453 1.008772 1
4595566.1991 5437437.7668  31.4280 0.0961471 1.462363 1
4595566.3386 5437437.4469  26.8055 0.0364285 1.155542 2
4595566.1649 5437438.1006  30.5737 0.1999845 1.158200 0
4595566.0566 5437438.8612  30.1934 0.1633959 1.727632 0
4595566.0568 5437439.1219  28.1617 0.0682554 1.079882 1
4595566.0779 5437439.0756  27.4491 0.0322404 1.029498 2
4595566.1149 5437438.9941  26.1954 0.0660344 1.603968 2
4595566.2854 5437438.6185  20.4182 0.0438802 1.465199 3
4595566.0376 5437439.4274  26.7766 0.0444650 1.130868 1
4595566.2931 5437438.8706  18.0762 0.1446536 2.185530 3
4595566.2328 5437439.2733  18.0287 0.0958019 1.427784 3
4595566.0864 5437439.8592  20.9255 0.0404462 1.063255 2
4595566.1246 5437439.7778  19.6152 0.0675511 1.064883 3
4595566.5638 5437439.4134   0.0889 0.2029010 1.075328 3
4595566.4997 5437439.8367   0.0474 0.0275112 0.913342 3
4595566.4694 5437437.9114  30.2476 0.0737325 1.135029 1
4595566.5742 5437437.6723  26.7721 0.0761065 1.119740 2
4595566.4702 5437438.1666  28.2191 0.0763022 1.037705 1
4595566.5107 5437438.0752  26.8685 0.0746616 1.804859 2
4595566.4343 5437438.5074  27.3941 0.0382260 0.969288 1
4595566.2768 5437439.1181  30.6824 0.0701940 1.140639 1
4595566.2979 5437439.0713  29.9683 0.0359223 1.056416 3
4595566.3415 5437439.2371  26.4590 0.0398966 1.073748 1
4595567.1209 5437437.5292   0.0481 0.1186323 1.099268 3
4595566.1566 5437439.9040  30.6805 0.1049343 1.053811 1
4595567.0560 5437437.9540   0.0350 0.0376574 1.010760 3
4595566.2910 5437439.8791  24.0173 0.0310772 0.907518 1
4595566.4148 5437439.6136  19.7864 0.0335096 1.052620 2
4595566.9169 5437437.5846  25.7297 0.1191680 1.123241 1
4595567.0165 5437437.3577  22.4435 0.0443444 1.167626 2
4595566.7355 5437438.2546  29.7268 0.0059109 0.568248 1
4595566.7690 5437438.1791  28.6155 0.0194329 0.777170 3
4595566.7017 5437438.5897  28.8476 0.0659597 1.488203 1
4595566.8270 5437438.3100  24.6644 0.0264845 0.920538 2
4595566.5769 5437439.1272  31.0294 0.0331130 1.048506 1
4595566.6402 5437438.9873  28.8992 0.0352821 1.296375 2
4595566.7083 5437438.8370  26.6105 0.0253887 0.977352 2
4595566.6555 5437439.2169  26.3542 0.0479527 1.135126 2
4595567.4358 5437437.5106   0.0387 0.0736217 1.009412 3
4595566.4477 5437439.9327  31.3394 0.0883487 1.100976 1
4595567.3699 5437437.9374   0.0637 0.0364648 1.074516 3
4595566.5681 5437439.9388  25.1893 0.0850349 2.099130 2
4595567.3041 5437438.3633   0.0888 0.0378292 1.015505 3
4595567.1104 5437439.6355   0.0490 0.0493881 1.023450 3
4595567.2972 5437437.7233  27.1956 0.1334940 1.116160 1
4595567.1082 5437438.4056  31.4000 0.1831055 1.232001 0
4595567.1113 5437438.6600  29.3275 0.0975014 1.154117 1
4595567.1483 5437438.5785  28.1089 0.0368038 1.121098 2
4595567.2334 5437438.3911  25.3073 0.0712560 1.179998 3
4595567.0111 5437439.1418  30.6585 0.0384951 1.195999 1
4595567.0860 5437438.9787  28.1777 0.1055586 1.114935 3
4595566.9213 5437439.5995  31.6571 0.1337315 1.140861 1
4595567.0198 5437439.3873  28.3813 0.0458861 0.972818 3
4595566.9878 5437439.7219  27.4341 0.0324647 1.057490 1
4595567.0141 5437439.6657  26.5535 0.0849419 1.117955 2
4595567.1078 5437439.4659  23.4235 0.0505458 1.067194 2
4595567.8066 5437437.9750   0.0568 0.0550815 1.090428 3
4595567.7411 5437438.4012   0.0770 0.0623569 1.077753 3
4595567.6766 5437438.8258   0.0588 0.0525822 1.112770 3
4595567.6119 5437439.2505   0.0528 0.0820074 1.086381 3
4595567.5469 5437439.6752   0.0608 0.2807769 1.063560 0
4595567.6587 5437437.6446  27.2994 0.1019670 1.092793 1
4595567.7230 5437437.5006  25.2203 0.0584324 1.114221 2
4595567.6432 5437437.9413  25.8414 0.0505160 1.584145 1
4595567.4733 5437438.5793  29.3972 0.0813353 1.111507 1
4595567.4963 5437438.5289  28.6469 0.0145634 0.830774 2
4595567.5341 5437438.4459  27.4128 0.0498623 1.195790 3
4595567.4187 5437438.9620  29.2140 0.1148430 1.079589 1
4595567.4822 5437438.8240  27.1290 0.0347478 1.146389 3
4595567.3979 5437439.2717  27.9186 0.1073926 1.031254 1
4595567.4390 5437439.1832  26.5601 0.0271953 1.194567 2
4595568.2442 5437437.4534   0.0073 0.0293135 0.931957 3
4595567.3207 5437439.7034  28.4727 0.1205090 1.533974 1
4595568.1794 5437437.8780   0.0101 0.1360059 1.044619 3
4595568.1129 5437438.3069   0.0686 0.0937771 1.063462 3
4595568.0472 5437438.7337   0.0963 0.0909642 1.269935 3
4595567.9836 5437439.1554   0.0497 0.3183771 1.067064 3
4595567.9190 5437439.5798   0.0392 0.0573511 1.111225 3
4595568.0102 5437437.2821  27.7601 0.0425579 1.279396 1
4595567.9628 5437437.6495  27.3481 0.0625761 1.082627 1
4595567.9366 5437437.9703  26.2473 0.1395855 1.416468 1
4595567.7845 5437438.5687  29.2202 0.0532633 1.096382 1
4595567.8774 5437438.3654  26.2003 0.0742412 1.039696 2
4595567.7176 5437438.9784  29.4391 0.1295679 1.068368 1
4595567.7576 5437438.8918  28.1328 0.0543106 1.227747 3
4595567.6546 5437439.3792  29.5297 0.1244288 1.033076 1
4595567.7059 5437439.2694  27.8463 0.0483046 0.988362 3
4595567.7508 5437439.4424  24.3666 0.0336544 1.015934 1
4595567.7831 5437439.3738  23.2982 0.0311068 0.967326 2
4595567.8126 5437439.3112  22.3237 0.0335507 1.138048 2
4595568.4871 5437437.8807   0.0534 0.1773998 1.075118 3
4595567.7000 5437439.8205  24.0362 0.1904105 1.432064 1
4595568.4233 5437438.3029   0.0333 0.2175804 1.034526 3
4595568.3581 5437438.7293   0.0420 0.3757021 1.112244 0
4595568.2931 5437439.1547   0.0382 0.2844658 1.112006 3
4595568.2276 5437439.5811   0.0585 0.1880466 1.096751 3
4595568.3358 5437437.5549  30.6153 0.0344600 1.025304 1
4595568.3676 5437437.4841  29.6063 0.0838373 1.174126 2
4595568.4258 5437437.3546  27.7617 0.0263437 1.083095 2
4595568.3488 5437437.7886  28.3036 0.0777855 1.617090 1
4595568.2776 5437438.2083  28.6702 0.0527404 1.061870 1
4595568.1930 5437438.6572  29.4550 0.1533123 1.067540 1
4595568.3678 5437438.2800  23.8432 0.0385169 1.169427 2
4595568.2142 5437439.1479  24.8685 0.1173708 1.128588 1
4595568.9807 5437437.5281   0.0350 0.1650784 1.040157 3
4595568.1993 5437439.4518  23.3716 0.0438501 1.262157 1
4595568.9158 5437437.9537   0.0552 0.3952151 1.069965 3
4595568.1398 5437439.8502  23.3344 0.0817113 1.019905 1
4595568.8523 5437438.3768   0.0246 0.5536408 1.071707 3
4595568.7207 5437439.2314   0.0812 0.1223247 1.062085 3
4595568.6557 5437439.6571   0.0906 0.5559751 1.117044 3
4595568.8729 5437437.3779  27.9871 0.0855154 1.336496 1
4595568.8627 5437437.6652  26.4362 0.0308113 0.946456 1
4595568.7199 5437438.2399  29.0354 0.0670589 0.999590 1
4595568.7410 5437438.7337  24.5560 0.0537576 1.096021 1
4595568.7654 5437438.6824  23.7856 0.0646899 1.073445 2
4595568.6416 5437439.2141  25.7689 0.0441242 1.010332 1
4595568.6782 5437439.1378  24.6056 0.0272008 0.992070 2
4595568.7325 5437439.0247  22.8795 0.0401968 1.067677 2
4595569.4495 5437437.5314   0.0194 0.2121234 1.099223 3
4595568.6465 5437439.4777  23.6632 0.0908766 1.008893 1
4595569.3852 5437437.9558   0.0277 0.3248045 1.061688 3
4595568.5982 5437439.8522  23.2772 0.0391177 1.030591 1
4595569.3212 5437438.3792   0.0303 0.5052914 1.057857 3
4595569.2559 5437438.8060   0.0433 0.2709682 1.071792 3
4595569.1913 5437439.2310   0.0293 0.1074560 1.033250 3
4595569.1264 5437439.6566   0.0388 0.4638004 1.070367 3
4595569.1536 5437437.6682  29.0287 0.0469764 1.676742 1
4595569.0845 5437438.0829  29.3266 0.0885067 1.133767 1
4595569.0230 5437438.4809  29.3853 0.0833946 0.987778 1
4595569.0455 5437438.7018  26.7926 0.0462428 1.038882 1
4595568.9432 5437439.4593  26.1807 0.0389297 1.012710 1
4595568.9979 5437439.3466  24.4486 0.0313044 1.019299 2
4595569.7683 5437437.7600  -0.0068 0.2805351 1.070366 3
4595569.7036 5437438.1848   0.0190 0.5139160 1.054543 0
4595569.6386 5437438.6113   0.0431 0.3673089 1.048949 3
4595569.5747 5437439.0344   0.0158 0.2067855 1.066425 3
4595569.5100 5437439.4597   0.0125 0.3570280 1.083493 3
4595569.4458 5437439.8843   0.0155 0.3808418 1.043699 3
4595569.5721 5437437.5417  27.8790 0.1160385 1.113587 1
4595569.4616 5437438.0455  29.4606 0.0369817 1.257178 1
4595569.3611 5437439.0666  26.9943 0.0475386 1.267926 1
4595569.4135 5437438.9583  25.3607 0.0346737 1.258652 2
4595569.3903 5437439.2815  24.1768 0.0983745 1.133578 1
4595569.4399 5437439.1801  22.6215 0.0209389 0.927738 2
4595570.1581 5437437.7106   0.0215 0.2938435 1.074341 3
4595569.2483 5437439.8464  26.7584 0.0238043 0.985408 1
4595570.0931 5437438.1368   0.0537 0.5382221 1.079546 3
4595570.0289 5437438.5615   0.0618 0.4790033 1.059860 3
4595569.9652 5437438.9852   0.0363 0.5017559 1.071889 3
4595569.9016 5437439.4086   0.0041 0.2654500 1.048858 3
4595569.8371 5437439.8339   0.0263 0.2155702 1.071516 3
4595569.8593 5437438.6904  27.5344 0.0581730 1.057943 1
4595569.8371 5437439.0100  26.3581 0.0222090 0.851117 1
4595569.8530 5437439.2541  23.9961 0.0773971 1.151601 1
4595570.3669 5437439.3959   0.1108 0.2652799 1.065597 3
4595570.3044 5437439.8171   0.0680 0.2197584 1.047259 3
4595570.1917 5437438.8293  26.5656 0.0382166 1.502589 1
4595569.9871 5437438.4098   0.0578 0.2582739 1.049017 3
4595569.9926 5437437.9480  -0.0074 0.0585480 1.223576 3
4595569.5422 5437439.1224   0.0295 0.3709831 1.048055 0
4595569.5519 5437438.6526   0.0411 0.1438046 1.025545 3
4595569.5628 5437438.1802   0.0471 0.4557936 1.069519 3
4595569.5700 5437437.7177  -0.0070 0.6710520 1.066685 3
4595569.5796 5437437.2487  -0.0273 0.3417808 1.067606 3
4595569.3241 5437439.1300   0.0569 0.0339228 0.935634 3
4595569.3342 5437438.6606   0.0688 0.5570649 1.087015 0
4595569.3469 5437438.1853   0.0942 0.3472730 1.053892 3
4595569.3535 5437437.7247   0.0268 0.5837708 1.039235 0
4595569.3653 5437437.2519   0.0289 0.4599490 1.030788 0
4595568.9936 5437439.8966   0.0520 0.4690985 1.077249 0
4595569.0057 5437439.4229   0.0566 0.3174716 1.086795 3
4595569.0162 5437438.9517   0.0728 0.2928671 1.103427 3
4595569.0345 5437438.0179   0.0371 0.4160806 1.070230 0
4595568.5659 5437439.5649   0.0148 0.6116560 1.067725 3
