    X-Koord.     Y-Koord. Z-Koord.      Int.   Pulsb. W
4595579.8341 5437402.6694  24.5193 0.0363014 1.021406 1
4595579.9056 5437402.8219  26.1670 0.0402716 1.112825 2
4595579.8838 5437402.5091  25.3702 0.0421118 1.182867 2
4595579.6300 5437403.0233  29.1949 0.1308609 1.313230 1
4595579.6930 5437402.2011  29.5762 0.0328557 1.246982 1
4595579.6780 5437401.9804  29.0115 0.0278008 0.915730 2
4595579.7581 5437402.2882  31.0292 0.0805676 1.094507 1
4595579.7199 5437401.7225  29.5855 0.0223761 0.755176 2
4595579.6877 5437401.2460  28.3681 0.0345274 1.140990 3
4595579.8131 5437402.2314  32.1065 0.2247159 1.655569 0
4595579.8325 5437401.6436  31.8345 0.1076798 1.172306 1
4595579.0658 5437401.8087  29.2898 0.0697674 1.173396 1
4595579.1020 5437401.4672  29.6488 0.2114449 1.084033 1
4595579.1888 5437401.8660  31.8903 0.1509596 1.315419 0
4595578.3383 5437401.8127  28.1785 0.0408158 1.211329 2
4595578.4115 5437401.9876  29.8626 0.2081283 1.035324 1
4595578.4413 5437401.5494  29.9803 0.0603357 0.895171 1
4595578.2972 5437401.8314  29.0805 0.1363830 1.186749 1
4595578.7213 5437401.4714  31.4686 0.1501818 1.062292 1
4595578.7486 5437401.5775  29.7034 0.1945076 1.149978 1
4595578.7024 5437401.9326  29.4331 0.1058849 1.097233 1
4595578.7473 5437401.7818  28.5143 0.0554741 1.208696 2
4595578.6745 5437402.2268  28.7823 0.0724230 1.043190 1
4595579.0359 5437401.4178  31.8920 0.0240243 0.949574 1
4595578.9770 5437401.8144  31.8917 0.2280696 1.044238 1
4595579.0838 5437401.4546  29.7175 0.0239538 1.124427 2
4595579.0925 5437401.6251  28.3322 0.0995581 1.075181 1
4595579.1816 5437401.3260  26.5107 0.0535561 1.338278 2
4595579.0067 5437402.1138  28.8688 0.0889294 1.078884 1
4595579.0433 5437401.9912  28.1188 0.0571169 1.002663 2
4595579.1052 5437401.7840  26.8515 0.0438476 1.122371 2
4595578.9609 5437402.4682  28.5875 0.1491053 1.213238 1
4595578.8908 5437402.9034  28.7876 0.1854893 1.120993 1
4595579.1522 5437401.6632  31.7196 0.0868974 1.060089 1
4595579.2013 5437401.6938  29.5015 0.0957139 1.015780 1
4595579.2626 5437401.4865  28.2442 0.0788957 1.136182 2
4595579.1885 5437401.9361  28.5402 0.2099500 1.560140 0
4595579.1281 5437402.3387  28.5593 0.1871644 1.319630 1
4595579.2503 5437401.9280  26.0377 0.0436709 1.157274 2
4595579.0620 5437402.7611  28.6830 0.1698314 1.132885 1
4595579.4686 5437401.5854  32.8456 0.2261959 1.235407 0
4595579.4183 5437401.9529  32.6744 0.0155570 0.882901 1
4595579.4775 5437401.7529  31.4664 0.0768691 1.207036 2
4595579.4626 5437402.0016  30.5683 0.0641036 1.000111 1
4595579.5358 5437401.7549  29.0679 0.0404171 1.162552 2
4595579.6742 5437401.2887  26.2291 0.1100540 1.431052 2
4595579.4846 5437402.1280  28.9032 0.1245399 1.258952 1
4595579.5518 5437401.9023  27.5213 0.0449084 1.253199 2
4595579.6331 5437401.6293  25.8492 0.0385180 1.164471 2
4595579.4117 5437402.5735  29.1824 0.0378818 1.177117 1
4595579.4648 5437402.3956  28.0907 0.0823754 1.060836 2
4595579.6755 5437401.6903  23.7444 0.0814107 1.532582 2
4595579.5077 5437402.4548  25.9767 0.0889913 0.976992 1
4595579.8309 5437401.8349  31.8026 0.1720266 1.899784 0
4595579.7983 5437402.1444  31.2737 0.0813101 1.155711 1
4595579.8679 5437401.9112  29.8549 0.0862899 1.296239 2
4595579.9124 5437401.7621  28.9475 0.0228545 0.972482 3
4595579.8142 5437402.2922  29.7493 0.0661266 1.137273 1
4595579.9598 5437402.0101  25.5547 0.1679655 1.749261 1
4595579.8606 5437402.5443  26.3696 0.0461189 1.018108 1
4595579.9519 5437402.2414  24.4924 0.0826729 1.141138 2
4595579.5870 5437403.6550  30.7617 0.0778324 1.428864 1
4595579.7808 5437403.0138  26.7749 0.0421189 1.250532 2
4595579.8560 5437403.2271  31.2486 0.0726911 1.029043 1
4595579.8058 5437403.5960  31.0602 0.1233619 1.061394 1
4595579.7377 5437401.8559   0.0416 0.0753802 1.076415 3
4595579.7441 5437401.3905   0.1213 0.0319186 0.991391 3
4595579.2374 5437401.4735   0.0383 0.0484474 1.064331 3
4595579.6086 5437403.4428  30.4662 0.0698974 1.271205 1
4595579.3539 5437402.9544  26.8411 0.0271251 0.900180 1
4595579.1824 5437403.1939  24.4280 0.0367664 1.056503 2
4595579.5639 5437402.2386  29.7551 0.0572588 1.112743 3
4595579.6747 5437401.6646  31.2629 0.0836384 1.303499 1
4595579.5679 5437401.8105  29.7717 0.0708614 1.148654 2
4595579.8722 5437400.9769  33.9795 0.0908051 1.061388 1
4595579.7217 5437401.1803  31.8771 0.0477233 1.182898 2
4595579.5553 5437401.4051  29.5551 0.0388100 1.328497 2
4595579.3042 5437402.6502  30.9658 0.0262534 0.944939 1
4595579.3471 5437402.1701  31.5273 0.1035475 1.085632 1
4595579.2896 5437402.2499  30.7211 0.1192149 1.189130 2
4595579.1707 5437402.4147  29.0560 0.0442405 1.428046 3
4595579.3701 5437401.7173  31.8057 0.1227428 1.178087 1
4595579.2947 5437401.8208  30.7487 0.0478986 1.877920 2
4595579.3801 5437401.2841  31.8997 0.0422445 0.948489 1
4595578.9450 5437401.9926  32.6547 0.1620018 1.111691 1
4595578.9410 5437401.5789  32.5520 0.2047839 1.455923 0
4595578.8330 5437401.3061  30.9952 0.0311521 0.999020 3
4595578.3933 5437401.6290  -0.0620 0.1860123 1.050737 3
4595578.3590 5437402.0612   0.0043 0.0605046 1.059284 3
4595578.6894 5437401.5761  -0.0422 0.4036522 1.048428 0
4595578.6551 5437402.0112   0.0173 0.0960495 1.064052 3
4595578.6206 5437402.4493   0.0687 0.0783513 1.002639 3
4595579.0706 5437401.5284  -0.0156 0.1907241 1.036783 3
4595579.0356 5437401.9825  -0.0089 0.1007943 1.001305 3
4595579.0001 5437402.4503  -0.0411 0.0461731 1.182573 3
4595578.9658 5437402.8808   0.0164 0.1115361 1.039919 3
4595578.6110 5437401.3457  29.7722 0.0346214 1.025275 2
4595578.5988 5437401.6981  28.8412 0.0948751 1.237371 3
4595579.3162 5437401.4292  -0.0436 0.1200322 0.996093 3
4595579.2811 5437401.8824  -0.0325 0.1186204 1.053815 3
4595579.2108 5437402.7874  -0.0166 0.0982763 0.978113 3
4595579.1757 5437403.2392  -0.0170 0.1032915 1.038616 3
4595578.8085 5437401.4824  31.4189 0.2199184 1.079300 0
4595579.4994 5437401.7841  -0.0082 0.0997281 1.043911 3
4595579.4642 5437402.2402  -0.0051 0.0388785 1.010813 3
4595579.4288 5437402.7026  -0.0251 0.0395687 1.138892 3
4595579.3938 5437403.1520  -0.0134 0.0383099 1.124232 3
4595579.0271 5437401.4606  31.2690 0.0555099 1.214947 3
4595579.8763 5437401.3907   0.0687 0.1953270 1.052928 3
4595579.8416 5437401.8338   0.1095 0.0500794 1.289767 3
4595579.7005 5437403.6657   0.0697 0.1221874 1.018822 3
4595579.4314 5437401.5716  26.6468 0.0551014 0.987564 2
4595579.4217 5437401.8583  25.8818 0.0300525 1.051155 3
4595579.3866 5437401.2555  30.9123 0.0229260 0.857101 3
4595579.3325 5437401.7647  31.8309 0.2056791 1.197503 1
4595579.2959 5437402.8278  29.0285 0.0810026 2.000278 3
4595579.2633 5437403.2378  29.0703 0.0796978 1.023355 1
4595579.6787 5437401.7750  29.6299 0.0684655 1.079674 2
4595579.6574 5437402.4095  27.9550 0.0272708 1.149635 3
4595579.6759 5437401.3073  31.9927 0.0195048 1.003661 2
4595579.6598 5437401.7831  30.7421 0.0276432 1.107079 3
4595579.6440 5437401.7026  32.0788 0.1417098 1.507411 1
4595579.6322 5437402.0521  31.1620 0.0153888 0.874826 3
4595579.6203 5437401.8578  32.7953 0.1145829 1.351813 1
4595579.9402 5437401.4036  29.5454 0.0072678 0.631621 2
4595579.9338 5437401.5963  29.0350 0.0537392 1.454047 3
4595579.8965 5437402.1525  28.7037 0.1259721 1.141332 2
4595579.8435 5437403.7290  24.4941 0.0237634 0.920626 3
4595579.9039 5437401.3784  31.8779 0.1778659 1.100334 1
4595579.8655 5437402.5176  28.8798 0.0228570 0.987374 3
4595579.8773 5437401.6189  32.3716 0.2096419 1.382886 1
4595579.8370 5437402.8095  29.2365 0.0280084 1.277498 3
4595579.8494 5437401.8997  32.7592 0.1406250 1.183222 1
4595584.9124 5437400.3155  -0.1225 0.0735584 1.071164 3
4595584.4807 5437401.9848  -0.0624 0.1227321 1.018382 3
4595584.5123 5437401.4830  -0.0129 0.5261315 1.071498 0
4595584.3798 5437402.1792  -0.0414 0.0726487 1.031444 3
4595584.4010 5437402.0401  -0.0381 0.0453878 0.897410 3
4595584.4319 5437401.5339  -0.0034 0.4724351 1.050589 0
4595584.5280 5437400.8245   0.8326 0.0686643 1.429857 3
4595584.3663 5437402.0691  -0.0607 0.0781696 1.173227 3
4595584.3984 5437401.5755   0.0068 0.3309658 1.047064 3
4595584.4281 5437401.0612  -0.0020 0.1648955 1.133553 3
4595584.2171 5437402.5191  -0.1290 0.1211135 1.070535 3
4595584.2492 5437402.0304  -0.0568 0.2588977 1.062701 3
4595584.2799 5437401.5271  -0.0177 0.6560093 1.038641 0
4595584.3208 5437401.1181   0.2464 0.2439203 1.570920 0
4595584.1649 5437402.3052  -0.0634 0.4356459 1.035090 3
4595584.1976 5437401.8219   0.0234 0.3867981 1.074088 3
4595584.2486 5437401.5090   0.5602 0.1145073 2.403953 3
4595584.2898 5437401.1043   0.8367 0.0443363 1.086067 2
4595584.2555 5437400.7847  -0.0249 0.1490619 1.086371 3
4595584.1821 5437402.0597  -0.0649 0.1792621 1.065833 3
4595584.2139 5437401.5708   0.0086 0.5725011 1.032216 0
4595584.2474 5437401.0981   0.1019 0.5215734 1.351895 0
4595584.0088 5437403.3354   0.6774 0.0163319 0.568137 2
4595583.9789 5437403.0515  -0.0659 0.0625209 1.501350 3
4595584.0069 5437402.5298  -0.0638 0.7288162 1.050308 0
4595584.0368 5437402.0240  -0.0375 0.7031128 1.070092 0
4595584.0707 5437401.5572   0.0903 0.4676732 1.238443 0
4595584.1202 5437401.2439   0.6089 0.1437185 1.197174 1
4595584.0958 5437401.0071  -0.0337 0.1347815 1.013911 3
4595584.1409 5437400.6480   0.3647 0.2200912 1.665521 0
4595583.8304 5437403.3373  -0.1084 0.0525313 1.507342 3
4595583.8598 5437402.8279  -0.0856 0.1240662 1.021037 3
4595583.8898 5437402.3246  -0.0487 0.7850302 1.053298 0
4595583.9186 5437401.8085  -0.0566 0.7667891 1.045030 0
4595583.9812 5437401.6251   0.8240 0.1848744 1.105952 1
4595583.9509 5437401.3267   0.0180 0.0877206 1.062557 3
4595584.0084 5437401.0942   0.7532 0.1795215 1.381347 0
4595584.0127 5437400.3349   0.0696 0.0460911 1.015931 3
4595585.1329 5437400.6733  19.4509 0.2363544 1.057972 1
4595583.9441 5437402.6292  -0.0949 0.4488152 1.039977 0
4595583.9752 5437402.1384  -0.0280 0.5967465 1.077704 0
4595584.0066 5437401.6507   0.0432 0.5078423 1.192705 0
4595584.0458 5437401.2417   0.3090 0.2434867 1.956736 0
4595584.0807 5437400.7890   0.4490 0.1922691 1.631637 0
4595585.3432 5437401.3647  22.9300 0.1700947 1.044005 1
4595583.8084 5437403.2759  -0.0106 0.0447805 1.177865 3
4595583.8967 5437403.3746   1.6163 0.1574922 1.089116 1
4595583.8367 5437402.7589  -0.0092 0.1499676 1.051890 3
4595583.8656 5437402.2477   0.0029 0.6619973 1.088688 0
4595583.8939 5437401.7317  -0.0074 0.6729584 1.053723 0
4595583.9531 5437401.5335   0.8368 0.2619959 1.272299 0
4595583.9815 5437401.0161   0.7963 0.1752944 1.114075 1
4595583.9553 5437400.7430   0.0519 0.0406497 1.079880 3
4595585.0635 5437400.5862  19.4843 0.2001205 1.053329 1
4595585.2376 5437400.9407  22.8957 0.0324633 0.965584 1
4595583.6874 5437403.3775   1.4448 0.0918194 1.032878 1
4595583.6363 5437402.8454   0.0214 0.3575857 1.071031 3
4595583.6640 5437402.3229  -0.0090 0.8028488 1.051111 0
4595583.7194 5437402.0893   0.7383 0.0772024 1.464824 1
4595583.6932 5437401.8134  -0.0026 0.4113058 1.154199 3
4595583.7550 5437401.6500   0.9305 0.2058836 1.261719 0
4595583.7866 5437401.1689   0.9862 0.1508832 1.176921 1
4595583.7513 5437400.7943  -0.0417 0.1105032 1.184384 3
4595583.8237 5437400.7439   1.1921 0.1615037 1.202070 1
4595583.7814 5437400.2927  -0.0271 0.1824871 1.112999 3
4595584.9074 5437402.1205  21.8309 0.0747619 1.178835 1
4595584.8308 5437401.2480  19.6411 0.0899037 1.334461 2
4595584.9345 5437401.6197  21.8439 0.1937973 1.294134 1
4595584.8563 5437400.7246  19.5912 0.0590562 1.026327 2
4595584.8878 5437400.2706  19.7290 0.1063600 0.999254 1
4595585.0299 5437401.0971  23.0518 0.0402455 1.095129 1
4595583.5948 5437403.1635  -0.0563 0.0444356 1.179363 3
4595583.6244 5437402.6632  -0.0289 0.6133445 1.050597 0
4595583.6538 5437402.1572  -0.0128 0.7186518 1.066198 0
4595583.7142 5437401.9878   0.9052 0.1601731 1.074761 1
4595583.6844 5437401.6655   0.0397 0.1015934 1.316970 3
4595583.7478 5437401.5297   1.0470 0.2377907 1.053480 1
4595583.7148 5437401.1701   0.0601 0.0708929 1.237741 3
4595583.7796 5437401.0513   1.1044 0.1141147 1.099406 1
4595583.7395 5437400.6138  -0.0961 0.1845447 1.072829 3
4595584.8535 5437402.5347  22.0258 0.1671599 1.120198 1
4595584.8745 5437401.9662  21.8652 0.0524657 1.014825 1
4595584.8546 5437401.7325  21.2809 0.0861433 1.048474 2
4595584.8241 5437400.5535  19.5737 0.1831478 1.030862 1
4595584.9611 5437401.3531  22.8514 0.0505680 0.952259 1
4595585.0063 5437401.0709  23.4021 0.2125203 1.073759 1
4595583.6153 5437403.3353   1.4684 0.0561504 1.007662 1
4595583.5674 5437402.8099   0.0554 0.3327633 1.029104 3
4595583.5954 5437402.2912   0.0334 0.7801428 1.052193 0
4595583.6278 5437401.8226   0.1438 0.3998744 1.402801 0
4595583.6836 5437401.6129   0.9554 0.2140360 1.207772 0
4595583.7144 5437401.1256   0.9921 0.1407567 1.080496 1
4595583.6815 5437400.7571  -0.0217 0.0812032 1.241356 3
4595583.7490 5437400.6819   1.1431 0.1083012 1.340182 1
4595584.7929 5437402.0753  21.8582 0.1035830 1.120342 1
4595584.7220 5437401.2213  19.7050 0.0755507 1.130455 2
4595584.8174 5437401.5479  21.7998 0.1452507 1.558799 1
4595584.7440 5437400.6589  19.5466 0.0587844 1.284279 2
4595584.9139 5437401.0693  23.1138 0.0664153 1.093133 1
4595583.3816 5437403.3228   1.3604 0.1252072 1.296284 1
4595583.3676 5437402.3371   0.0656 0.7215638 1.049593 0
4595583.3974 5437401.8401   0.1022 0.4710695 1.314786 0
4595583.4512 5437401.6150   0.8721 0.2308091 1.460867 1
4595583.4212 5437401.2759  -0.0606 0.0494622 0.876949 3
4595583.4964 5437401.2926   1.3647 0.1691974 1.557602 0
4595583.5316 5437400.8581   1.5319 0.0423269 1.075948 1
4595583.4811 5437400.2794  -0.0521 0.3938715 1.046744 3
4595584.4836 5437402.9285  21.3667 0.1643067 1.108467 1
4595584.5230 5437402.5837  21.7945 0.2313206 1.842083 0
4595584.5494 5437402.0800  21.7943 0.1461536 1.178350 1
4595584.4715 5437401.1261  19.3671 0.1282110 1.091366 3
4595584.5646 5437401.4374  21.4355 0.1366726 1.144178 1
4595584.5084 5437400.7466  19.6603 0.0675719 1.048049 2
4595584.5396 5437400.2958  19.7969 0.1719618 1.053764 1
4595583.2343 5437403.1526   1.4454 0.0705132 1.173923 2
4595583.1875 5437402.6199  -0.0045 0.1289635 1.273177 3
4595583.2162 5437402.1120   0.0011 0.7460740 1.077942 0
4595583.2784 5437401.9891   1.0507 0.1868620 1.656545 0
4595583.3118 5437401.5358   1.2025 0.1325135 1.360980 1
4595583.2733 5437401.0902  -0.0259 0.0947022 1.112125 3
4595583.3509 5437401.1496   1.5126 0.1136954 0.956952 1
4595583.3278 5437400.8809   0.7723 0.0626039 1.068399 2
4595583.3007 5437400.5657  -0.0948 0.1647675 1.013178 3
4595584.3539 5437402.3482  21.7268 0.1386163 1.134606 1
4595584.2778 5437401.4017  19.3215 0.0586861 1.230222 2
4595584.3798 5437401.8388  21.6971 0.1966986 1.192136 0
4595584.3463 5437400.5822  19.7379 0.0874715 1.176557 1
4595583.1284 5437403.3367   1.2335 0.0862881 1.925376 1
4595583.0912 5437402.9038   0.0532 0.4029903 1.224885 3
4595583.1183 5437402.3770   0.0087 0.7318700 1.053966 0
4595583.1583 5437402.0019   0.3750 0.2938318 2.041017 0
4595583.2070 5437401.7300   1.0197 0.1892670 1.672830 0
4595583.2406 5437401.2808   1.1702 0.1256804 1.237226 1
4595583.2027 5437400.8300  -0.0703 0.1640582 1.101735 3
4595583.2310 5437400.3156  -0.1054 0.6656159 1.056273 0
4595584.2159 5437403.1504  21.8299 0.1253379 1.203880 1
4595584.2373 5437402.5852  21.6967 0.1144176 1.121164 1
4595584.2577 5437402.0048  21.4905 0.1415678 1.278542 1
4595584.2339 5437400.8535  19.7989 0.1287726 1.050514 1
4595584.2733 5437400.5152  20.1877 0.1633590 1.209370 1
4595582.7736 5437403.9702   0.0050 0.0858807 1.102321 3
4595582.8870 5437403.6201   1.8693 0.0834392 1.222967 1
4595582.8592 5437403.2913   0.9809 0.0244102 0.916884 2
4595582.8327 5437402.9783   0.1276 0.2350384 1.079208 3
4595582.8605 5437402.4622   0.1144 0.6097605 1.055920 0
4595582.8890 5437401.9556   0.1196 0.4553429 1.162519 0
4595582.9350 5437401.6546   0.6886 0.2804290 1.225347 0
4595582.9441 5437400.9119   0.0405 0.6835296 1.063339 0
4595582.9713 5437400.3863  -0.0224 0.7371773 1.035016 0
4595583.9675 5437402.6638  21.8333 0.1678188 1.094367 1
4595583.9822 5437402.0099  21.4354 0.1109537 1.152036 1
4595584.0111 5437401.5406  21.4989 0.1914211 1.648817 0
4595583.9991 5437400.5339  20.1397 0.1758502 1.399799 1
4595582.4982 5437403.8952  -0.0135 0.3388369 1.042658 3
4595582.5559 5437403.7375   0.9713 0.0349502 0.803050 1
4595582.5282 5437403.4075   0.0944 0.4459157 1.056797 3
4595582.5567 5437402.9022   0.1114 0.5692141 1.072663 0
4595582.5829 5437402.3681   0.0479 0.6321889 1.063123 0
4595582.6112 5437401.8589   0.0467 0.6763449 1.075600 0
4595582.6390 5437401.3414   0.0242 0.7404576 1.071589 0
4595582.6658 5437400.8128  -0.0301 0.6549445 1.058658 0
4595583.6786 5437402.5576  21.7840 0.0944351 1.205584 1
4595583.6598 5437402.3103  21.1492 0.0836846 1.007010 2
4595583.6853 5437401.7970  21.0939 0.0855381 1.833550 1
4595583.6514 5437401.3511  19.9377 0.0499429 1.119104 2
4595583.6833 5437400.9216  20.0682 0.1274012 1.194844 1
4595583.7162 5437400.5015  20.2304 0.1031097 1.053665 1
4595582.3939 5437403.7755   0.0088 0.4872111 1.065535 0
4595582.4237 5437403.2827   0.0908 0.5829577 1.050948 0
4595582.4496 5437402.7466   0.0233 0.4689569 1.045801 3
4595582.4764 5437402.2173  -0.0283 0.6903165 1.072960 0
4595582.5059 5437401.7192   0.0037 0.6994909 1.046886 0
4595582.5334 5437401.1994  -0.0251 0.5251762 1.041515 0
4595582.5618 5437400.6881  -0.0264 0.6878826 1.036410 0
4595583.5383 5437402.1611  21.0972 0.1047644 1.066578 1
4595583.7587 5437402.5810  25.9269 0.0857570 1.172311 1
4595583.5956 5437400.3519  20.1625 0.1015967 1.096374 3
4595583.7913 5437402.1717  26.1293 0.1223715 1.205383 1
4595583.9406 5437401.6636  28.5403 0.0440946 1.099043 1
4595582.1730 5437403.8509  -0.0010 0.6011874 1.050234 0
4595582.2019 5437403.3523   0.0602 0.7392991 1.028267 0
4595582.2288 5437402.8255   0.0259 0.5775044 1.047166 3
4595582.2558 5437402.3009  -0.0089 0.5769573 1.047792 0
4595582.2846 5437401.7973   0.0075 0.8076012 1.061948 0
4595582.3404 5437400.7678  -0.0114 0.5950573 1.051667 0
4595582.3947 5437400.5899   0.8879 0.1559479 1.032975 1
4595583.3209 5437401.5966  20.7433 0.0610903 1.513119 1
4595583.3638 5437401.3215  21.2910 0.0746974 0.897397 1
4595583.3400 5437400.9915  20.4187 0.1092876 1.211014 2
4595583.5183 5437402.6004  25.8517 0.2089559 1.013185 1
4595583.3656 5437400.4774  20.3292 0.0319007 1.094676 3
4595583.6124 5437403.0532  28.2358 0.1513488 1.146590 1
4595583.5468 5437402.1365  25.9081 0.0557881 0.991937 2
4595583.6526 5437402.7577  28.7167 0.0590502 1.034133 1
4595583.5750 5437401.6673  25.9528 0.0953144 1.122996 2
4595583.7021 5437401.7353  28.5864 0.0845741 1.099592 1
4595581.8034 5437404.0030   0.0147 0.7068091 1.034035 0
4595581.8316 5437403.4963   0.0455 0.5862362 1.050023 0
4595581.8587 5437402.9762   0.0302 0.4650958 1.068331 0
4595581.8869 5437402.4686   0.0489 0.8177717 1.044733 0
4595581.9169 5437401.9829   0.1149 0.7808858 1.064026 0
4595581.9455 5437401.4799   0.1345 0.7647056 1.060904 0
4595581.9715 5437400.9420   0.0652 0.6001055 1.029583 0
4595582.8988 5437402.8387  21.0602 0.0778904 1.233630 1
4595582.9412 5437401.6973  20.6464 0.0962920 1.462229 2
4595582.9956 5437401.5857  21.6290 0.0226571 0.823158 1
4595583.1233 5437402.5011  25.2522 0.1443663 1.073660 1
4595582.9915 5437400.6588  20.4755 0.0400442 0.961474 2
4595583.2300 5437403.1381  28.1321 0.1127486 1.129988 1
4595583.1708 5437402.3061  25.9996 0.0958381 1.467360 2
4595583.2657 5437402.7817  28.4626 0.1625072 1.530252 0
4595583.3141 5437402.6061  29.2507 0.1815296 1.568974 1
4595583.3356 5437402.0522  29.0703 0.0717639 1.112025 1
4595583.3500 5437401.3927  28.6185 0.2108514 2.059525 1
4595583.4140 5437401.4453  29.9834 0.1273074 1.042072 1
4595583.4621 5437401.2745  30.7598 0.1466600 1.101819 1
4595581.5665 5437404.0286   0.0261 0.4706583 1.052951 3
4595581.5944 5437403.5188   0.0319 0.7456414 1.050485 0
4595581.6229 5437403.0126   0.0588 0.1540765 1.113741 3
4595581.6510 5437402.5037   0.0760 0.4288375 1.058476 0
4595581.6833 5437402.0474   0.2225 0.5618016 1.064400 0
4595581.7089 5437401.5047   0.1342 0.7221334 1.059037 0
4595581.7352 5437400.9685   0.0699 0.5407880 1.058350 0
4595582.6464 5437402.7634  20.8065 0.0820389 1.190268 1
4595582.6728 5437402.2638  20.7850 0.0443007 1.343566 1
4595582.6284 5437401.6421  19.1649 0.0352654 1.122637 2
4595582.7006 5437401.7829  20.8088 0.2039241 1.737443 1
4595582.7472 5437401.5655  21.5157 0.0660928 1.057842 1
4595582.7292 5437401.3124  20.8582 0.0986604 1.107243 2
4595582.7036 5437400.9492  19.9150 0.0507299 1.071429 2
4595582.9469 5437403.5274  27.8297 0.1834080 1.154963 0
4595582.9776 5437403.1014  27.9833 0.0887716 1.691867 1
4595582.9117 5437402.1597  25.5682 0.0950246 1.692270 2
4595582.9433 5437401.7427  25.7436 0.0575301 0.985954 1
4595583.0593 5437402.5407  29.0281 0.1563290 1.896401 1
4595582.9709 5437401.2642  25.7585 0.0365898 1.217725 3
4595583.0667 5437401.7775  28.3151 0.0394477 1.015504 1
4595583.1522 5437402.1516  30.4951 0.0563497 1.201020 1
4595583.1273 5437401.7877  29.5710 0.0781786 1.127611 2
4595583.1038 5437401.4445  28.6971 0.0535417 1.057235 3
4595583.1695 5437401.5317  30.1469 0.1528254 1.951144 1
4595583.2094 5437401.2436  30.6252 0.1818905 1.078561 1
4595581.3362 5437403.3410   0.0361 0.2706709 1.080786 3
4595581.3635 5437402.8222   0.0289 0.0509315 1.179879 3
4595581.3956 5437402.3654   0.1841 0.1376584 0.989871 3
4595581.4465 5437402.1550   0.9986 0.0648027 1.100791 3
4595581.5084 5437402.0914   2.2072 0.0338922 0.975798 1
4595581.4507 5437401.3315   0.1493 0.4714389 1.064072 3
4595581.4758 5437400.7822   0.0516 0.5188893 1.047526 0
4595582.3470 5437403.0280  20.6729 0.0958566 1.454345 1
4595582.3789 5437402.6063  20.8605 0.1676469 1.132158 1
4595582.4229 5437401.4811  20.4865 0.0657923 1.128002 1
4595582.4475 5437400.9545  20.3995 0.0739480 1.678416 2
4595582.6092 5437402.4076  25.4143 0.1963153 1.078499 1
4595582.5207 5437401.1280  22.1138 0.0234644 0.929691 3
4595582.6984 5437402.8281  27.7390 0.0569029 1.363876 1
4595582.6282 5437401.8085  25.1213 0.1312678 1.083346 2
4595582.5417 5437400.5521  21.8932 0.0715279 1.935959 3
4595582.7155 5437402.2049  27.3861 0.1352969 1.083209 1
4595582.6725 5437401.5769  25.7754 0.0605566 1.439654 2
4595582.8067 5437402.6647  29.7996 0.1243763 1.136136 0
4595582.8346 5437402.2029  29.8536 0.1904054 1.093937 1
4595582.8132 5437401.8867  29.0480 0.0365412 1.233762 3
4595582.8804 5437402.0064  30.5777 0.1760355 1.037459 1
4595582.8569 5437401.6579  29.6925 0.0561171 1.758005 3
4595582.9135 5437401.6211  30.8251 0.0376981 1.066847 1
4595582.8956 5437401.3534  30.1432 0.1167310 1.293643 2
4595580.9091 5437402.9703   0.0427 0.2212374 1.044634 3
4595580.9403 5437402.5050   0.1843 0.1519901 1.047483 3
4595581.0231 5437400.9609   0.1487 0.2762661 1.266770 0
4595581.1715 5437402.0513   4.4641 0.1562030 1.218632 3
4595581.2395 5437402.0820   5.9103 0.1133946 1.143571 3
4595581.3018 5437402.0429   7.1593 0.2690618 1.103935 0
4595581.3603 5437401.9566   8.2750 0.2993614 1.118814 1
4595581.4189 5437401.8769   9.4026 0.0394829 1.117092 1
4595581.9650 5437402.4743  21.4370 0.0597324 1.043051 1
4595581.9484 5437402.2385  20.8229 0.0746588 1.068038 2
4595581.8941 5437401.4678  18.8159 0.0539778 1.283030 3
4595582.1483 5437404.2150  27.1492 0.1158085 1.015033 1
4595581.9877 5437401.9252  21.2847 0.0462881 1.675201 3
4595582.1717 5437403.6867  27.0801 0.0266134 0.949689 2
4595582.1422 5437403.2645  26.0081 0.0775645 1.284181 3
4595582.0208 5437400.6459  20.5241 0.0327717 0.951801 3
4595582.2658 5437403.3131  28.6358 0.0867625 1.290851 2
4595582.1848 5437402.1390  25.6290 0.0309807 0.967143 3
4595582.3069 5437403.0429  29.1888 0.1316936 1.178931 1
4595582.2859 5437402.7367  28.4085 0.1225801 2.560939 3
4595582.3521 5437402.8350  29.8970 0.1161438 1.089774 1
4595582.2938 5437401.9805  27.7153 0.0762680 1.513056 3
4595582.3731 5437402.2727  29.6990 0.0407592 1.223650 1
4595582.4364 5437402.3353  31.0872 0.2071023 1.165009 0
4595582.4419 5437401.5416  30.2932 0.0673830 1.150041 1
4595582.4175 5437401.1777  29.3724 0.1232653 1.147789 3
4595582.4785 5437401.2111  30.6801 0.1535192 1.724599 0
4595582.5190 5437400.9392  31.2126 0.2229527 1.452366 0
4595581.1274 5437401.9056  12.3914 0.0397344 0.942415 3
4595581.1865 5437401.8454  13.5490 0.2715633 1.136148 0
4595581.4293 5437402.6117  19.4565 0.1380228 1.007826 1
4595581.4422 5437401.9200  18.9403 0.0960907 1.062290 1
4595581.4163 5437401.5543  17.9872 0.1063927 1.280641 2
4595581.7737 5437404.0371  28.1937 0.0757359 1.595992 1
4595581.7450 5437403.6253  27.1459 0.0770644 1.488527 3
4595581.7868 5437403.3611  27.7241 0.1002034 1.159550 1
4595581.7693 5437403.1078  27.0774 0.0238284 0.934781 3
4595581.8690 5437403.6858  29.7919 0.0639770 1.185222 1
4595581.7431 5437401.8556  25.1212 0.0912257 1.839236 2
4595581.8984 5437403.2468  29.9194 0.2027895 1.116984 0
4595581.8111 5437401.0947  25.6735 0.0293241 1.013502 2
4595581.9989 5437402.9849  31.7190 0.0395520 1.470766 1
4595581.9531 5437402.3083  30.0056 0.0926352 1.401377 2
4595582.0302 5437402.5771  31.9141 0.1364766 1.087227 1
4595582.0496 5437401.9930  31.6536 0.1081845 1.385259 0
4595582.0833 5437401.6220  31.9318 0.0402793 0.980744 1
4595582.0577 5437401.2373  30.9622 0.1076722 1.240014 3
4595580.1111 5437403.0659   0.0775 0.0505487 1.068324 3
4595580.9270 5437401.8418  15.7004 0.0417390 1.122383 3
4595581.0525 5437401.8588  18.3358 0.2800729 1.116773 0
4595581.1583 5437402.4889  21.2614 0.0389052 0.896635 1
4595581.1111 5437401.8158  19.5083 0.2052922 1.106032 3
4595581.2426 5437402.8228  23.3882 0.0388816 1.327672 3
4595581.3692 5437403.7759  27.0891 0.0673898 1.081205 2
4595581.3387 5437403.3360  25.9612 0.0678719 1.200281 3
4595581.4171 5437403.6019  27.8932 0.1179183 1.206858 1
4595581.3587 5437402.7537  25.7324 0.0345095 1.687753 3
4595581.5242 5437403.4258  29.9300 0.1936394 1.158365 0
4595581.4376 5437401.2756  25.6983 0.0730686 1.045284 1
4595581.5253 5437401.6922  28.0003 0.0917364 1.096529 3
4595581.6560 5437402.7605  31.9435 0.1152816 1.133405 1
4595581.6304 5437402.3787  30.9799 0.0498323 1.337582 2
4595581.5575 5437401.2903  28.2151 0.0715501 1.390745 3
4595581.6888 5437402.3762  32.1964 0.1879003 1.268518 0
4595581.6982 5437401.6404  31.5526 0.1469526 1.699268 1
4595581.6753 5437401.2948  30.6812 0.0548450 1.184440 3
4595581.7471 5437401.4982  32.4097 0.1249684 1.074227 1
4595581.7285 5437401.2171  31.7039 0.1122692 1.100654 3
4595581.7918 5437401.2971  33.1169 0.0862573 0.985730 1
4595581.7459 5437400.5963  31.3627 0.1006557 1.570713 3
4595580.9136 5437403.8503  27.5437 0.0927975 1.314732 3
4595580.9860 5437403.1656  28.3006 0.1352979 1.768330 1
4595580.8324 5437400.9254  22.5689 0.0419220 1.098027 2
4595581.0419 5437403.1123  29.4068 0.0434159 0.919319 1
4595581.0201 5437402.7928  28.6011 0.0965758 1.343067 2
4595580.9594 5437401.9034  26.3320 0.0344935 1.156228 2
4595581.0852 5437402.8783  30.0524 0.1237795 1.134477 0
4595581.1305 5437402.6761  30.7750 0.2837904 1.570523 0
4595581.1415 5437401.9649  30.1989 0.0637487 1.188384 3
4595581.2203 5437402.2669  32.1870 0.2682057 1.196010 0
4595581.2611 5437402.0035  32.7364 0.0265819 1.060528 1
4595581.2429 5437401.7302  32.0460 0.0821833 1.527170 2
4595581.1861 5437400.8734  29.8879 0.0785921 2.044529 3
4595581.2602 5437401.1103  31.7015 0.0455108 1.026611 1
4595581.2490 5437400.9419  31.2790 0.0967550 1.963719 3
4595580.3471 5437402.7054  26.1220 0.0485497 0.989079 1
4595580.2730 5437401.6413  23.3801 0.0838464 1.229813 2
4595580.4708 5437403.6202  29.6767 0.1452864 1.512150 3
4595580.4913 5437403.0517  29.4841 0.0420932 1.185022 3
4595580.5843 5437403.5407  31.9427 0.0589705 0.999124 1
4595580.5309 5437402.7611  29.9901 0.0378138 1.575568 3
4595580.5831 5437402.6553  30.9549 0.1009041 1.110854 1
4595580.5557 5437402.2537  29.9382 0.0906540 1.376711 3
4595580.6128 5437402.2214  31.0821 0.0708797 1.188679 1
4595580.6412 5437401.7692  31.1541 0.1241286 1.066143 0
4595580.6768 5437401.4226  31.4948 0.1142006 1.724370 2
4595580.7565 5437401.7396  33.5078 0.1701388 1.178939 0
4595580.7988 5437401.5004  34.1091 0.0217235 0.754415 1
4595580.7615 5437400.9384  32.7012 0.0219357 0.797831 2
4595580.7492 5437400.7529  32.2362 0.0287745 1.324076 2
4595580.1321 5437403.4934  31.5888 0.0586307 1.194214 2
4595580.0786 5437402.7118  29.6213 0.0202857 0.778374 2
4595580.0549 5437402.3668  28.7460 0.0655055 1.150103 3
4595580.1085 5437402.2765  29.7500 0.1312848 1.755687 1
4595580.0278 5437401.0928  26.7215 0.0597930 1.596929 3
4595580.1749 5437402.3807  31.2428 0.2251350 1.170566 0
4595580.2164 5437402.1191  31.8010 0.0507534 0.970571 1
4595580.2034 5437401.9265  31.3112 0.0427799 1.154937 2
4595580.2406 5437401.6030  31.7094 0.1491444 1.497564 0
4595580.2876 5437401.4272  32.4805 0.1260175 1.098250 1
4595580.2683 5437401.1369  31.7479 0.0251076 0.968524 3
4595580.3181 5437401.0049  32.6284 0.1707803 1.090364 0
4595580.0216 5437401.5995  25.5071 0.0689060 1.031883 2
4595580.0333 5437401.7651  24.0451 0.0568139 1.338541 2
4595580.0695 5437401.7113  31.7056 0.1627787 1.144976 0
4595580.0260 5437402.0573  31.3960 0.1814975 1.065079 0
4595580.0047 5437402.3286  30.6310 0.1201934 1.163702 1
4595580.0940 5437402.0292  28.8017 0.0285178 1.093615 3
4595580.1844 5437401.9285  25.7314 0.0763125 1.021714 1
4595580.2861 5437401.5886  23.6420 0.0623685 1.448055 2
4595580.1791 5437402.1505  24.6163 0.0625494 1.112843 2
4595580.4010 5437400.9456  31.9913 0.1452255 1.597817 1
4595580.3412 5437401.3464  32.0147 0.0933383 1.032596 1
4595580.3774 5437401.2237  31.2808 0.0438784 2.534369 2
4595580.4786 5437400.8800  29.2262 0.0553385 1.257819 3
4595580.4228 5437401.2685  29.1580 0.0480548 0.937867 1
4595580.2579 5437402.0256  31.3278 0.0242420 0.762536 1
4595580.3006 5437401.8813  30.4522 0.0752430 2.352906 3
4595580.2042 5437402.4059  31.2270 0.1014775 1.033561 1
4595580.2561 5437402.2313  30.1612 0.0843288 1.146180 2
4595580.6341 5437400.9599  22.4059 0.0539173 2.154295 3
4595580.3868 5437401.9940  26.2599 0.0394737 1.284286 1
4595580.5257 5437401.5284  23.3994 0.1034165 1.043262 2
4595580.5673 5437401.3890  22.5441 0.0831540 1.190079 3
4595580.0662 5437403.2692  31.6269 0.1613091 1.319071 0
4595580.1093 5437403.3273  29.5161 0.0620325 1.107015 3
4595580.5895 5437401.3412  33.5720 0.2060246 1.162781 0
4595580.5467 5437401.6838  33.2585 0.1937096 1.152220 0
4595580.5399 5437401.9055  32.2083 0.1102604 0.991891 1
4595580.6569 5437401.5102  29.8211 0.0510642 1.370181 2
4595580.7754 5437401.1098  27.4080 0.0256206 0.893188 2
4595580.8204 5437400.9575  26.4908 0.0401212 1.365245 3
4595580.5249 5437402.1556  31.3225 0.0702513 1.130588 1
4595580.5670 5437402.0138  30.4608 0.0235371 0.872377 3
4595580.4581 5437402.5808  31.4925 0.1910718 1.555523 0
4595580.5459 5437402.4878  28.4849 0.0604593 1.410838 1
4595580.6515 5437402.1343  26.3087 0.0524393 1.084913 2
4595580.7383 5437401.8436  24.5200 0.0440043 1.151836 2
4595580.3223 5437403.4372  31.8384 0.1649442 1.100689 0
4595580.2652 5437403.8294  31.7964 0.0417751 1.066932 1
4595580.3903 5437403.4134  29.2221 0.0712475 1.653243 3
4595580.3889 5437403.6216  28.0206 0.0315574 1.264941 2
4595580.9853 5437401.6443  15.6779 0.0358172 1.316074 3
4595581.1220 5437401.8357   8.9790 0.1799375 1.148171 0
4595580.8690 5437401.2343  33.2089 0.1894740 1.168670 0
4595580.8304 5437401.5629  32.8116 0.2359046 1.498882 0
4595580.7940 5437401.8849  32.3657 0.0981764 1.284136 1
4595580.9349 5437401.4080  29.4924 0.0514716 1.527536 2
4595581.0124 5437401.1455  27.9131 0.0403091 1.302460 3
4595580.7814 5437402.1264  31.4344 0.0409184 1.466982 1
4595580.9927 5437401.4135  27.1110 0.1406189 1.825986 2
4595581.0638 5437401.1735  25.6585 0.1054122 1.331639 3
4595580.7307 5437402.4977  31.2773 0.2811166 1.376330 0
4595580.7945 5437402.4850  28.7615 0.1760665 1.956668 0
4595580.5850 5437403.3883  31.8312 0.0369413 1.161910 1
4595580.7408 5437402.8675  28.6398 0.0838061 1.701111 2
4595580.8476 5437402.5103  26.4488 0.0342125 1.760292 2
4595581.0028 5437401.9915  23.2414 0.0250584 1.073011 3
4595580.7694 5437402.9756  26.8226 0.0766432 1.045321 1
4595581.2168 5437401.4850  17.5719 0.0881102 1.191058 3
4595580.5748 5437403.8272  29.5976 0.0208545 0.922648 3
4595581.2058 5437400.8540  31.4327 0.0425734 1.242366 1
4595581.1106 5437401.3761  32.1788 0.0965151 1.315798 1
4595581.3000 5437400.7311  28.3322 0.0446741 1.225075 2
4595581.0270 5437401.8589  32.6942 0.2348285 1.204923 0
4595581.0007 5437402.1468  32.0436 0.2037830 1.185806 0
4595580.9811 5437402.4126  31.2505 0.0673529 1.039068 1
4595581.0244 5437402.2666  30.3608 0.1312344 2.069129 3
4595580.9286 5437402.7897  31.1202 0.1281968 1.020060 1
4595580.9689 5437402.6544  30.2974 0.0460967 2.149033 3
4595580.9795 5437402.8206  28.8618 0.0551742 1.228266 1
4595581.1089 5437402.3869  26.1998 0.0778949 1.650734 2
4595581.2555 5437401.8955  23.1686 0.0344211 1.049850 3
4595580.9333 5437403.1784  28.5853 0.0386084 0.986641 1
4595581.0307 5437402.8530  26.5797 0.0552566 0.995774 2
4595581.1849 5437402.3379  23.3961 0.0707895 1.266348 3
4595580.9122 5437403.4528  27.7922 0.0986583 1.477858 1
4595580.9893 5437403.1961  26.2003 0.0919330 2.240504 3
4595580.8488 5437403.8680  27.8701 0.1962373 1.158478 1
4595581.9968 5437400.7165   0.0471 0.8268210 1.037393 0
4595581.8671 5437401.5860   0.1162 0.0364473 1.129115 3
4595581.4926 5437404.1450  -0.0046 0.5653421 1.045660 0
4595581.4236 5437401.1306  33.0687 0.2224899 1.167565 0
4595581.4511 5437401.2357  31.3295 0.1936691 1.598033 1
4595581.5647 5437400.8491  29.0278 0.0473144 1.426869 3
4595581.3322 5437401.8384  32.5610 0.1058902 1.081789 1
4595581.4273 5437401.5159  30.6237 0.0353558 1.230096 3
4595581.2675 5437402.2565  32.6959 0.1571866 1.257460 0
4595581.2363 5437402.5618  32.1443 0.2058954 1.440175 0
4595581.2340 5437402.7699  30.9897 0.0712828 1.023124 1
4595581.3020 5437402.5416  29.5997 0.0426065 0.988809 2
4595581.4320 5437402.1049  26.9270 0.0740387 0.979346 3
4595581.4236 5437402.3375  25.8826 0.2459764 1.376550 0
4595581.2071 5437403.2654  29.1139 0.0763419 1.209420 1
4595581.3479 5437402.7956  26.2175 0.0360290 1.496500 2
4595581.3880 5437402.6618  25.3922 0.0466500 1.195432 3
4595581.1956 5437403.5080  28.1287 0.1860181 1.593065 0
4595581.0898 5437404.0640  29.0923 0.0787067 1.228485 1
4595581.1641 5437403.8176  27.5533 0.0732137 1.694509 3
4595582.1743 5437401.5699   0.0276 0.0907415 1.011496 3
4595581.7624 5437400.7675  33.0426 0.0536345 1.271862 1
4595581.7226 5437401.1006  32.6716 0.1889991 1.030095 1
4595581.7756 5437400.9198  31.6016 0.0677084 1.782375 3
4595581.6828 5437401.4343  32.2923 0.1573019 1.127123 0
4595581.6476 5437401.7526  31.8228 0.1482408 1.086905 1
4595581.7737 5437401.3256  29.2626 0.0219514 1.117743 3
4595581.5311 5437402.3458  33.0108 0.0608100 1.404930 1
4595581.5919 5437402.1405  31.7719 0.0844958 1.169192 2
4595581.6303 5437402.0108  30.9896 0.0143195 0.917656 2
4595581.7791 5437401.5082  27.9562 0.0340421 1.289165 3
4595581.5224 5437402.5753  31.9957 0.1152803 1.670324 1
4595581.6561 5437402.1250  29.2645 0.0591319 1.268852 3
4595581.6203 5437402.4473  28.7970 0.0679917 1.048484 1
4595581.6621 5437402.3071  27.9406 0.0415091 1.510990 2
4595581.7702 5437401.9441  25.7224 0.0499642 1.268322 3
4595581.5070 5437403.0297  29.9037 0.1037017 1.087165 1
4595581.5626 5437402.8438  28.7665 0.1084429 1.213229 3
4595581.4316 5437403.4846  30.2358 0.0257044 1.037984 1
4595581.4945 5437403.2749  28.9429 0.0915019 0.981660 2
4595581.5521 5437403.0829  27.7607 0.0428613 1.554343 2
4595581.5102 5437403.4271  27.3981 0.1792110 1.600808 1
4595581.6022 5437403.1215  25.5049 0.0273558 1.644793 3
4595581.4258 5437403.9124  27.9208 0.0217851 0.792717 1
4595581.4546 5437403.8170  27.3233 0.0695207 1.104921 2
4595581.5431 5437404.1498  21.7549 0.0629529 1.237647 3
4595582.5169 5437401.1784   0.0469 0.2675438 1.034639 3
4595582.3916 5437402.0341   0.0332 0.0483054 0.997276 3
4595581.9410 5437401.0086  32.5444 0.0803668 1.082216 1
4595581.9757 5437400.8896  31.8415 0.0847478 1.250988 2
4595582.0094 5437400.7741  31.1590 0.0413281 1.010669 3
4595581.9201 5437401.2776  31.7852 0.1749000 1.342946 1
4595581.8562 5437401.6938  31.8992 0.1464150 1.106986 1
4595581.9755 5437401.2876  29.4677 0.0249214 0.974523 3
4595581.8074 5437402.0585  31.7064 0.1168754 1.755276 0
4595581.7412 5437402.4822  31.8691 0.1644476 1.414644 1
4595581.8539 5437402.1009  29.5575 0.0330727 1.027477 3
4595581.7807 5437402.5494  29.8581 0.1684344 1.667595 1
4595581.9788 5437401.8813  25.7825 0.0268011 1.247200 3
4595581.7233 5437402.9437  29.8241 0.1347811 1.100748 1
4595581.7746 5437402.7712  28.7705 0.0564534 1.605499 3
4595581.6432 5437403.4150  30.2552 0.0483117 1.112786 1
4595581.6931 5437403.4510  28.0081 0.0894082 1.185032 1
4595582.7256 5437401.0973   0.0308 0.1981326 1.051371 3
4595582.4084 5437403.2483   0.0923 0.1252754 1.034268 3
4595582.2853 5437404.0963  -0.0306 0.1834121 1.053885 3
4595582.2739 5437400.4822  31.6543 0.0423503 2.083131 1
4595582.1725 5437401.0277  32.5303 0.0433944 1.083846 1
4595582.2378 5437400.8036  31.2061 0.1110481 1.091296 2
4595582.3069 5437400.5663  29.8036 0.0380081 1.186755 3
4595582.1328 5437401.3608  32.1571 0.0603680 1.064008 1
4595582.1945 5437401.1497  30.9023 0.0775677 1.279117 2
4595582.2751 5437400.8740  29.2626 0.0302806 1.081409 3
4595582.0890 5437401.7087  31.8660 0.0442430 1.187043 1
4595582.3809 5437400.7131  25.9075 0.0728733 1.159767 3
4595582.3215 5437401.1175  25.9110 0.0309657 0.979028 3
4595581.9971 5437402.4204  31.3684 0.1385617 1.416656 1
4595582.0797 5437402.1403  29.6698 0.1014244 1.279372 3
4595582.0138 5437402.5641  29.8248 0.1201630 1.099631 1
4595582.1247 5437402.1893  27.5396 0.0322246 0.979209 2
4595582.2282 5437401.8396  25.4048 0.0438665 1.080901 3
4595581.9417 5437403.0092  30.0950 0.0659229 0.984381 1
4595581.9942 5437402.8325  29.0150 0.1426125 1.564853 3
4595582.3157 5437401.9560  21.1387 0.0653451 1.338977 1
4595581.9274 5437403.4630  27.9587 0.1339463 1.045045 1
4595581.9655 5437403.3353  27.1685 0.0195119 0.851784 2
4595581.9068 5437403.7367  27.1473 0.0582825 1.214649 2
4595582.2054 5437402.7407  20.9482 0.0447781 1.164479 3
4595582.9562 5437401.1142   0.0081 0.5296105 1.175007 0
4595582.8276 5437401.9820   0.0864 0.0532196 1.250170 3
4595582.7659 5437402.4065   0.0676 0.1868231 1.064086 3
4595582.6380 5437403.2716   0.1121 0.0650677 1.169983 3
4595582.5160 5437404.1167  -0.0358 0.1312224 1.014248 3
4595582.5687 5437400.4434  31.3073 0.1678751 1.347327 0
4595582.5063 5437400.8554  31.4026 0.2058352 1.177427 0
4595582.4789 5437401.1468  30.7764 0.1583690 1.131236 1
4595582.4227 5437401.5382  30.7330 0.0535492 0.994636 1
4595582.4557 5437401.4256  30.0593 0.0368420 1.218830 2
4595582.5043 5437401.2596  29.0663 0.0657285 1.102937 2
4595582.3356 5437402.0335  31.3272 0.1424799 1.004516 1
4595582.3762 5437401.8956  30.4960 0.0469110 1.376992 3
4595582.4025 5437402.0070  28.7562 0.1040599 1.011744 1
4595582.5458 5437401.5215  25.8101 0.0553370 1.039209 3
4595582.2945 5437402.5739  29.7767 0.1102517 1.012191 1
4595582.7221 5437401.1296  20.9557 0.0334794 1.218708 3
4595582.2691 5437402.8612  29.0891 0.1573348 1.072209 1
4595582.4445 5437402.2708  25.4712 0.0146451 0.811967 3
4595582.1871 5437403.3394  29.5671 0.1899417 1.312595 0
4595582.5455 5437402.3438  20.9153 0.1158275 1.037418 1
4595582.1807 5437403.7684  27.2374 0.1564212 1.147072 1
4595583.3616 5437400.2702  -0.0685 0.6732825 1.068596 0
4595583.2469 5437400.8703   1.0619 0.0399806 1.699121 2
4595583.2981 5437400.7013  -0.0306 0.0305714 0.959201 3
4595583.1079 5437401.9926   0.0598 0.6970577 1.054467 0
4595583.0446 5437402.4233   0.0713 0.6971319 1.078099 0
4595582.8464 5437403.5149   1.6266 0.1932623 1.739506 0
4595582.7504 5437400.3905  31.1216 0.0585981 1.839304 1
4595582.6737 5437400.8520  31.5175 0.1330018 1.071557 1
4595582.7105 5437400.7248  30.7621 0.0267793 1.118390 3
4595582.6487 5437401.1347  30.8409 0.2001908 1.074646 0
4595582.5934 5437401.5224  30.7845 0.1326021 1.042368 1
4595582.6292 5437401.3998  30.0499 0.0456088 1.300125 2
4595582.6772 5437401.2349  29.0611 0.0391876 1.444507 3
4595582.5556 5437401.8499  30.3678 0.1463583 1.576203 3
4595582.7195 5437401.4907  25.7751 0.0867319 1.044770 3
4595582.6803 5437401.8262  25.3669 0.0296703 1.039338 3
4595582.4409 5437402.8398  29.1166 0.1811964 1.118387 0
4595582.3599 5437403.3155  29.5764 0.1865990 1.450531 0
4595582.7152 5437402.3217  20.9364 0.1775058 1.047451 1
4595582.3505 5437403.7521  27.2928 0.1364729 1.141701 1
4595582.6529 5437402.7378  20.9902 0.0270459 1.049355 2
4595583.3474 5437401.2783   1.1418 0.1835179 1.356186 0
4595583.2901 5437401.6876   1.0440 0.2204426 1.562247 0
4595583.2748 5437401.9597   0.0320 0.6989670 1.055663 0
4595583.2111 5437402.3912   0.0526 0.6109000 1.062297 0
4595583.0207 5437403.4593   1.4474 0.2309306 1.834249 0
4595582.7749 5437401.1446  30.9040 0.1511348 1.043985 1
4595582.8127 5437401.0133  30.1201 0.0599744 1.432434 3
4595582.7759 5437401.3381  29.6830 0.1698637 1.299904 1
4595582.8286 5437401.1560  28.5892 0.0430799 1.280373 3
4595582.7043 5437401.7834  29.9663 0.2245890 1.212329 0
4595582.6589 5437402.1379  29.7025 0.1250961 0.991331 1
4595582.7080 5437401.9691  28.6791 0.0536544 1.512221 2
4595582.7717 5437401.7504  27.3539 0.0282462 1.092595 3
4595582.5924 5437402.5649  29.8763 0.1030567 1.026059 1
4595582.8008 5437401.8511  25.5234 0.0542425 1.197526 3
4595582.5644 5437402.8601  29.2444 0.1158983 1.033387 1
4595582.6287 5437402.6405  27.9002 0.0805583 1.482669 2
4595582.7544 5437402.2114  25.2682 0.0240513 1.055358 3
4595582.4999 5437403.2807  29.3685 0.0710302 0.987088 1
4595582.8425 5437402.3194  20.9276 0.1517490 1.097363 1
4595582.7727 5437402.7617  21.1446 0.0682791 1.114477 1
4595583.4574 5437401.3121   1.3775 0.1839329 2.158276 0
4595583.4134 5437401.6783   0.9960 0.2115637 1.424767 0
4595583.3319 5437402.3898   0.0593 0.6315766 1.100929 0
4595583.1305 5437403.4969   1.7120 0.1809371 1.275871 0
4595583.0964 5437400.8644  30.6899 0.0488796 1.099962 1
4595583.0437 5437401.2436  30.5970 0.1691430 1.303733 0
4595583.0083 5437401.5634  30.1403 0.1903033 1.732361 0
4595583.0327 5437401.6774  28.4308 0.0520595 1.188226 1
4595582.9546 5437402.1454  28.8416 0.1536927 1.897096 1
4595582.8659 5437402.6491  29.4775 0.0226943 1.019539 1
4595582.9283 5437402.4355  28.1745 0.0388723 1.236727 2
4595583.0342 5437402.0733  25.9622 0.1278069 1.568563 3
4595583.8780 5437400.4735   0.4245 0.2175425 1.356526 0
4595583.7960 5437400.9675   0.8663 0.0661935 1.191782 3
4595583.7284 5437401.4125   1.0068 0.2140885 1.203471 1
4595583.7716 5437401.2686   0.0697 0.0523229 1.355539 3
4595583.7014 5437401.7226   0.2521 0.2887353 1.763154 0
4595583.6497 5437402.1149   0.0247 0.7051206 1.051689 0
4595583.5867 5437402.5449   0.0407 0.6526380 1.056113 0
4595583.4550 5437403.2007   1.5562 0.0326107 0.998835 3
4595583.4001 5437403.6036   1.3907 0.1685933 1.479929 0
4595583.3447 5437400.9090  30.8291 0.1140733 1.081940 1
4595583.3266 5437401.1679  30.0252 0.1749231 1.065766 1
4595583.3231 5437401.3777  28.9060 0.2068707 1.347119 0
4595583.6754 5437400.3624  20.3112 0.1120428 1.079894 1
4595583.2006 5437402.1970  29.0386 0.1637396 1.804913 1
4595583.3476 5437401.6920  25.9766 0.0329826 1.122018 3
4595583.1629 5437402.5257  28.6095 0.0997740 1.070906 1
4595583.1976 5437402.4070  27.8848 0.0914030 1.159223 2
4595583.2879 5437402.0977  25.9976 0.0504535 1.130294 3
4595583.1261 5437402.8519  28.1579 0.1317964 1.077215 1
4595583.2319 5437402.4909  25.9427 0.0344972 1.092239 2
4595583.0497 5437403.3132  28.5353 0.0958886 1.095147 1
4595584.1256 5437400.5145   0.5712 0.2186676 2.256806 0
4595584.0511 5437400.9823   0.8477 0.1922140 1.225832 0
4595584.0197 5437401.3069   0.1943 0.1262829 1.518133 3
4595583.9673 5437401.7016  -0.0154 0.6236920 1.058942 0
4595583.9036 5437402.1336   0.0062 0.9922368 0.993834 0
4595583.8422 5437402.5583  -0.0196 0.5758521 1.053483 0
4595583.7057 5437403.2297   1.5892 0.1385329 1.044801 2
4595583.7789 5437402.9888  -0.0092 0.0677186 1.065694 3
4595583.4998 5437401.3094  28.9992 0.1613243 1.373940 1
4595583.3675 5437402.1639  29.3508 0.0628439 1.320573 1
4595583.4002 5437402.0505  28.6650 0.0226233 0.941625 2
4595583.5235 5437401.6241  26.0831 0.0799682 1.111599 3
4595583.4630 5437402.0332  26.1260 0.1015304 1.062213 1
4595583.5267 5437401.8138  24.7880 0.0484553 1.117725 2
4595583.6815 5437401.2800  21.5095 0.0348928 1.032448 3
4595583.3081 5437402.7662  28.1568 0.0964082 1.113520 1
4595583.4159 5437402.3958  25.8875 0.0223653 0.932329 2
4595584.2774 5437400.5044   1.0995 0.1889188 1.304201 0
4595584.2268 5437400.8931   0.8564 0.0984118 0.980582 1
4595584.2554 5437400.7968   0.2398 0.1575213 1.519939 3
4595584.1651 5437401.3186   0.8609 0.2133693 1.033434 1
4595584.0810 5437402.0394  -0.0210 0.7279144 1.053335 0
4595584.0196 5437402.4643  -0.0433 0.6110193 1.055340 0
4595583.8846 5437403.1334   1.5175 0.1613405 1.088418 1
4595583.9225 5437403.0078   0.6894 0.0119827 0.623603 2
4595583.9559 5437402.8972  -0.0388 0.1196531 1.071811 3
4595583.6836 5437402.1115  29.2068 0.1272989 1.040330 1
4595583.8210 5437401.6372  26.3309 0.0380005 1.064257 2
4595583.7640 5437402.0337  26.2978 0.1386078 1.197771 1
4595584.0129 5437401.1768  21.0579 0.0436224 1.473415 2
4595583.6049 5437402.7806  28.4208 0.0851106 1.095703 1
4595583.7132 5437402.4092  26.1381 0.0401928 1.261732 2
4595583.8713 5437402.0699  21.5571 0.0619441 0.977699 1
4595583.7908 5437402.5490  22.0068 0.1868046 1.069004 1
4595584.6046 5437400.4204   0.8238 0.2500462 1.426531 0
4595584.5689 5437400.7588   0.2400 0.3203858 1.566072 0
4595584.5152 5437401.1577   0.0460 0.4205997 1.188781 0
4595584.4556 5437401.5768  -0.0135 0.6229608 1.072559 0
4595584.3944 5437402.0012  -0.0524 0.8639278 1.043451 0
4595584.3328 5437402.4269  -0.0803 0.7656191 1.041074 0
4595584.2175 5437403.0296   1.0253 0.2117430 1.069007 1
4595584.2694 5437402.8582  -0.0935 0.1055058 1.684314 3
4595584.4506 5437400.4934  19.5778 0.1329124 1.103416 1
4595584.3024 5437401.2067  21.4389 0.1127709 1.084758 1
4595584.4066 5437400.8484  19.2527 0.0384804 1.260473 2
4595584.2215 5437401.6868  21.8972 0.1811245 1.192379 1
4595584.1644 5437402.0855  21.8435 0.1238847 1.133875 1
4595584.1032 5437402.4986  21.8771 0.0968045 1.064528 1
4595584.9266 5437400.3397   0.6200 0.2125872 2.013231 0
4595584.8498 5437400.8161   0.8862 0.1231267 1.074010 1
4595584.8888 5437400.6848   0.0609 0.1776664 1.262786 3
4595584.8238 5437401.1213   0.0924 0.4635946 1.088246 0
4595584.7620 5437401.5474   0.0555 0.6035417 1.079503 0
4595584.6501 5437402.1398   1.0878 0.0740020 0.957278 1
4595584.6960 5437401.9872   0.1052 0.1789170 1.184818 3
4595584.6307 5437402.4242   0.1420 0.3682951 1.526177 0
4595584.5780 5437402.8201  -0.1155 0.5921756 1.046655 0
4595584.6192 5437400.3353  19.5849 0.0320820 1.045473 1
4595584.4700 5437401.0547  21.4344 0.1002432 1.022703 1
4595584.5878 5437400.6462  18.9675 0.0514525 1.043207 2
4595584.3919 5437401.5258  21.8367 0.1017807 1.129578 1
4595584.3311 5437401.9375  21.8536 0.1070976 0.999417 1
4595584.2652 5437402.3660  21.9855 0.1764482 1.238712 1
4595585.0093 5437400.6636   0.9720 0.1678615 1.084277 1
4595585.0513 5437400.5214   0.0856 0.1096830 1.160623 3
4595584.9865 5437400.9578   0.0960 0.4414464 1.119557 0
4595584.9259 5437401.3793   0.0288 0.7471474 1.060889 0
4595584.8605 5437401.8173   0.0582 0.2675578 1.183856 0
4595584.7894 5437402.2739   0.2190 0.3328513 1.659749 0
4595584.7395 5437402.6601  -0.0898 0.6821445 1.068838 0
4595584.5821 5437400.6765  23.4647 0.1835640 1.086092 1
4595584.6166 5437400.7530  21.4888 0.1017402 1.051413 1
4595584.7085 5437400.4308  19.5693 0.0231213 0.907365 2
4595584.5578 5437401.1574  21.4693 0.1826891 1.045573 1
4595584.4807 5437401.6258  21.8382 0.1359362 1.158223 1
4595584.4189 5437402.0408  21.8739 0.1926464 1.057693 1
4595584.3534 5437402.4685  21.9958 0.1758500 1.669041 1
4595585.1700 5437400.2741   0.6244 0.2847757 1.747743 0
4595585.0823 5437400.7882   1.1193 0.1058337 1.026695 1
4595585.1320 5437400.6181   0.0588 0.1615259 1.165295 3
4595585.0680 5437401.0512   0.0532 0.5236560 1.046102 0
4595585.0033 5437401.4872   0.0658 0.4610589 1.117205 0
4595584.8948 5437402.0707   1.0331 0.0876115 1.069606 1
4595584.9347 5437401.9354   0.1660 0.1584398 1.249733 3
4595584.8775 5437402.3457   0.0186 0.5118522 1.208364 0
4595584.8464 5437400.7326  23.0596 0.1817194 1.365102 1
4595584.9488 5437400.5717  19.6622 0.0615379 1.130983 1
4595584.7774 5437401.3709  21.9880 0.0716964 1.168956 1
4595584.8805 5437401.0105  19.8190 0.0751019 1.129916 2
4595584.7171 5437401.7808  21.9877 0.1260679 0.994365 1
4595584.6585 5437402.1849  21.9526 0.1287478 1.425470 1
4595584.6165 5437402.5314  21.5638 0.1988265 1.271660 1
4595585.3829 5437400.7269  -0.0806 0.7316751 1.061990 0
4595585.3140 5437401.1769   0.0060 0.5787911 1.090579 0
4595585.2350 5437401.6618   0.3169 0.3586716 1.252933 0
4595585.1469 5437402.1764   0.8387 0.1520632 1.167217 1
4595585.1805 5437402.0625   0.1094 0.1159661 1.179567 3
4595585.0666 5437400.6146  23.2251 0.1717512 1.201331 1
4595585.1692 5437400.4500  19.8238 0.0612212 0.998157 1
4595584.9444 5437401.6374  21.9803 0.1170323 1.091597 1
4595584.8721 5437402.0893  22.2311 0.0301082 0.896355 1
4595584.8452 5437402.3823  21.5219 0.0350324 1.004800 1
4595585.5375 5437401.0281   0.0640 0.3056465 1.764335 0
4595585.1494 5437400.4729  23.2881 0.1984799 1.181298 1
4595585.6165 5437400.8467  -0.0455 0.6036635 1.045035 0
4595585.3133 5437400.7423  23.2701 0.1551634 1.490036 1
4595585.2725 5437401.0824  22.8368 0.1792310 1.064167 1
4595585.6771 5437400.7593  -0.0797 0.7046666 1.052571 0
4595585.0551 5437401.8960   0.0547 0.0495200 1.155750 3
4595585.0461 5437401.4466   0.0209 0.4003746 1.055005 3
4595585.0990 5437400.9139   0.9330 0.0365229 1.128350 2
4595585.0412 5437400.9916   0.0444 0.2935670 1.174235 3
4595585.1047 5437400.4459   1.1245 0.1108329 1.271822 1
4595585.0344 5437400.5392   0.0393 0.0882582 1.255172 3
4595584.6893 5437402.0993  -0.0145 0.5571030 1.081504 3
4595584.6891 5437401.6390   0.0653 0.1078942 1.070247 3
4595584.6951 5437401.1705   0.2295 0.2317034 1.600354 3
4595584.7252 5437400.6709   0.7593 0.1192390 1.542327 3
4595584.6678 5437400.2864  -0.0382 0.4175947 1.070628 3
4595584.2646 5437403.0320   1.0261 0.1962761 1.213331 1
4595584.1924 5437403.1343  -0.0634 0.0908772 1.643025 3
4595584.1836 5437402.6847  -0.0952 0.7088367 1.074873 0
4595584.1828 5437402.2247  -0.0275 0.2946142 1.059563 3
4595584.1790 5437401.7690  -0.0188 0.2786722 1.040724 3
4595584.2263 5437401.2452   0.7468 0.1123565 1.000430 1
4595584.1869 5437401.2984   0.1536 0.0799969 1.359091 3
4595584.2241 5437400.7876   0.7528 0.2218996 1.200913 0
4595584.1957 5437400.3656   0.3759 0.2047007 1.373852 3
4595583.5662 5437403.1478   1.4048 0.1404164 1.258760 1
4595583.4795 5437403.2696   0.1231 0.1410252 1.143159 3
4595584.9861 5437400.7171  22.6638 0.0439365 1.069841 1
4595584.8149 5437400.9548  20.0768 0.0339010 0.951579 2
4595583.5228 5437402.7479   0.8121 0.0632256 0.969239 2
