    X-Koord.     Y-Koord. Z-Koord.      Int.   Pulsb. W
4595548.0974 5437426.9020   0.0741 0.0425609 1.004762 3
4595548.1529 5437425.8760   0.0328 0.0419850 0.867173 3
4595547.1996 5437427.6426  -0.0494 0.2822049 1.062059 3
4595547.3432 5437425.0947  -0.0320 0.0516028 0.982876 3
4595546.1713 5437429.8348   0.2186 0.2175257 1.104167 3
4595546.1995 5437429.3253   0.1521 0.7383062 1.063316 0
4595546.2274 5437428.8141   0.1068 0.3205485 1.120422 3
4595546.2565 5437428.3082   0.0899 0.3730983 1.023704 3
4595546.2840 5437427.7942   0.0634 0.1739194 1.059445 3
4595546.3098 5437427.2713   0.0226 0.6213954 1.079947 0
4595546.3333 5437426.7362  -0.0329 0.3334530 1.043340 3
4595546.3843 5437425.6842  -0.1340 0.1680160 1.069640 3
4595546.5078 5437423.6814  -0.0434 0.0876488 1.087761 3
4595548.0758 5437425.9781  21.0690 0.1938305 1.366858 0
4595548.2359 5437426.1919  23.2147 0.1376814 1.205361 0
4595548.5457 5437425.9515  26.8781 0.1629043 1.148656 1
4595545.0647 5437430.3339   0.2022 0.2405632 1.069655 3
4595545.0938 5437429.8295   0.1473 0.3250452 1.079373 3
4595545.1204 5437429.3110   0.0717 0.1029076 1.003249 3
4595545.1502 5437428.8098   0.0881 0.2342203 1.056430 3
4595545.1844 5437428.3267   0.1749 0.2480554 1.112725 3
4595545.2146 5437427.8257   0.2184 0.2301004 1.117216 3
4595545.2544 5437427.3698   0.4000 0.1960442 1.096334 3
4595545.2663 5437426.7809   0.1318 0.5804897 1.064460 3
4595545.2838 5437426.2170  -0.0626 0.3431104 1.038833 3
4595545.3094 5437425.6903  -0.1414 0.5247173 1.093031 0
4595545.3796 5437425.3817   0.4761 0.1509548 1.194213 3
4595545.4516 5437425.0838   1.1182 0.0655132 0.959800 3
4595546.7604 5437428.3822  19.3182 0.0423158 1.154999 1
4595547.0921 5437428.1796  23.1989 0.0459116 0.946007 2
4595546.9074 5437426.6071  19.9633 0.0279383 1.046705 3
4595547.2796 5437425.3732  23.6309 0.2138525 1.099997 1
4595547.5456 5437426.1392  27.4283 0.1221837 1.272047 0
4595547.9024 5437427.3979  32.6334 0.1963965 1.093114 0
4595547.6096 5437425.2214  27.5413 0.1449342 1.086474 1
4595547.8756 5437426.0108  31.3583 0.2150700 1.216085 0
4595544.1041 5437430.1126   0.1784 0.0554617 1.202328 3
4595544.1322 5437429.6019   0.2091 0.0872790 1.366053 3
4595544.2541 5437427.5990   0.2723 0.1944482 1.103656 3
4595544.2829 5437427.0896   0.2789 0.0505120 1.095683 3
4595544.3153 5437426.5965   0.3408 0.2640490 1.269153 0
4595544.5888 5437427.2498   4.0195 0.0664772 1.230784 2
4595544.3223 5437425.9826  -0.0443 0.0962934 1.004814 3
4595544.8600 5437427.2644   7.2543 0.3374765 1.094964 0
4595544.9726 5437427.1671   8.5258 0.2232359 1.269583 3
4595544.6341 5437424.8882   2.7756 0.0532485 1.191971 3
4595545.7797 5437429.8167  19.9896 0.0741036 1.141741 1
4595544.6621 5437424.3747   2.6782 0.0942488 1.202381 3
4595545.3676 5437427.1771  13.2284 0.0704229 1.020423 1
4595544.6857 5437423.8410   2.4770 0.0927863 1.017662 2
4595544.5954 5437423.3994   1.0384 0.0459303 1.591202 2
4595546.2487 5437429.6373  25.4794 0.0295749 1.128474 3
4595546.2501 5437429.0233  25.0254 0.0855956 1.127434 1
4595546.2494 5437428.3983  24.5528 0.0951324 1.203689 1
4595546.5290 5437427.9421  27.5726 0.0635366 0.998935 1
4595546.4693 5437427.6391  26.6428 0.1233116 1.132210 2
4595546.3494 5437427.0300  24.8252 0.0345063 1.075239 3
4595546.7842 5437428.6223  31.0848 0.3079218 1.101959 1
4595546.6365 5437427.8687  28.8084 0.0490007 1.200327 3
4595546.8378 5437428.2788  31.4866 0.0386685 1.371629 3
4595546.6979 5437426.9388  28.9466 0.2601042 1.064271 1
4595546.5050 5437425.9448  25.9730 0.0286579 1.071782 3
4595547.0025 5437427.8913  33.2053 0.2868601 1.072846 1
4595546.9947 5437427.2322  32.7009 0.2286711 1.101427 0
4595547.1438 5437427.3909  34.5964 0.1737169 1.130782 1
4595546.9424 5437426.3389  31.5010 0.0291166 1.117874 3
4595547.2475 5437427.3181  35.8004 0.1871231 1.079837 0
4595546.9413 5437425.0852  30.5988 0.0551262 1.111300 1
4595546.8661 5437424.6886  29.4111 0.0508615 1.211904 2
4595547.1716 5437425.6792  33.7865 0.1618928 1.096930 1
4595543.3226 5437427.7337   0.0851 0.0659438 1.379629 3
4595543.4361 5437425.6823   0.0342 0.0482746 1.226572 3
4595543.5287 5437424.1729  -0.2419 0.1193265 1.138135 3
4595544.5098 5437426.9478  13.4989 0.1003172 1.066251 1
4595545.0765 5437429.0629  21.5339 0.0895778 1.105250 1
4595544.7196 5437427.3320  16.2163 0.1323744 1.205930 2
4595545.4302 5437430.1620  26.5381 0.0969006 1.029651 1
4595545.1066 5437428.5850  21.5654 0.0334600 1.078262 3
4595545.4421 5437429.6044  26.2157 0.1788905 1.404245 0
4595545.4843 5437429.1934  26.4072 0.0936516 1.000511 1
4595545.4189 5437428.8717  25.4128 0.1489599 2.110376 3
4595545.5001 5437428.6518  26.2064 0.1348112 1.146020 3
4595545.5855 5437428.4552  27.0802 0.1536453 1.154703 1
4595545.2996 5437427.0357  22.8189 0.0600077 1.202435 3
4595545.8047 5437428.9294  30.0137 0.0725966 0.985350 0
4595545.8520 5437428.5485  30.2966 0.0455997 0.976637 1
4595545.7107 5437427.8406  28.1760 0.1361585 1.175600 3
4595546.0191 5437428.7723  32.4384 0.1425883 1.165144 1
4595545.8980 5437428.1625  30.5864 0.0968622 1.069467 3
4595546.0400 5437428.2627  32.3278 0.0462980 0.918506 1
4595545.7377 5437426.7338  27.7626 0.0317895 1.084654 3
4595546.2301 5437428.6123  34.8188 0.1464452 1.218693 0
4595546.2197 5437427.9461  34.2332 0.0685150 1.124343 1
4595545.9584 5437426.6122  30.2852 0.0677087 1.272563 2
4595545.8762 5437426.1928  29.0255 0.0485869 1.450138 3
4595546.0675 5437426.5501  31.5336 0.0200154 0.850247 1
4595546.0105 5437426.2576  30.6581 0.0929804 1.254995 3
4595546.3923 5437427.6012  36.0231 0.1905926 1.057665 1
4595546.3354 5437427.3081  35.1663 0.0400857 1.528221 3
4595546.4642 5437427.3583  36.7089 0.1200261 1.097479 0
4595546.4248 5437426.5389  35.7448 0.1441867 1.052230 1
4595546.2795 5437425.7838  33.5107 0.0909727 1.230183 3
4595546.3761 5437425.6658  34.5726 0.1558968 1.414892 1
4595546.2417 5437424.9633  32.4755 0.0379586 1.096387 3
4595546.4249 5437425.3008  34.8928 0.0397757 1.057993 1
4595546.2778 5437424.5291  32.5900 0.1581679 1.192414 2
4595546.3201 5437424.1277  32.8146 0.1130039 1.067286 1
4595542.7825 5437423.9911   2.5586 0.0077358 0.639788 2
4595542.7459 5437423.8182   1.9553 0.0650839 1.601868 3
4595544.3098 5437429.9629  24.5850 0.0371366 0.996772 2
4595544.0331 5437428.6459  20.5528 0.0369451 1.384004 2
4595543.8951 5437427.9897  18.5034 0.0333612 0.937340 3
4595544.6633 5437430.4264  29.0293 0.0617278 1.044389 3
4595544.6936 5437429.9613  29.0288 0.1766576 1.127503 0
4595544.7279 5437429.5139  29.0875 0.1806439 1.124184 1
4595544.4252 5437428.0458  24.6678 0.0251031 0.940834 3
4595544.7521 5437429.0176  29.0571 0.1976415 1.040288 0
4595544.7838 5437428.5576  29.1354 0.0767519 1.137799 1
4595544.6934 5437428.1153  27.8074 0.0160204 0.838541 2
4595544.4952 5437427.1450  24.8762 0.0622705 1.583439 3
4595544.8918 5437428.4725  30.3223 0.0370341 1.077898 1
4595544.5491 5437426.7874  25.2650 0.0793240 1.149322 2
4595544.2052 5437425.0967  20.0111 0.0504791 1.566271 3
4595544.9209 5437428.0019  30.3551 0.1367527 1.182051 1
4595544.8142 5437427.4750  28.7828 0.1370027 1.156851 2
4595544.6861 5437426.8421  26.8832 0.0298961 1.135669 3
4595545.3027 5437429.2790  35.5920 0.1291358 1.169441 0
4595545.3684 5437428.9974  36.1589 0.0995908 1.128844 1
4595545.3183 5437428.7475  35.4091 0.0968957 1.134785 3
4595545.3871 5437428.4816  36.0198 0.0670015 1.004117 1
4595545.3382 5437428.2367  35.3091 0.1513733 1.115689 3
4595545.4187 5437428.0297  36.1110 0.0632976 1.327057 1
4595545.3529 5437427.6987  35.1522 0.1350751 1.091814 3
4595545.5257 5437427.9595  37.3041 0.0910033 1.093696 1
4595545.4547 5437427.6008  36.2697 0.1142513 1.318785 3
4595545.5393 5437427.4168  37.1308 0.0635109 1.040540 0
4595545.6802 5437427.5232  38.8293 0.0231613 0.836306 1
4595545.5891 5437427.0581  37.4630 0.1802465 1.655800 2
4595545.4991 5437426.5990  36.1057 0.1196749 1.374934 3
4595545.6938 5437426.9819  38.6263 0.1876345 1.570252 1
4595545.6264 5437426.6362  37.6115 0.0471699 1.045108 3
4595545.7612 5437426.7165  39.2322 0.0981662 1.097208 1
4595545.5994 5437425.8836  36.7738 0.0303289 1.088409 3
4595545.5982 5437425.2609  36.3110 0.0414775 1.035827 1
4595543.6942 5437429.2800  28.3890 0.1120358 1.068338 1
4595543.5417 5437428.5550  26.1046 0.0710748 1.141181 3
4595543.7300 5437428.8384  28.4565 0.1118308 1.390135 1
4595543.5798 5437428.1209  26.2272 0.1053639 1.112730 3
4595543.7798 5437428.4633  28.7405 0.0564571 1.028283 1
4595543.7041 5437428.1003  27.6274 0.0336568 1.174183 3
4595544.1184 5437429.4811  33.2709 0.2059990 1.067568 1
4595543.9190 5437428.5199  30.3618 0.0365840 1.001276 3
4595544.1414 5437428.9839  33.1960 0.0984742 1.410526 0
4595544.2782 5437429.0398  34.7714 0.1854699 1.162818 1
4595544.2204 5437428.7586  33.9390 0.0500400 1.328227 3
4595544.1239 5437427.6775  32.1147 0.0385975 1.033104 1
4595543.9961 5437427.0532  30.2686 0.0380103 1.145742 3
4595544.4162 5437428.4990  35.9951 0.2264438 1.035206 1
4595544.0757 5437426.8277  31.0357 0.0347172 1.281411 3
4595544.5344 5437428.4736  37.3196 0.0365715 1.096599 1
4595544.4267 5437427.9425  35.7421 0.0540310 1.117031 2
4595544.2971 5437427.3033  33.8447 0.0461538 1.384538 3
4595544.4962 5437427.6768  36.3560 0.1694384 1.041744 0
4595544.5862 5437427.5149  37.2739 0.2213498 1.575279 0
4595544.4545 5437426.2466  34.9290 0.1850940 1.117504 0
4595544.6295 5437426.5113  37.1144 0.1177915 1.146520 1
4595544.0887 5437423.7950  28.7554 0.0389969 0.917066 3
4595544.7909 5437426.7142  39.0803 0.0351502 1.061490 1
4595544.6534 5437426.0204  37.0193 0.1019366 1.322962 2
4595544.7666 5437425.9798  38.2786 0.1312750 1.038180 1
4595543.0633 5437428.9850  30.6635 0.0968696 1.061641 1
4595542.9352 5437428.3790  28.7623 0.0766787 1.370530 3
4595543.1481 5437428.7780  31.4658 0.0719067 2.445880 1
4595542.7952 5437427.1007  26.3503 0.1514211 1.049838 3
4595543.2282 5437428.5506  32.1944 0.2938933 1.041323 0
4595543.0952 5437427.3020  29.8548 0.0726621 1.110222 1
4595543.0196 5437426.9392  28.7864 0.0625990 1.108613 2
4595543.1493 5437426.9475  30.2573 0.1126572 1.231920 0
4595543.5269 5437428.1602  35.2913 0.1130260 1.006102 1
4595543.3528 5437427.3174  32.7661 0.0495868 1.382628 3
4595543.6215 5437428.0117  36.2505 0.0257850 0.915540 1
4595543.5367 5437427.5992  35.0081 0.1228598 1.079085 2
4595543.3787 5437426.8309  32.7841 0.0830031 1.193411 3
4595543.4829 5437426.7263  33.9045 0.1996910 1.191949 0
4595543.6628 5437426.9973  36.0737 0.1879284 1.126482 0
4595543.5726 5437425.9409  34.3586 0.0811981 1.094758 1
4595543.6688 5437425.8032  35.3298 0.1913818 1.093373 0
4595542.0823 5437427.3605  28.3082 0.0524818 1.018181 1
4595541.9919 5437426.3196  26.6376 0.0988661 1.103294 0
4595542.2398 5437426.8780  29.7723 0.2233711 1.867543 0
4595542.4987 5437426.8859  32.6802 0.1300767 0.972084 1
4595542.3451 5437425.5357  30.0811 0.2115004 1.234928 0
4595542.5005 5437425.0543  31.4306 0.1404031 1.097140 1
4595541.4446 5437425.6546   0.0755 0.7866345 1.065503 0
4595541.3754 5437426.0823   0.0383 0.5924462 1.050601 0
4595541.3560 5437425.6298  26.6537 0.0312532 0.918179 1
4595541.5069 5437425.3681   1.0773 0.0164741 0.807906 1
4595541.5255 5437425.2794   0.0778 0.4620413 1.043136 3
4595541.4564 5437425.7072   0.0445 0.7127992 1.076716 0
4595541.3865 5437426.1393   0.0475 0.5895319 1.081737 0
4595541.4299 5437425.7921  26.6859 0.0592948 1.014749 1
4595541.6568 5437425.0175   0.0704 0.6092877 1.083663 0
4595541.5677 5437425.5436   1.1704 0.0372831 1.143823 1
4595541.5872 5437425.4482   0.0946 0.3067866 1.099535 3
4595541.5180 5437425.8769   0.0560 0.6535826 1.065503 0
4595541.4480 5437426.3098   0.0684 0.5941864 1.048799 0
4595541.3786 5437426.7397   0.0430 0.5194917 1.061388 0
4595541.7614 5437425.1587  30.1801 0.0583713 1.051477 1
4595541.6350 5437426.0263  26.6221 0.1404831 1.069919 0
4595541.5316 5437426.6194  28.6530 0.0417186 1.185778 1
4595541.4680 5437427.0152  28.5660 0.0872203 1.019567 1
4595541.9268 5437424.8399   0.0369 0.5670369 1.076310 0
4595541.8573 5437425.2712   0.0665 0.5594435 1.049570 0
4595541.7881 5437425.7004   0.0634 0.6089489 1.065115 0
4595541.7179 5437426.1349   0.0837 0.6300199 1.049169 0
4595541.6484 5437426.5660   0.0732 0.6759199 1.102754 0
4595541.5779 5437427.0017   0.0962 0.5402541 1.105169 0
4595541.8926 5437424.9499  30.0820 0.0893748 1.036321 1
4595541.7607 5437425.8366  26.7731 0.1888223 1.064140 0
4595541.7381 5437426.0246  24.4503 0.0574011 1.103682 1
4595541.5730 5437426.9347  29.8926 0.0503636 1.098318 1
4595541.5972 5437426.8122  28.5687 0.0326626 1.124327 2
4595542.0456 5437424.6216   0.0219 0.4877607 1.066266 0
4595541.9768 5437425.0491   0.0240 0.5986988 1.061736 0
4595541.9071 5437425.4810   0.0605 0.5270937 1.074906 0
4595541.8372 5437425.9136   0.0695 0.6146081 1.043777 0
4595541.7675 5437426.3456   0.0720 0.6517145 1.058805 0
4595541.6975 5437426.7787   0.0845 0.4858608 1.055113 0
4595541.6269 5437427.2150   0.1144 0.1729387 1.042272 3
4595541.9396 5437425.1275  25.5850 0.0947357 1.400145 1
4595541.7910 5437426.0316  26.6085 0.1137171 1.102102 1
4595541.8281 5437425.8374  24.5372 0.0321198 1.198733 3
4595541.6805 5437426.6720  29.1513 0.1427565 1.516744 0
4595541.6269 5437427.0156  28.4908 0.1011599 1.056213 1
4595542.1270 5437424.4101  -0.0681 0.1490636 1.094003 3
4595542.0573 5437424.8418   0.0089 0.5870994 1.063136 0
4595541.9185 5437425.7024   0.0544 0.6861861 1.053169 0
4595541.8482 5437426.1380   0.0877 0.5661303 1.038894 0
4595541.7781 5437426.5720   0.1100 0.5040638 1.118986 0
4595541.7082 5437427.0050   0.1041 0.5603586 1.077928 0
4595541.6382 5437427.4384   0.1111 0.1441722 1.025003 3
4595542.2593 5437424.7798  31.5446 0.0940124 1.080548 1
4595542.1747 5437425.4125  25.6807 0.0536533 1.071352 1
4595542.0416 5437426.1728  29.4546 0.0534686 1.251780 1
4595542.0897 5437425.9214  26.7844 0.0547043 1.402994 3
4595541.9754 5437426.5829  29.5387 0.0915345 1.037821 1
4595541.9885 5437426.5145  28.8064 0.0321869 0.991536 3
4595541.9044 5437427.0175  29.8857 0.1615450 1.047121 1
4595541.9302 5437426.8835  28.4362 0.0487032 1.393535 3
4595542.3624 5437424.7046  -0.0335 0.4493632 1.064722 0
4595541.8499 5437427.4338  25.5701 0.1596412 1.700257 0
4595542.2209 5437425.5816   0.2283 0.2104668 1.172243 3
4595542.1537 5437426.0018   0.0936 0.6743454 1.050747 0
4595542.0846 5437426.4315   0.0742 0.6282114 1.054011 0
4595541.9984 5437426.9496   1.0533 0.0164418 0.718295 1
4595542.0144 5437426.8672   0.0963 0.5809570 1.063032 3
4595541.9448 5437427.3002   0.0920 0.4823411 1.050730 0
4595541.8747 5437427.7349   0.1125 0.3738786 1.084134 3
4595542.6130 5437423.9874  29.6056 0.0976087 1.091576 1
4595542.4566 5437424.9348  31.3685 0.1061090 1.091307 1
4595542.5586 5437424.3950  25.7290 0.0215663 0.977822 2
4595542.4168 5437425.2050  30.0828 0.1146055 1.173504 1
4595542.4278 5437425.2075  25.9150 0.1376639 1.116201 0
4595542.2546 5437426.1817  31.9595 0.2530544 1.107167 0
4595542.1748 5437426.6623  32.8204 0.0415613 1.055363 1
4595542.2318 5437426.3629  29.6339 0.0513414 1.087168 2
4595542.2798 5437426.1104  26.9426 0.0609862 1.137988 3
4595542.1619 5437426.7925  29.9175 0.0361702 1.100685 1
4595542.1808 5437426.6932  28.8508 0.0197079 0.796637 2
4595542.1974 5437426.6063  27.9167 0.1030485 1.277261 3
4595542.1248 5437427.0497  28.3383 0.1466714 1.130004 1
4595542.1812 5437426.7544  25.1290 0.0674600 2.434353 3
4595542.1174 5437427.1525  25.0248 0.1942568 1.167735 1
4595542.5504 5437424.8881  -0.0331 0.0500098 1.016205 3
4595542.0362 5437427.6412  25.9369 0.1367024 1.122285 1
4595542.0574 5437427.5302  24.7014 0.0214530 1.014123 3
4595542.4108 5437425.7551   0.1148 0.6184735 1.039893 0
4595542.3418 5437426.1845   0.0740 0.5482976 1.108668 0
4595542.2718 5437426.6189   0.0968 0.5978853 1.068134 0
4595542.2016 5437427.0545   0.1260 0.6712128 1.075430 0
4595542.1322 5437427.4854   0.1002 0.7101698 1.038028 0
4595542.0623 5437427.9193   0.1170 0.2791435 1.050347 3
4595542.7338 5437423.8411  29.5294 0.0900839 1.055728 1
4595542.5771 5437424.7931  31.3475 0.1672334 1.096182 0
4595542.5383 5437425.0550  29.9802 0.0626597 1.340120 1
4595542.3757 5437426.0380  31.9450 0.1280087 1.117973 1
4595542.4806 5437425.4712  25.9970 0.0353502 1.696159 3
4595542.2959 5437426.5212  32.8324 0.1051171 1.070071 1
4595542.3496 5437426.2317  29.7623 0.0374845 1.308153 3
4595542.2687 5437426.7206  30.6906 0.0338353 1.296442 1
4595542.2902 5437426.6048  29.4521 0.0506989 1.460171 2
4595542.3181 5437426.4543  27.8411 0.1034576 1.290684 3
4595542.2432 5437426.9115  28.4105 0.0831506 0.993878 1
4595542.2831 5437426.6971  26.0913 0.0508788 1.057068 3
4595542.2354 5437427.0079  25.0507 0.2065586 1.082513 0
4595542.1554 5437427.4927  25.8995 0.1222581 1.124507 0
4595542.0953 5437427.8705  25.5826 0.0489771 1.112056 1
4595542.5196 5437425.5986   0.1113 0.4558990 1.047995 3
4595542.4503 5437426.0294   0.1016 0.5760949 1.072715 0
4595542.3806 5437426.4623   0.1101 0.5519026 1.085291 0
4595542.3103 5437426.8984   0.1373 0.5895147 1.102519 0
4595542.2403 5437427.3330   0.1568 0.7360592 1.052988 0
4595542.1707 5437427.7650   0.1578 0.0546611 0.948498 3
4595542.9223 5437424.1083  29.1970 0.0789823 1.271148 1
4595542.8932 5437424.3172  27.3013 0.1373501 1.601693 0
4595542.7600 5437425.0942  31.3141 0.1155892 1.127129 1
4595542.7162 5437425.3834  30.2273 0.1737267 1.129263 0
4595542.6305 5437425.9002  31.4689 0.0821019 1.082478 1
4595542.7252 5437425.3854  26.0507 0.0928089 1.157158 3
4595542.5435 5437426.4241  32.7830 0.1048161 1.100068 0
4595542.4809 5437426.8159  32.7020 0.1164068 1.159872 1
4595542.5117 5437426.6488  30.9199 0.0455683 1.365936 3
4595542.4652 5437426.9531  29.8804 0.1504192 1.125237 1
4595542.4927 5437426.8044  28.2761 0.0498675 1.585994 3
4595542.4017 5437427.3496  29.8077 0.0566325 1.100567 1
4595542.4628 5437427.0197  26.2096 0.0287350 1.022336 2
4595542.4818 5437426.9169  25.0878 0.0514543 1.267505 3
4595542.4031 5437427.3964  25.8840 0.1690452 1.096095 1
4595542.8360 5437425.0602  -0.0515 0.0353672 1.020319 3
4595542.3439 5437427.7700  25.5197 0.0796250 1.136998 1
4595542.7658 5437425.4969   0.0948 0.2770214 1.022476 3
4595542.6973 5437425.9245   0.0635 0.6410034 1.057728 0
4595542.3077 5437428.0769  19.7432 0.0518628 1.169224 1
4595542.6281 5437426.3559   0.0623 0.4541759 1.086052 3
4595542.5575 5437426.7947   0.1237 0.2437250 1.167053 3
4595542.4883 5437427.2261   0.1078 0.0713998 1.227610 3
4595542.4192 5437427.6574   0.0895 0.4162241 1.087547 3
4595543.2328 5437423.9852  26.4700 0.0960640 1.052999 1
4595543.1171 5437424.6662  29.4290 0.0911013 1.158609 1
4595543.1485 5437424.4952  27.6456 0.0625993 1.436730 3
4595542.9643 5437425.5485  34.5800 0.0955795 1.014639 1
4595543.0225 5437425.2323  31.2664 0.1043164 1.100909 3
4595542.9768 5437425.5322  30.2874 0.1639219 1.088125 0
4595542.8447 5437426.3011  34.1802 0.0285258 0.964256 1
4595542.8636 5437426.1984  33.0988 0.0465215 1.140470 2
4595542.9855 5437425.5376  26.1361 0.0512830 1.106966 3
4595542.7842 5437426.6809  33.9941 0.0392245 0.996022 1
4595542.8474 5437426.3389  30.3709 0.0958754 1.148572 3
4595542.7382 5437426.9826  32.9642 0.1540221 1.202057 0
4595542.7268 5437427.0979  29.8860 0.1632386 1.106411 1
4595542.7860 5437426.7781  26.4312 0.0269650 1.089097 3
4595542.7431 5437427.0644  25.1177 0.1049548 1.647681 1
4595542.8106 5437426.7008  21.1453 0.0787723 1.403541 2
4595543.1678 5437424.7757  -0.1990 0.0332925 1.066211 3
4595542.6164 5437427.8024  28.7968 0.0737585 1.048071 1
4595543.0974 5437425.2139  -0.0094 0.0533025 1.112245 3
4595542.5727 5437428.1495  23.5958 0.1775491 1.055410 1
4595542.5667 5437428.2391  19.9490 0.1593972 1.057643 1
4595542.8888 5437426.5140   0.1576 0.0722964 1.221428 3
4595542.8201 5437426.9432   0.0961 0.4546993 1.082578 3
4595542.7509 5437427.3748   0.0764 0.1080384 1.044907 3
4595543.3596 5437423.9904  26.5565 0.0941560 1.125978 0
4595543.1618 5437425.1335  34.3176 0.0416627 1.039891 1
4595543.2473 5437424.6584  29.3672 0.0512084 1.108065 2
4595543.2771 5437424.4927  27.6384 0.0279937 1.267769 2
4595543.3684 5437423.9855  22.4036 0.0507935 1.195958 3
4595543.0851 5437425.6030  35.1566 0.0613223 1.067824 1
4595543.1517 5437425.2332  31.2878 0.0370217 1.041170 3
4595543.1066 5437425.5276  30.2617 0.1130994 1.121587 1
4595543.1938 5437425.0440  25.1263 0.0542294 1.382358 3
4595542.9795 5437426.2760  33.9529 0.1165554 1.039953 1
4595542.9938 5437426.1968  33.1191 0.0426099 1.118789 3
4595542.9709 5437426.3681  30.7160 0.2054927 1.467094 0
4595542.8706 5437426.9681  32.8312 0.1124281 1.441842 1
4595542.9018 5437426.7953  30.9894 0.0202633 0.949818 3
4595542.8569 5437427.0890  29.8272 0.0396865 1.076214 1
4595542.9152 5437426.7675  26.3603 0.1028905 1.125339 2
4595542.8578 5437427.1309  25.8846 0.1849420 1.125039 0
4595542.8728 5437427.0956  20.9948 0.0767500 1.061141 1
4595543.2158 5437425.2086  -0.0299 0.1436133 1.126470 3
4595542.6794 5437428.2071  28.8483 0.1332140 1.114065 0
4595542.6995 5437428.1450  23.5796 0.0599077 1.123983 1
4595542.7535 5437427.8486  20.2131 0.1708617 1.149752 3
4595542.6921 5437428.2343  19.9259 0.0320925 1.141446 1
4595543.0074 5437426.5065   0.1279 0.3536915 1.069381 3
4595542.9383 5437426.9375   0.0900 0.6409596 1.038898 0
4595543.5942 5437423.3816  22.3262 0.0338137 1.156474 1
4595543.2996 5437425.0911  35.7209 0.0699726 1.102753 1
4595543.4073 5437424.4797  29.3770 0.0610608 1.393583 2
4595543.4389 5437424.3008  27.5446 0.0301607 1.155314 3
4595543.2621 5437425.3407  34.3063 0.1228206 1.178234 1
4595543.3148 5437425.0414  31.1719 0.0255223 1.100037 3
4595543.1903 5437425.7843  34.8488 0.0350156 1.145296 1
4595543.1439 5437426.0847  33.8628 0.0474338 1.199716 1
4595543.2070 5437425.7280  30.1203 0.0256834 1.086600 2
4595543.2738 5437425.3501  26.1228 0.0836924 1.097396 3
4595543.0980 5437426.3823  32.8265 0.1672379 1.108518 0
4595543.0320 5437426.7939  32.9506 0.1291364 1.117232 1
4595543.0646 5437426.6097  31.0021 0.0739857 1.086858 3
4595543.0173 5437426.9156  29.9709 0.1407526 1.151808 1
4595543.0449 5437426.7600  28.3057 0.0521118 1.074435 3
4595543.0307 5437426.8797  25.2106 0.1588312 1.136219 1
4595543.0973 5437426.5046  21.1515 0.0437341 1.188525 3
4595542.9549 5437427.3472  25.8578 0.0605980 1.197024 1
4595543.0337 5437426.9036  20.9960 0.0395781 1.025694 2
4595543.3699 5437425.0116  -0.0320 0.3580934 1.098746 3
4595542.8415 5437428.0253  28.8902 0.1859565 1.191918 0
4595542.7318 5437428.6824  31.7843 0.0766346 1.082219 1
4595542.7829 5437428.3952  28.5304 0.0337171 1.289123 3
4595542.8500 5437428.0605  20.1196 0.1271587 1.079045 1
4595543.1631 5437426.3046   0.1242 0.1538201 1.063325 3
4595543.0940 5437426.7364   0.1153 0.6893884 1.060951 0
4595543.0250 5437427.1683   0.0750 0.0492408 1.040735 3
4595543.5438 5437425.3385  35.4136 0.2103478 1.076086 0
4595543.5007 5437425.6207  34.3146 0.1960348 1.146615 0
4595543.4286 5437426.0678  34.8726 0.1824301 1.078130 0
4595543.3375 5437426.6211  36.5512 0.1737522 1.034409 1
4595543.3804 5437426.3793  34.0166 0.0210950 1.025552 3
4595543.3635 5437426.5146  31.2388 0.1539480 1.509048 0
4595543.2336 5437427.2866  35.1589 0.1384633 1.036020 1
4595543.2730 5437427.0650  32.7996 0.0218739 0.932479 3
4595543.2853 5437427.0363  28.1765 0.1118881 1.085815 1
4595543.3156 5437426.8663  26.3477 0.0252079 1.180154 3
4595543.2053 5437427.5280  29.1049 0.1355422 1.152977 1
4595543.2587 5437427.2280  25.8325 0.0476446 1.134403 3
4595543.0914 5437428.2089  32.2282 0.2390143 1.262005 0
4595543.0733 5437428.3529  29.3637 0.1173185 1.110834 0
4595542.9842 5437428.8947  31.0079 0.0358730 0.933758 1
4595543.0074 5437428.7649  29.5201 0.1187106 1.183097 3
4595542.9580 5437429.0845  28.6024 0.0784616 1.304855 3
4595543.9504 5437424.4866  29.2855 0.0301491 1.048893 1
4595544.0504 5437423.9192  23.4640 0.0398025 1.098157 3
4595543.7863 5437425.4544  35.2786 0.3014836 1.124642 0
4595543.7400 5437425.7550  34.3392 0.1562901 1.176497 0
4595543.6720 5437426.1777  34.6595 0.0347020 1.003341 1
4595543.7195 5437425.9090  31.8303 0.0920644 1.311336 2
4595543.7481 5437425.7477  30.1310 0.0285167 1.185569 3
4595543.5842 5437426.7130  36.1425 0.1047742 1.031048 1
4595543.6407 5437426.3936  32.7853 0.0714148 1.202271 3
4595543.5727 5437426.8168  33.0440 0.1502287 1.055610 0
4595543.4632 5437427.4737  35.7684 0.0180178 0.910432 1
4595543.4771 5437427.3954  34.9335 0.1261088 1.099858 3
4595543.5567 5437426.9872  26.2225 0.0922576 1.396504 1
4595543.5737 5437426.8917  25.1921 0.0756960 0.995807 2
4595543.6160 5437426.6536  22.6202 0.0182869 0.825242 3
4595543.3942 5437427.9425  32.2513 0.2092694 1.136911 0
4595543.3562 5437428.1972  30.6525 0.0972750 1.033316 1
4595543.3740 5437428.0974  29.5372 0.0536549 1.085605 3
4595543.2547 5437428.8084  33.0786 0.0275397 1.029832 1
4595543.3097 5437428.5000  29.5676 0.1278004 1.072624 2
4595543.3248 5437428.4149  28.6057 0.0255565 1.163065 2
4595543.3647 5437428.1911  26.0765 0.0339909 1.310095 3
4595543.2249 5437429.0174  30.9547 0.0376880 0.941045 1
4595543.2467 5437428.8951  29.5470 0.0670195 0.988364 3
4595544.2604 5437423.6117  28.5551 0.1808155 1.138037 1
4595544.1237 5437424.4647  29.2152 0.0735088 1.072313 1
4595544.2568 5437423.6985  21.3394 0.0333741 1.301035 3
4595543.9603 5437425.4379  35.2329 0.2196115 1.113343 0
4595543.9137 5437425.7390  34.2997 0.3433515 1.116002 1
4595543.9942 5437425.2762  29.4600 0.0320209 1.192759 3
4595543.8464 5437426.1587  34.5866 0.0571604 1.178682 1
4595543.8909 5437425.9032  31.9000 0.1288831 1.109990 3
4595543.7582 5437426.6988  36.1216 0.0628976 1.043140 1
4595543.8109 5437426.3960  32.9392 0.1127212 1.131481 3
4595543.7117 5437426.9990  35.0946 0.0886974 1.026516 1
4595543.7453 5437426.8065  33.0626 0.1005964 1.035605 3
4595543.6392 5437427.4488  35.6367 0.0786019 1.157250 0
4595543.5812 5437427.8149  35.3316 0.0916849 1.001592 1
4595543.7272 5437426.9797  26.2818 0.0523476 1.233361 3
4595543.5706 5437427.9103  32.0373 0.2402867 1.992765 0
4595543.5306 5437428.1745  30.5610 0.0633483 0.991302 1
4595543.5461 5437428.0858  29.5697 0.0263826 1.142648 3
4595543.4311 5437428.7784  32.8985 0.1214227 1.172002 0
4595543.3657 5437429.1871  33.0745 0.1340046 1.025631 0
4595543.3163 5437429.5052  32.1938 0.0712545 1.015977 1
4595543.3630 5437429.2395  29.1039 0.0360946 1.069550 3
4595543.3169 5437429.5391  27.9409 0.0571338 1.163238 1
4595543.3601 5437429.2932  25.0618 0.0728510 1.143640 2
4595543.7346 5437427.1634   0.1024 0.1260536 1.014007 3
4595544.4963 5437423.8166  28.7461 0.2150429 1.032716 0
4595544.5185 5437423.7218  23.7491 0.1319571 1.201006 1
4595544.4511 5437424.1445  24.0128 0.1121905 1.063102 1
4595544.4881 5437423.9312  21.8021 0.0317000 1.259134 3
4595544.3825 5437424.5736  24.3234 0.1393268 1.028401 0
4595544.1017 5437426.2223  37.3951 0.1707753 1.152424 0
4595544.0627 5437426.4805  36.0157 0.0756179 1.376528 1
4595544.0850 5437426.3521  34.6606 0.0434042 1.205677 3
4595543.9843 5437426.9647  36.9332 0.1176627 1.075446 1
4595544.0520 5437426.5760  32.8474 0.0877671 1.436186 3
4595543.9331 5437427.2926  36.2079 0.1009884 1.150408 0
4595543.8548 5437427.7764  37.1660 0.0519951 1.235399 0
4595543.8713 5437427.7173  32.2228 0.1509640 1.230032 0
4595543.7990 5437428.1671  32.8041 0.2292080 1.076292 0
4595543.7720 5437428.3578  30.4972 0.0841065 1.025161 1
4595543.7973 5437428.2135  28.8790 0.0554602 1.043105 3
4595543.6495 5437429.0936  34.3737 0.1300529 1.135217 1
4595543.7457 5437428.5447  28.1014 0.0599509 1.716365 3
4595543.6789 5437428.9632  28.3248 0.1685191 1.357685 0
4595544.0403 5437426.9455   0.2453 0.4300836 1.061121 0
4595543.5595 5437429.7192  27.7723 0.1318832 1.208105 0
4595544.8591 5437423.6956  29.7355 0.1038298 1.108747 1
4595544.8856 5437423.5443  28.2244 0.0382053 1.338524 2
4595544.6819 5437424.7430  36.3378 0.0835838 1.129463 1
4595544.7930 5437424.1092  29.9329 0.0544337 1.253914 3
4595544.7282 5437424.5163  30.0615 0.1303108 1.099233 1
4595544.7403 5437424.4469  29.3516 0.0091635 0.729895 2
4595544.7501 5437424.3913  28.7823 0.0443644 1.069631 3
4595544.5231 5437425.7207  38.3655 0.2161678 1.135559 0
4595544.6203 5437425.2054  28.9967 0.0834695 1.299936 1
4595544.6826 5437424.8512  25.3166 0.0566915 1.246207 3
4595544.3873 5437426.5672  39.0887 0.0203453 0.987290 1
4595544.4105 5437426.4353  37.7142 0.0518395 1.195135 2
4595544.4594 5437426.1577  34.8030 0.0729697 1.248625 3
4595544.3339 5437426.9080  38.5499 0.1818280 1.094418 0
4595544.2894 5437427.1988  37.4693 0.1503110 1.223775 0
4595544.2221 5437427.6184  37.7454 0.0634765 0.991061 1
4595544.2459 5437427.4838  36.3004 0.0497859 1.393178 3
4595544.2421 5437427.5447  32.6860 0.2337801 1.066348 0
4595544.1227 5437428.2594  36.1758 0.1895445 1.075276 0
4595544.0814 5437428.5324  34.8378 0.1084449 1.067885 0
4595544.0156 5437428.9436  35.0305 0.1467366 1.185872 1
4595544.0422 5437428.7939  33.3427 0.0318128 1.432370 3
4595543.9783 5437429.1947  33.4084 0.1957092 1.113017 0
4595543.9534 5437429.3765  30.9495 0.1368411 1.078182 0
4595543.8961 5437429.7407  30.5134 0.1305092 1.079446 1
4595544.3488 5437427.1983   0.9064 0.0385442 1.071021 3
4595544.2883 5437427.5835   0.3730 0.1903502 1.044117 3
4595544.9933 5437424.1167  33.8450 0.0385215 1.028350 1
4595545.0640 5437423.7092  29.7847 0.0466877 1.216435 2
4595544.8887 5437424.7517  36.3024 0.0909994 1.259480 1
4595544.9993 5437424.1149  29.8868 0.0493667 1.009836 3
4595544.9333 5437424.5285  30.0723 0.0654907 1.183161 1
4595544.9544 5437424.4074  28.8386 0.1082808 1.029397 3
4595544.7319 5437425.7196  38.2158 0.2032207 1.094048 0
4595544.8246 5437425.2216  29.0290 0.0727163 1.167171 1
4595544.8870 5437424.8634  25.3131 0.0665067 1.073503 3
4595544.6167 5437426.4491  37.7033 0.1363133 1.076810 0
4595544.5411 5437426.9166  38.4870 0.1832494 1.050850 1
4595544.6099 5437426.5223  34.3557 0.0259227 0.976210 3
4595544.4947 5437427.2168  37.5104 0.1900025 1.196527 0
4595544.4297 5437427.6235  37.6607 0.0463062 1.113102 1
4595544.4549 5437427.4797  36.1186 0.0381168 1.422862 2
4595544.5213 5437427.1001  32.0562 0.0954115 1.294493 3
4595544.3962 5437427.8509  35.8634 0.0676541 1.145438 1
4595544.4479 5437427.5551  32.6546 0.1128958 1.039747 3
4595544.3289 5437428.2708  36.1545 0.2055096 1.097335 1
4595544.3570 5437428.1107  34.3969 0.0488553 2.049090 3
4595544.2864 5437428.5492  34.8746 0.2105938 1.112842 1
4595544.3128 5437428.3991  33.2087 0.0413839 1.519289 3
4595544.2238 5437428.9432  34.8480 0.1018295 1.129284 1
4595544.2480 5437428.8054  33.3013 0.0456861 1.239797 3
4595544.1853 5437429.1992  33.2783 0.1139431 1.112589 0
4595544.1592 5437429.3857  30.8578 0.1317540 1.084211 0
4595544.0999 5437429.7607  30.5623 0.1519112 1.177189 1
4595544.5488 5437427.2121   0.9251 0.0630494 1.245708 3
4595544.1248 5437429.6582  24.6586 0.0419568 1.082640 2
4595544.4884 5437427.5967   0.3817 0.1522335 1.063473 3
4595544.0602 5437430.0637  24.6183 0.0320179 1.104497 3
4595545.3142 5437423.4042  30.8431 0.0265308 0.881371 1
4595545.2012 5437424.0922  33.6890 0.1041502 1.081290 1
4595545.0978 5437424.7238  36.0891 0.0572217 1.043192 1
4595545.1350 5437424.5075  33.9208 0.0761472 1.065619 3
4595545.0357 5437425.1159  36.0944 0.2686326 1.105206 0
4595544.9420 5437425.6908  37.9812 0.0812840 1.038355 1
4595544.9776 5437425.4839  35.8690 0.0359879 1.359347 3
4595544.8868 5437426.0419  37.5708 0.1293935 1.765114 1
4595545.0135 5437425.3073  29.9833 0.0451017 1.151477 2
4595545.0898 5437424.8646  25.4000 0.0202431 0.853247 3
4595544.8000 5437426.5770  39.0766 0.1389219 1.162946 1
4595544.8203 5437426.4589  37.8494 0.0503076 1.540346 3
4595544.7514 5437426.8898  38.2506 0.0759190 1.045335 1
4595544.8270 5437426.4520  33.6615 0.0262199 1.078294 3
4595544.6791 5437427.3404  38.8711 0.0833875 0.999505 1
4595544.7194 5437427.1071  36.4020 0.0262979 1.371181 3
4595544.6427 5437427.5831  37.2743 0.1005487 1.176694 1
4595544.7180 5437427.1483  32.6211 0.0358527 1.388311 2
4595544.7343 5437427.0539  31.6106 0.0357966 1.615291 3
4595544.5778 5437427.9911  37.4269 0.1602339 1.103613 1
4595544.5995 5437427.8653  36.0642 0.0282091 1.277228 3
4595544.5587 5437428.1346  34.6950 0.1815221 1.095377 1
4595544.5834 5437427.9917  33.1285 0.0498464 1.653861 3
4595544.5602 5437428.1592  30.5898 0.1552235 1.059089 1
4595544.6585 5437427.5928  24.3131 0.0220139 0.928737 3
4595544.4973 5437428.5565  30.5527 0.1254610 1.134883 1
4595544.5215 5437428.4168  28.9888 0.0360862 1.196849 3
4595544.4335 5437428.9583  30.5532 0.0247945 0.975450 1
4595544.7826 5437426.9502   7.7996 0.4711779 1.737181 3
4595544.3938 5437429.2214  28.9767 0.0981221 1.050026 1
4595544.7705 5437427.0566   4.1595 0.1083392 1.756761 3
4595544.3737 5437429.3723  26.0626 0.0328334 1.037264 1
4595544.4132 5437429.1459  23.4359 0.0261010 1.049520 2
4595544.7475 5437427.2269   1.1717 0.0951334 1.209313 3
4595544.3314 5437429.6515  24.5959 0.0414294 1.068465 1
4595544.3730 5437429.4129  21.7841 0.0754013 1.034790 2
4595544.6906 5437427.5919   0.4024 0.2483945 1.038909 3
4595544.2668 5437430.0585  24.6098 0.0169519 0.858526 2
4595544.6238 5437428.0137   0.2907 0.1001165 1.072132 3
4595545.7187 5437423.3944  28.6118 0.0513380 1.087156 1
4595545.6383 5437423.8908  29.5255 0.1131519 1.011251 1
4595545.6527 5437423.8085  28.7101 0.0501454 1.122253 3
4595545.4568 5437424.9634  36.2853 0.1909896 1.363092 0
4595545.3852 5437425.4097  36.8368 0.2252859 1.578891 0
4595545.2979 5437425.9444  38.2993 0.2609413 1.254820 0
4595545.2222 5437426.4128  39.1151 0.2281742 1.141402 0
4595545.1558 5437426.8288  39.3716 0.1816796 1.518384 0
4595545.1035 5437427.1647  38.7984 0.0989618 1.007736 1
4595545.1213 5437427.0636  37.7327 0.1047888 1.120788 3
4595545.0625 5437427.4360  37.5186 0.1253167 1.103268 1
4595545.1578 5437426.8966  31.7724 0.1582829 1.135977 3
4595545.0619 5437427.4796  33.7505 0.1122420 1.022349 1
4595545.1059 5437427.2309  31.0714 0.0342229 1.231144 3
4595544.9614 5437428.0886  36.0439 0.0740642 1.222806 1
4595545.0457 5437427.6122  30.8705 0.0349186 1.153082 2
4595545.1200 5437427.1924  26.3012 0.0271840 1.094355 3
4595544.8951 5437428.5039  36.2770 0.1072869 1.027964 0
4595544.9194 5437428.4082  30.8220 0.0466384 1.157493 1
4595544.9468 5437428.2538  29.1048 0.1147249 1.090290 2
4595544.9960 5437427.9764  26.0199 0.0276806 1.388045 3
4595544.8585 5437428.7938  30.6495 0.0332294 1.088364 1
4595544.9023 5437428.5469  27.8710 0.1715094 1.053235 3
4595544.8381 5437428.9512  27.8883 0.1826191 1.092575 0
4595544.7745 5437429.3524  27.8530 0.0908531 0.982697 0
4595544.7089 5437429.7646  27.9843 0.0950110 1.159314 1
4595544.7322 5437429.6338  26.4453 0.0273597 0.988115 3
4595544.7066 5437429.8222  23.9120 0.0733458 1.035242 1
4595545.0638 5437427.8204   0.2496 0.3503304 1.098666 3
4595544.9949 5437428.2542   0.2712 0.0782677 1.093323 3
4595544.7223 5437429.9719   0.2216 0.0717063 1.113856 3
4595545.9367 5437423.9467  33.0014 0.0507559 1.184386 1
4595545.8723 5437424.3513  33.0727 0.1741080 1.089767 0
4595545.7702 5437424.9695  35.3083 0.0915657 1.101182 1
4595545.8077 5437424.7571  33.1733 0.0918063 1.068496 3
4595545.6817 5437425.5100  36.7969 0.0369549 1.349709 1
4595545.7077 5437425.3633  35.3060 0.0729732 1.278689 2
4595545.7440 5437425.1579  33.2186 0.0517956 1.108071 3
4595545.6144 5437425.9307  37.0854 0.0356886 0.982972 1
4595545.6818 5437425.5500  33.1901 0.0204667 0.878166 3
4595545.5167 5437426.5233  39.1467 0.0659146 1.224219 1
4595545.5429 5437426.3751  37.6135 0.0856923 1.233873 3
4595545.4554 5437426.9098  39.1027 0.1376497 1.190593 0
4595545.4138 5437427.1853  37.8857 0.0632981 1.146077 1
4595545.4301 5437427.0935  36.9152 0.0286129 1.140921 2
4595545.4804 5437426.8098  33.9163 0.1106916 1.053419 2
4595545.4979 5437426.7114  32.8757 0.0227286 1.132517 3
4595545.3581 5437427.5403  37.4871 0.0297763 1.135419 1
4595545.3739 5437427.4513  36.5400 0.0805775 1.158652 2
4595545.4387 5437427.0872  32.6491 0.0436544 1.037797 2
4595545.4604 5437426.9648  31.3406 0.1396659 1.058718 3
4595545.2962 5437427.9303  37.4359 0.0595242 1.027517 1
4595545.3126 5437427.8381  36.4459 0.1195413 1.198002 3
4595545.2585 5437428.1849  35.9152 0.1254690 1.488726 1
4595545.2887 5437428.0154  34.0737 0.0234279 1.154011 3
4595545.1897 5437428.6137  36.2934 0.1205323 1.086633 1
4595545.2028 5437428.5398  35.4769 0.0802887 1.679675 3
4595545.1599 5437428.8237  34.2435 0.0295706 1.365786 3
4595545.1484 5437428.9329  30.9975 0.2354659 1.133464 0
4595545.1373 5437429.0396  27.6623 0.0511313 1.297696 3
4595545.0211 5437429.7337  31.0510 0.0330227 0.962603 1
4595545.0699 5437429.4616  27.8764 0.0870156 1.047832 3
4595545.0053 5437429.8678  27.9644 0.0802138 1.129143 1
4595545.0266 5437429.7493  26.5636 0.0382932 1.147300 2
4595545.0425 5437429.6610  25.5191 0.0616415 1.055095 3
4595544.9369 5437430.2954  28.3106 0.0360020 1.112060 1
4595545.3618 5437427.9320   0.2240 0.4893432 1.042189 3
4595544.8885 5437430.6115  27.3069 0.0305759 1.006920 3
4595545.2263 5437428.7862   0.1120 0.0391312 1.227697 3
4595545.0892 5437429.6487   0.1516 0.5111427 1.065244 3
4595545.0210 5437430.0786   0.1910 0.2747937 1.053917 3
4595546.0850 5437423.9218  32.5597 0.0390612 1.139874 1
4595545.9720 5437424.6088  35.4260 0.0757778 1.036125 1
4595546.0147 5437424.3620  32.9790 0.0769121 1.245671 3
4595545.9104 5437424.9985  35.3848 0.2216490 1.050026 0
4595545.8218 5437425.5443  36.9214 0.1200182 1.107215 1
4595545.8473 5437425.3972  35.4292 0.0475035 1.290510 3
4595545.7580 5437425.9464  37.0170 0.1888578 1.136845 1
4595545.8362 5437425.4960  32.4110 0.0374223 1.603810 3
4595545.6684 5437426.4973  38.6428 0.1407679 1.177380 1
4595545.6877 5437426.3860  37.4911 0.0818352 1.548631 2
4595545.7310 5437426.1370  34.9167 0.0596607 1.103430 3
4595545.5980 5437426.9372  39.1413 0.0842039 1.066896 1
4595545.6181 5437426.8216  37.9340 0.0631038 1.515057 3
4595545.5559 5437427.2145  37.9402 0.0298253 1.056509 1
4595545.5753 5437427.1030  36.7629 0.1127674 1.106835 2
4595545.6163 5437426.8676  34.2783 0.0953201 1.584514 3
4595545.5817 5437427.1022  32.5605 0.1418591 1.082635 1
4595545.6023 5437426.9843  31.3018 0.1070999 1.146986 2
4595545.6163 5437426.9035  30.4397 0.0205174 1.200084 3
4595545.4552 5437427.8644  36.4623 0.1372789 1.187499 1
4595545.5205 5437427.4900  32.4482 0.0285007 1.024773 2
4595545.5567 5437427.2826  30.2066 0.0754960 1.754699 2
4595545.6386 5437426.8129  25.1376 0.0218013 0.958398 3
4595545.3979 5437428.2295  36.1257 0.0349776 1.266975 1
4595545.4083 5437428.1700  35.4797 0.0306663 1.300480 2
4595545.4375 5437428.0024  33.6608 0.0661192 1.125119 2
4595545.5051 5437427.6156  29.4655 0.0562812 1.360139 3
4595545.3479 5437428.5524  35.3345 0.1004389 1.169278 1
4595545.3662 5437428.4481  34.1838 0.0645111 1.154507 3
4595545.2803 5437428.9768  35.6748 0.1055563 1.104179 1
4595545.1628 5437429.7626  31.1085 0.1493462 1.080333 1
4595545.2134 5437429.4742  27.7385 0.0334187 1.302549 3
4595545.0974 5437430.1741  31.3034 0.0351036 1.253460 1
4595545.1664 5437429.7819  26.6646 0.0300518 1.033865 2
4595545.1841 5437429.6809  25.4695 0.0327531 1.148095 2
4595545.5628 5437427.5266   0.2585 0.0404421 1.059412 3
4595545.4951 5437427.9541   0.1854 0.6605376 1.065528 0
4595545.4271 5437428.3840   0.1545 0.0335508 1.027209 3
4595545.3594 5437428.8118   0.1124 0.0857429 1.125582 3
4595545.2231 5437429.6727   0.1451 0.5129064 1.063582 3
4595545.1548 5437430.1041   0.2041 0.3072425 1.034547 3
4595546.4614 5437423.6244  32.2901 0.1159559 1.125597 0
4595546.4008 5437424.0093  32.1405 0.1832340 1.075772 0
4595546.3406 5437424.3917  31.9666 0.1666582 1.138584 0
4595546.2802 5437424.7756  31.8195 0.0700370 1.255833 1
4595546.3127 5437424.5896  29.9505 0.0671730 1.035090 2
4595546.1648 5437425.4734  34.8677 0.0565733 1.287982 3
4595546.0605 5437426.1076  37.3110 0.0177442 0.832615 1
4595546.1777 5437425.4385  30.4543 0.0413409 1.244854 3
4595546.0161 5437426.3996  36.2645 0.1734776 1.150361 1
4595546.0551 5437426.1770  33.9581 0.0787896 1.090755 3
4595545.9169 5437427.0038  38.4527 0.1147708 1.019799 0
4595545.8205 5437427.6317  36.7649 0.1250663 1.081303 1
4595545.8543 5437427.4394  34.7117 0.0471593 1.372824 3
4595545.7942 5437427.8625  30.6694 0.1231157 1.131668 3
4595545.7692 5437428.0458  28.2729 0.0758408 1.030567 1
4595546.2218 5437425.4820  -0.0645 0.2383423 1.079250 3
4595545.6753 5437428.6197  30.1738 0.1003761 1.004533 1
4595545.6922 5437428.5668  25.0325 0.1001385 1.121645 1
4595546.0835 5437426.3562   0.0540 0.2266266 1.043521 3
4595545.5231 5437429.5649  31.8682 0.2098948 1.081067 1
4595545.6070 5437429.0913  26.4206 0.0216360 0.989875 3
4595545.4597 5437429.9658  31.9503 0.1042763 1.302800 1
4595545.5424 5437429.4995  26.4737 0.0478113 1.215802 3
4595545.4794 5437429.8986  26.4749 0.1388431 1.080413 0
4595545.4172 5437430.2931  26.4292 0.0654058 1.193856 1
4595545.4299 5437430.2216  25.5697 0.0303067 1.070899 2
4595545.8081 5437428.0959   0.1860 0.1837406 1.055268 3
4595545.7408 5437428.5221   0.1083 0.0510227 1.073534 3
4595545.6721 5437428.9564   0.1553 0.5150397 1.083567 3
4595545.5209 5437429.9020   1.2756 0.0236355 0.772573 1
4595545.5360 5437429.8171   0.2018 0.6329864 1.075373 3
4595546.6825 5437424.7254  34.2339 0.0560675 1.233323 1
4595546.6925 5437424.7144  30.1362 0.0419500 0.923212 1
4595546.7103 5437424.6144  29.1293 0.1236247 1.127597 3
4595546.5191 5437425.7310  36.4058 0.0552399 1.103897 1
4595546.6182 5437425.1762  30.7667 0.0886813 1.110333 3
4595546.4646 5437426.0813  35.9620 0.1235690 1.071405 1
4595546.5024 5437425.8699  33.7938 0.0380938 1.244427 3
4595546.3942 5437426.5204  36.4216 0.0111550 0.696261 1
4595546.4049 5437426.4607  35.8035 0.0722909 1.507843 2
4595546.2741 5437427.2831  36.1057 0.1413518 1.090844 1
4595546.3167 5437427.0455  33.5998 0.0317433 1.165447 3
4595546.2594 5437427.4119  33.2493 0.0540425 1.229930 1
4595546.2824 5437427.2837  31.8813 0.0372100 1.014379 3
4595546.1361 5437428.1450  36.8972 0.2016122 1.047604 1
4595546.1784 5437427.9100  34.3494 0.0689919 1.132908 3
4595546.1050 5437428.3655  34.9931 0.1464612 1.105846 1
4595546.1281 5437428.2372  33.5884 0.0534980 1.292889 3
4595546.0845 5437428.5274  32.4066 0.0804235 1.054659 1
4595546.1175 5437428.3444  30.3785 0.0389427 1.800402 2
4595546.1450 5437428.1918  28.6874 0.0428822 1.219197 3
4595546.0193 5437428.9377  32.5752 0.0283077 0.934583 1
4595546.0524 5437428.7548  30.5147 0.0413507 1.083770 3
4595546.0765 5437428.6711  25.0168 0.0521134 1.021185 2
4595546.4745 5437426.4703   0.0789 0.0778360 1.005945 3
4595545.9802 5437429.2542  27.0928 0.1076107 1.078714 1
4595546.0089 5437429.0954  25.2619 0.0372201 1.163808 2
4595546.4062 5437426.9016   0.0576 0.0480324 1.072919 3
4595545.9190 5437429.6431  26.9507 0.0658495 1.047023 1
4595545.9441 5437429.5045  25.3212 0.0954423 1.123061 3
4595545.8664 5437429.9848  26.2736 0.0294890 1.083168 1
4595545.8827 5437429.8950  25.2042 0.0263127 0.930560 2
4595545.9574 5437429.4838  20.3116 0.1087254 1.115315 2
4595546.2676 5437427.7757   0.1608 0.1205269 1.058400 3
4595546.1998 5437428.2046   0.1473 0.2305506 1.045002 3
4595546.0624 5437429.0721   0.2360 0.2145453 1.058136 3
4595545.9947 5437429.4998   0.2197 0.3325733 1.066692 3
4595545.9264 5437429.9315   0.2905 0.0912578 1.108897 3
4595546.8934 5437424.6443  30.6331 0.1255789 1.116539 1
4595546.9212 5437424.4863  29.0485 0.0854497 1.119239 2
4595546.7738 5437425.3644  33.8843 0.0532683 0.988772 1
4595546.8305 5437425.0428  30.6243 0.1274919 1.044216 3
4595546.6722 5437425.9814  36.1384 0.0278974 1.115394 1
4595546.7144 5437425.7419  33.6901 0.0250141 0.970117 2
4595546.8025 5437425.2430  28.5848 0.1165100 1.200412 3
4595546.6162 5437426.3397  35.7634 0.1155426 1.036660 1
4595546.6889 5437425.9282  31.5139 0.0684704 1.312907 3
4595546.5526 5437426.7414  35.8135 0.1107158 1.164903 0
4595546.4858 5437427.1611  36.0422 0.0700460 1.022804 1
4595546.5288 5437426.9180  33.4963 0.0809296 1.096396 3
4595546.4683 5437427.3024  33.3325 0.0371717 1.173329 1
4595547.0222 5437424.1778   0.0160 0.0508881 1.040759 3
4595546.4287 5437427.5685  31.9095 0.1246443 1.057918 0
4595546.3353 5437428.1383  33.7949 0.1733742 1.499284 0
4595546.3293 5437428.2164  30.2808 0.0239485 1.042056 1
4595546.3558 5437428.0672  28.6311 0.0864472 1.156479 3
4595546.2281 5437428.8292  32.6802 0.1997408 1.040441 0
4595546.2160 5437428.9421  29.4786 0.0523079 1.216900 1
4595546.2858 5437428.5512  25.0379 0.0397645 1.028739 2
4595546.6808 5437426.3366   0.0641 0.2224538 1.011877 3
4595546.2181 5437428.9768  25.2941 0.1891307 1.060252 1
4595546.6123 5437426.7697   0.0605 0.0959146 1.017197 3
4595546.1276 5437429.5299  27.0313 0.1491453 1.115686 1
4595546.1515 5437429.3960  25.4727 0.0536641 1.442035 2
4595546.5431 5437427.2067   0.0807 0.0520577 1.002789 3
4595546.0637 5437429.9337  27.1013 0.0939026 1.052835 1
4595546.4741 5437427.6426   0.1253 0.0275528 0.926879 3
4595546.0952 5437429.8063  20.7850 0.0557217 1.387286 2
4595546.4056 5437428.0758   0.1575 0.1490735 1.084868 3
4595546.3369 5437428.5094   0.1984 0.0755944 1.062860 3
4595546.2689 5437428.9399   0.2285 0.4424986 1.072627 3
4595546.2010 5437429.3696   0.2315 0.6760413 1.075536 0
4595546.1335 5437429.7965   0.2308 0.4029016 1.039150 3
4595547.2176 5437424.5358  30.6652 0.0277063 1.023916 1
4595547.2670 5437424.2563  27.8714 0.0297735 1.015396 2
4595547.0984 5437425.2517  33.8558 0.1461886 1.053106 0
4595547.1291 5437425.1226  28.4963 0.0989178 1.052785 1
4595547.1424 5437425.0474  27.7289 0.0534211 1.498438 3
4595546.9402 5437426.2306  35.7741 0.1669947 1.168874 0
4595546.9537 5437426.1986  31.3336 0.0787678 1.242818 1
4595547.0083 5437425.8919  28.1403 0.0403666 1.259204 2
4595546.7985 5437427.1159  36.7332 0.0856043 1.050546 1
4595546.8137 5437427.0302  35.8394 0.0542516 1.086229 2
4595546.8287 5437426.9460  34.9608 0.0343717 1.454587 3
4595546.7452 5437427.4596  36.1746 0.0827507 1.220726 1
4595546.8084 5437427.1049  32.4329 0.0571395 1.231355 3
4595546.7542 5437427.4544  31.8836 0.0289817 0.929337 1
4595546.8422 5437426.9611  26.6206 0.1087000 1.112406 3
4595546.6903 5437427.8585  31.9330 0.0168306 0.813745 1
4595546.7072 5437427.7636  30.9020 0.1435302 1.529067 3
4595546.5858 5437428.4889  34.5004 0.1175646 1.142549 1
4595546.5989 5437428.4159  33.6954 0.0394032 1.434454 2
4595546.6389 5437428.1924  31.2329 0.0254156 1.198371 3
4595546.5383 5437428.8011  33.5997 0.0648759 1.032054 1
4595546.6172 5437428.3604  28.6660 0.0638565 1.066266 3
4595546.4920 5437429.1064  32.6006 0.0494649 1.213574 1
4595546.5256 5437428.9191  30.4750 0.1669110 1.486832 3
4595546.4254 5437429.5256  32.8679 0.1255884 1.168187 0
4595546.4546 5437429.4115  26.9681 0.1266724 1.058732 1
4595546.4803 5437429.2689  25.3152 0.0433730 1.049304 3
4595546.4843 5437429.2963  20.9139 0.0765342 1.064062 3
4595546.6682 5437428.3819   0.1119 0.1769662 1.062148 3
4595546.5771 5437428.9398   1.6975 0.0548650 1.344304 2
4595546.6003 5437428.8120   0.1379 0.2004099 1.122536 3
4595546.5319 5437429.2445   0.1917 0.3240979 1.036378 3
4595547.7676 5437424.2610  28.2385 0.0548086 1.083577 1
4595547.7845 5437424.1687  27.3151 0.0645307 1.096281 2
4595547.7229 5437424.5610  27.2224 0.0458547 1.167538 1
4595547.6550 5437424.9881  27.4650 0.0701028 1.214112 1
4595547.5215 5437425.7718  31.3919 0.1974005 1.096479 0
4595547.5264 5437425.8025  27.5640 0.1489978 1.143595 1
4595547.3127 5437427.0204  36.1046 0.0867548 1.032968 1
4595547.4220 5437426.4271  29.9080 0.0659412 1.186989 3
4595547.3127 5437427.0778  32.5250 0.1180713 1.665873 1
4595547.3571 5437426.8965  26.3123 0.1247006 1.040854 1
4595547.3836 5437426.7531  24.7819 0.0550104 1.084812 2
4595547.4282 5437426.5118  22.2073 0.0443808 1.125910 3
4595547.2267 5437427.6610  30.1604 0.0309568 1.068945 1
4595547.2798 5437427.3742  27.0769 0.1192946 1.194365 3
4595547.1341 5437428.2203  31.8488 0.1855286 1.182255 1
4595547.1594 5437428.0838  30.3622 0.0300857 1.449833 3
4595547.0833 5437428.5542  31.1115 0.0384730 1.180528 2
4595547.6044 5437425.7499   0.1103 0.0477793 1.319309 3
4595547.0946 5437428.5544  26.6296 0.0492029 1.151760 3
4595547.2648 5437427.9043  -0.0118 0.1047876 1.016208 3
4595547.8607 5437425.6855  31.4257 0.0765888 1.140791 1
4595547.8721 5437425.6836  27.2726 0.2118108 1.360112 0
4595547.7642 5437426.3251  29.7806 0.0748306 1.178702 1
4595547.8769 5437425.7179  23.4076 0.1611859 1.217802 3
4595547.6476 5437427.0121  32.7817 0.1483234 1.106358 0
4595547.7250 5437426.6577  24.7524 0.1051751 1.067061 1
4595547.7720 5437426.4055  22.0593 0.0351162 1.376489 2
4595547.8145 5437426.1775  19.6130 0.1676289 1.114316 2
4595548.1530 5437424.3610   0.1106 0.0339282 1.062993 3
4595548.0862 5437424.7847   0.0455 0.8047686 1.047216 0
4595547.6210 5437427.3399  23.3000 0.1099392 1.047192 1
4595547.6599 5437427.1318  21.0336 0.0698279 1.189938 2
4595548.0174 5437425.2197   0.1008 0.1592601 1.072133 3
4595547.8134 5437426.5119   0.1203 0.0997064 1.056939 3
4595547.6767 5437427.3765   0.1119 0.0354847 0.990465 3
4595548.1075 5437425.5447  31.3745 0.1455926 1.508109 1
4595548.1241 5437425.5109  26.9092 0.1858722 2.239240 1
4595548.0083 5437426.1965  29.8657 0.2169352 1.094173 0
4595547.9671 5437426.4774  28.6116 0.1529789 1.081810 0
4595548.0615 5437426.0252  19.5012 0.1016202 1.040136 0
4595547.8773 5437427.0797  26.4167 0.2615856 1.061563 0
4595547.7936 5437427.5907  27.5499 0.0406248 1.094181 2
4595548.2613 5437425.0696   0.0970 0.1083387 1.006290 3
4595548.1259 5437425.9270   0.0702 0.0532801 1.017251 3
4595547.9889 5437426.7925   0.1185 0.0455315 0.938198 3
4595548.7258 5437424.6317  18.4478 0.0294688 1.011926 1
4595548.5163 5437425.8092  26.4520 0.1017087 1.186105 1
4595548.4129 5437426.4235  28.6736 0.0716616 1.045444 1
4595548.5147 5437425.8848  22.9935 0.0626040 1.125006 3
4595548.7211 5437425.0083   0.1388 0.1612106 1.061070 3
4595548.5185 5437426.2946   0.1069 0.2019981 1.014963 3
4595548.9714 5437425.4946  21.0204 0.1567787 1.285354 1
4595548.9059 5437425.9085  21.0792 0.0536223 1.046889 1
4595549.0824 5437425.2237   0.1616 0.2010096 1.022271 3
4595549.1867 5437425.4199  20.8533 0.0345829 1.198061 1
4595548.8065 5437426.1294  19.4551 0.0495719 1.134337 2
4595547.5981 5437427.7950  -0.0220 0.5961625 1.051108 0
4595548.4935 5437426.5726  22.6754 0.0507540 1.238085 1
4595548.5306 5437426.0668  23.0629 0.1242730 1.103061 1
4595548.4148 5437426.3528  21.2767 0.0473108 1.148017 3
4595548.4176 5437425.9312  21.1301 0.0576187 1.057044 1
4595548.3069 5437426.2027  19.4214 0.1014846 1.064379 3
4595547.0889 5437428.3195   0.0025 0.7146434 1.054997 0
4595547.1321 5437426.4719   0.0811 0.1086896 0.999959 3
4595547.1521 5437425.5513   0.0103 0.1404278 1.085496 3
4595547.1639 5437425.0872  -0.0010 0.2120595 1.044666 3
4595547.1798 5437424.6147   0.0493 0.0508609 0.992170 3
4595547.1950 5437424.1430   0.0929 0.2657930 1.065091 3
4595548.3271 5437426.8520  28.6705 0.0199439 0.748384 1
4595548.4138 5437426.2279  29.8387 0.0444358 0.959413 1
4595547.9314 5437427.0189  22.2208 0.0994696 1.248089 1
4595548.2533 5437425.8104  27.0109 0.1921334 1.296759 1
4595548.2186 5437425.4851  26.2941 0.0372848 1.020429 1
4595548.0360 5437425.9329  23.4935 0.0990497 1.032130 3
4595548.0291 5437425.5370  23.2032 0.1494743 1.188447 0
4595547.9069 5437425.4187  21.1406 0.1782410 1.321781 0
4595547.8678 5437425.0970  20.3530 0.0906362 1.117079 1
4595546.5630 5437428.2374   0.1472 0.1153735 1.090554 3
4595546.5738 5437427.7747   0.1255 0.3997258 1.083598 3
4595546.5816 5437427.3192   0.0760 0.4957960 1.083125 3
4595546.5900 5437426.8623   0.0612 0.7143117 1.052643 0
4595546.5978 5437426.4074   0.0302 0.5377705 1.062888 0
4595546.6087 5437425.9439   0.0170 0.6240953 1.072737 0
4595546.6160 5437425.4896  -0.0522 0.5812352 1.052993 0
4595546.6302 5437425.0194  -0.0267 0.7734270 1.052666 0
4595546.6441 5437424.5499  -0.0049 0.5292958 1.049619 0
4595546.6564 5437424.0844   0.0042 0.3969534 1.109426 0
4595546.6690 5437423.6191   0.0197 0.6074126 1.052260 0
4595547.8941 5437427.1371  32.6203 0.0720660 1.164808 1
4595547.4415 5437427.8662  25.4755 0.0532878 1.036192 1
4595547.2830 5437428.2633  23.0150 0.0379564 1.021028 2
4595547.6601 5437426.9111  28.7313 0.1118304 1.006616 1
4595547.5132 5437427.2770  26.4728 0.0306973 1.009359 3
4595547.7381 5437426.3097  29.7674 0.1810832 1.078698 0
4595547.8481 5437425.6320  31.2559 0.1312708 1.100639 0
4595547.6007 5437425.8303  27.3238 0.1741603 1.754732 0
4595547.6200 5437425.3737  27.4360 0.0883414 1.066590 1
4595547.3774 5437425.9629  23.7531 0.0813037 1.144564 3
4595547.6400 5437424.9156  27.5601 0.0806550 1.046460 1
4595547.5353 5437425.1684  25.9712 0.0213523 0.928893 3
4595547.6965 5437424.3711  28.2360 0.1188001 1.046234 1
4595547.6491 5437424.4848  27.5184 0.0295421 1.116267 3
4595547.3760 5437424.7260  23.1897 0.0989669 1.259103 0
4595545.8829 5437427.8462   0.2070 0.5926037 1.049233 0
4595545.8938 5437427.3831   0.2104 0.5503470 1.066633 0
4595545.9021 5437426.9265   0.1689 0.5221874 1.082061 0
4595545.9043 5437426.4837   0.0356 0.6543547 1.071005 0
4595545.9146 5437426.0229   0.0068 0.6095265 1.173537 0
4595545.9193 5437425.5737  -0.1087 0.5172613 1.046257 0
4595545.9888 5437424.9782   0.7485 0.2080467 1.048012 1
4595545.9374 5437425.0953  -0.0350 0.0803211 1.070978 3
4595546.0444 5437424.4147   1.3961 0.1141099 1.001450 1
4595545.9472 5437424.6344  -0.0897 0.1393271 1.188215 3
4595546.0529 5437423.9592   1.3358 0.1365369 1.043921 1
4595545.9571 5437424.1741  -0.1347 0.1933110 1.107010 3
4595545.9711 5437423.7054  -0.1122 0.4364287 1.117853 0
4595547.3422 5437427.9189  33.0422 0.0648648 0.932152 1
4595547.1731 5437428.3473  30.4507 0.0605671 1.044619 2
4595547.1665 5437427.9594  30.2230 0.1051294 1.055741 1
4595547.0815 5437428.1736  28.9241 0.0476213 1.195269 3
4595547.3430 5437427.1111  32.7996 0.2363526 1.061944 0
4595546.9797 5437427.6119  27.0939 0.0544761 1.035693 1
4595547.1629 5437426.7507  29.7565 0.0915782 1.396253 1
4595546.9693 5437427.2296  26.7911 0.0582518 1.142594 3
4595547.2914 5437426.0284  31.5388 0.2395774 1.077218 0
4595547.2561 5437425.7099  30.8295 0.1081071 1.077961 1
4595547.0409 5437426.2357  27.5811 0.0314171 1.197343 3
4595546.8117 5437426.3829  23.9388 0.0802254 0.995364 1
4595545.2383 5437430.2030   0.2041 0.3519947 1.047960 3
4595547.2708 5437424.8629  30.6914 0.1237851 1.119287 0
4595547.1628 5437424.7163  28.8821 0.1984950 1.709151 0
4595547.1133 5437424.4268  27.9549 0.1258813 1.029432 1
4595546.8128 5437425.1425  23.4225 0.0507792 1.408539 3
4595545.2926 5437428.3279   0.2117 0.6420515 1.073184 0
4595545.3057 5437427.8606   0.2572 0.6166528 1.029537 0
4595545.3305 5437427.3664   0.4715 0.5216467 1.110260 0
4595545.3300 5437426.9312   0.2808 0.5521645 1.045836 0
4595545.3293 5437426.4964   0.0858 0.6813957 1.045843 0
4595545.3333 5437426.0501  -0.0526 0.5373346 1.067826 0
4595545.3845 5437425.4967   0.5181 0.1889614 1.301161 0
4595545.5515 5437424.6826   2.8076 0.1561603 1.068127 1
4595545.4437 5437424.9263   1.1866 0.0780780 2.070592 3
4595545.5448 5437424.2642   2.4949 0.1402265 1.032950 1
4595545.4901 5437424.3870   1.6678 0.0717000 1.844007 3
4595545.5433 5437423.8323   2.2621 0.1796990 1.054420 1
4595545.4682 5437423.9997   1.1232 0.0332982 1.126730 2
4595545.3875 5437424.1797  -0.0963 0.0492205 1.469980 3
4595545.4902 5437423.5157   1.2451 0.1824950 1.014487 1
4595545.4070 5437423.7000  -0.0208 0.1332078 1.679467 3
4595545.4097 5437423.2562  -0.1164 0.7585432 1.082927 0
4595546.7933 5437428.7295  31.2487 0.2082921 1.021764 1
4595546.6283 5437429.1499  28.8156 0.0310525 1.211796 3
4595546.9337 5437427.9693  33.1957 0.0772717 1.054932 1
4595546.8579 5437428.1611  32.0496 0.1068044 1.163810 3
4595547.1254 5437427.0846  35.9799 0.0938339 1.051321 1
4595547.0389 5437427.3022  34.6597 0.0401540 1.310287 3
4595546.9332 5437427.1646  32.9025 0.1646022 1.083900 0
4595545.9887 5437429.1118  18.5024 0.0622843 1.058196 1
4595546.8676 5437426.5202  31.6171 0.0304659 0.932865 1
4595546.7605 5437426.7851  29.9788 0.1992695 1.047333 2
4595546.6858 5437426.9698  28.8354 0.0360360 1.189779 3
4595546.8702 5437426.1090  31.4847 0.1182214 1.160150 1
