    X-Koord.     Y-Koord. Z-Koord.      Int.   Pulsb. W
4595599.7178 5437427.7587   0.9229 0.0699807 1.182991 2
4595599.6644 5437427.4069  -0.1873 0.0701364 1.105456 3
4595599.6979 5437426.9353  -0.0598 0.4158371 1.063084 3
4595599.7324 5437426.4678   0.0864 0.1017947 1.039623 3
4595599.7614 5437425.9646   0.0640 0.3048847 1.014129 3
4595599.7873 5437425.4399  -0.0269 0.3872270 1.044783 0
4595599.8182 5437424.9485  -0.0266 0.2639000 1.056566 3
4595599.8491 5437424.4576  -0.0281 0.4494362 1.049985 3
4595598.7233 5437429.7756   0.0500 0.1247753 1.042770 3
4595598.7571 5437429.3061   0.0999 0.1189450 1.025262 3
4595598.8609 5437428.5991   0.9082 0.0540195 1.071541 2
4595598.8108 5437428.2770  -0.1341 0.0371428 1.005753 3
4595598.8414 5437427.7840  -0.1637 0.0473354 1.140316 3
4595598.9402 5437426.3535   0.0339 0.1517760 1.031650 3
4595598.9667 5437425.8353  -0.0355 0.5596066 1.064895 3
4595598.9964 5437425.3354  -0.0453 0.2638453 1.036841 3
4595599.0283 5437424.8511  -0.0151 0.3063657 1.032232 3
4595599.0594 5437424.3603  -0.0097 0.3364801 1.013689 3
4595599.0916 5437423.8766   0.0048 0.6779773 1.050532 0
4595597.7944 5437430.2055  -0.0771 0.4106927 1.060957 3
4595597.8276 5437429.7315   0.0012 0.2513219 1.131013 0
4595597.8590 5437429.2455   0.0241 0.0692437 1.007141 3
4595597.8890 5437428.7490  -0.0026 0.1719058 1.057943 3
4595597.9196 5437428.2569  -0.0331 0.0462455 1.061188 3
4595597.9517 5437427.7742  -0.0461 0.1809855 1.061688 3
4595597.9858 5437427.3035   0.0017 0.2095638 1.042712 3
4595598.0151 5437426.8021  -0.0167 0.7015025 1.058437 0
4595598.0450 5437426.3047  -0.0166 0.5662653 1.048831 3
4595598.0752 5437425.8079  -0.0078 0.2586257 1.001012 3
4595598.1053 5437425.3106  -0.0088 0.3593612 1.050185 3
4595598.1367 5437424.8214   0.0052 0.4716132 1.051833 3
4595598.1703 5437424.3460   0.0566 0.2258840 1.052619 3
4595598.2018 5437423.8567   0.0535 0.4389507 1.023276 3
4595599.0208 5437427.9055  15.4190 0.0440512 1.015391 1
4595599.0253 5437427.2594  14.9026 0.0423209 1.050145 1
4595598.9662 5437426.1841  13.1474 0.0380943 0.988769 1
4595599.0467 5437425.3624  13.5871 0.0370523 0.918015 1
4595599.7591 5437429.5337  27.6529 0.1057110 1.036249 1
4595599.7780 5437428.9995  27.3788 0.0530063 1.198027 1
4595599.8090 5437428.5493  27.3627 0.0841188 1.143624 1
4595599.5177 5437426.5445  21.4247 0.0379760 0.987413 2
4595599.8581 5437428.2214  27.7578 0.0733942 1.270088 1
4595599.9018 5437427.8581  28.0441 0.0638088 1.339982 1
4595599.9558 5437426.8994  28.0466 0.0444371 1.259097 1
4595599.6835 5437424.9884  22.4525 0.0270848 0.894544 2
4595599.7792 5437424.3042  23.2077 0.0769459 1.293537 1
4595596.8319 5437430.1976   0.2983 0.1890603 1.628252 3
4595596.8764 5437429.1139   0.0154 0.3072030 1.048748 0
4595596.9073 5437428.6223   0.0181 0.1710858 1.045631 3
4595596.9412 5437428.1506   0.0601 0.3809883 1.027509 3
4595596.9719 5437427.6570   0.0290 0.3469131 1.034291 0
4595597.0058 5437427.1838   0.0862 0.2518362 1.045595 0
4595597.0341 5437426.6770   0.0493 0.3087469 1.077836 3
4595597.2369 5437427.2630   3.4142 0.0523398 1.104684 3
4595597.3333 5437427.1889   4.7101 0.1735998 1.201530 0
4595597.3505 5437426.6153   4.4551 0.0578101 1.489401 1
4595597.1279 5437425.2042   0.1274 0.3163394 1.017843 3
4595597.1596 5437424.7172   0.1299 0.4256502 1.058271 3
4595597.1896 5437424.2169   0.0873 0.3363569 1.081857 3
4595597.9273 5437427.5964  13.4514 0.1111112 1.677333 1
4595597.9150 5437426.8424  12.6175 0.0450815 1.085103 1
4595598.0518 5437427.0590  14.7340 0.0420387 1.044000 1
4595598.5786 5437429.8392  24.7445 0.0667955 1.139237 1
4595598.6248 5437429.4824  25.0827 0.0938628 1.082865 0
4595598.7401 5437429.5850  26.8040 0.0509336 1.167994 1
4595598.6431 5437428.9428  24.8237 0.0511089 1.259209 3
4595598.7955 5437429.2940  27.3105 0.0489768 1.267938 1
4595598.7019 5437428.6715  25.3909 0.0504800 0.946757 2
4595598.8348 5437428.8965  27.4786 0.0503453 1.040839 1
4595598.7938 5437428.6225  26.6356 0.0309980 0.960060 2
4595598.7399 5437428.2619  25.5345 0.0644137 1.428051 2
4595598.8364 5437428.2474  26.8797 0.0627422 1.465474 1
4595598.7616 5437427.7449  25.3543 0.0346822 1.175280 2
4595598.8984 5437428.0017  27.5220 0.0493169 1.158451 1
4595598.8383 5437427.5960  26.2951 0.0759893 1.262016 2
4595598.9300 5437427.5537  27.5490 0.0414827 1.034962 1
4595598.8630 5437427.0993  26.2247 0.0782874 1.217130 2
4595598.8016 5437426.0127  24.4417 0.0634377 1.237663 1
4595599.0938 5437426.0125  28.5851 0.0582701 0.974134 1
4595598.8151 5437423.4081  22.3180 0.0450062 1.002948 3
4595599.2432 5437425.7167  30.4503 0.0738375 1.120747 1
4595599.1798 5437425.2736  29.1633 0.0430463 1.227788 2
4595599.2047 5437424.7785  29.0790 0.0553698 1.223740 1
4595599.2640 5437424.5254  29.6947 0.0909418 1.544016 1
4595599.1247 5437423.5431  26.8181 0.0437441 1.975776 2
4595596.0121 5437430.2984   0.9791 0.1115104 1.115180 1
4595595.9632 5437430.0085   0.0469 0.1801465 1.021952 3
4595595.9949 5437429.5235   0.0671 0.4024925 1.041298 0
4595596.0250 5437429.0259   0.0414 0.4474908 1.073512 0
4595596.0570 5437428.5413   0.0555 0.2086475 1.060083 3
4595596.0876 5437428.0485   0.0414 0.5887917 1.070499 0
4595596.1190 5437427.5592   0.0411 0.5675909 1.066513 0
4595596.1499 5437427.0648   0.0478 0.5922838 1.046343 0
4595596.1800 5437426.5673   0.0462 0.3687598 1.077665 3
4595596.2105 5437426.0714   0.0616 0.2258426 1.029257 0
4595596.4550 5437426.9011   4.1852 0.0571540 1.241030 1
4595596.2405 5437425.5717   0.0677 0.3840358 1.065183 3
4595596.5947 5437427.0906   6.2914 0.0287948 0.894157 1
4595596.2744 5437425.0960   0.1039 0.3464248 1.096660 3
4595596.3037 5437424.5914   0.0386 0.6727065 1.043630 0
4595597.0198 5437428.4063  13.4017 0.0549736 0.927722 1
4595596.9152 5437427.0744  10.7325 0.2298065 1.240860 0
4595597.1113 5437426.9739  13.3734 0.2325611 1.094828 0
4595597.7426 5437429.6937  24.6171 0.0587895 1.082939 1
4595597.5405 5437428.3912  20.6591 0.0453526 1.404188 2
4595597.7800 5437429.2764  24.7797 0.0378181 0.971258 1
4595597.9981 5437430.0371  28.4672 0.1055389 1.006475 1
4595597.8918 5437428.6868  25.8064 0.0584916 1.935744 2
4595597.7562 5437427.8000  23.0808 0.1086998 1.267552 3
4595598.0356 5437428.9722  28.0621 0.0484605 1.135648 1
4595598.1266 5437428.9138  29.2736 0.0395243 1.012955 1
4595597.8608 5437427.1593  23.9535 0.0352321 1.075520 2
4595598.0058 5437427.4554  26.2226 0.1463903 2.094468 1
4595598.2678 5437427.8814  30.2654 0.0493127 1.595632 1
4595598.1873 5437427.3422  28.6497 0.0389174 1.098316 2
4595598.3905 5437427.3898  31.5159 0.0995224 1.189491 1
4595598.2204 5437426.2400  28.1781 0.0451645 1.393692 2
4595598.3852 5437426.6941  30.8545 0.0585701 1.100943 1
4595598.2702 5437425.9125  28.5944 0.0158402 0.707461 2
4595598.2435 5437425.7315  28.0719 0.1132255 1.693251 2
4595598.2856 5437424.6836  27.7525 0.0494307 1.099762 1
4595598.5406 5437425.7713  32.2350 0.0832244 1.057194 1
4595598.5099 5437425.5597  31.6252 0.0140034 0.699560 2
4595598.3515 5437424.4679  28.4803 0.0679890 1.224193 3
4595598.5923 5437424.1343  31.5340 0.0707524 1.085011 1
4595595.1518 5437430.1211  -0.0181 0.4064468 1.011574 3
4595595.1927 5437429.6874   0.1502 0.5079256 1.082333 0
4595595.2177 5437429.1621   0.0134 0.6678602 1.046485 0
4595595.2496 5437428.6741   0.0054 0.5777686 1.051003 0
4595595.2849 5437428.2075   0.0746 0.4110318 1.110137 3
4595595.3151 5437427.7103   0.0518 0.5876942 1.048890 3
4595595.3732 5437426.7002  -0.0250 0.0452889 1.174181 3
4595595.8888 5437425.1001   5.7528 0.0404955 1.018105 1
4595596.4835 5437428.1496  16.6115 0.0773095 1.241970 1
4595596.2703 5437426.8115  12.4981 0.0388587 1.105068 2
4595596.5546 5437427.9315  17.3952 0.0745451 1.583922 1
4595596.8354 5437429.0451  22.2602 0.0481105 1.066185 1
4595596.6262 5437427.0530  17.6145 0.0764555 1.567391 1
4595597.0209 5437428.9088  24.7014 0.1612517 1.077731 1
4595596.8759 5437427.9814  21.8638 0.0593683 2.406029 2
4595596.7078 5437426.9063  18.6105 0.0692292 1.225819 3
4595596.7069 5437426.2327  18.0392 0.1232308 1.085258 0
4595597.0848 5437428.0029  24.7614 0.1009813 1.348007 1
4595597.2457 5437427.7282  26.7162 0.0353368 0.972077 1
4595597.4395 5437428.3378  29.9692 0.0411440 1.016941 1
4595597.3980 5437428.0663  29.1367 0.0809382 1.118746 2
4595597.5384 5437428.3331  31.3265 0.0397884 1.001092 1
4595597.4010 5437426.7698  28.0095 0.0591914 1.185005 1
4595597.6156 5437427.5327  31.6122 0.0328747 0.966828 1
4595597.5775 5437427.2799  30.8701 0.0723323 1.492838 2
4595597.3905 5437426.0366  27.2635 0.0310408 0.829612 2
4595597.6901 5437426.7161  31.9355 0.0501223 1.048699 1
4595597.7876 5437426.7135  33.2725 0.0736991 0.970473 1
4595597.7524 5437425.8167  32.0539 0.0807839 1.104121 1
4595597.9507 5437423.8590  33.0596 0.1256139 1.115932 1
4595594.3242 5437429.9675   0.0427 0.1056800 1.021137 3
4595594.3566 5437429.4830   0.0505 0.1682101 1.051820 3
4595594.3901 5437429.0047   0.0579 0.1465571 1.020589 3
4595594.4234 5437428.5249   0.0593 0.5868011 1.050187 0
4595594.4557 5437428.0406   0.0703 0.6605831 1.052359 0
4595594.8632 5437429.7604   7.2211 0.0380275 1.020373 1
4595594.4892 5437427.5605   0.1021 0.4026225 1.248552 3
4595594.5167 5437427.0460   0.0308 0.4819229 1.049241 0
4595594.5475 5437426.5511   0.0222 0.3094381 1.146992 0
4595594.8001 5437427.3783   4.2011 0.0321724 0.867737 1
4595594.6159 5437426.2786   0.7283 0.1306807 1.242967 2
4595594.5776 5437426.0496   0.0083 0.0530578 1.293701 3
4595594.9551 5437427.6344   6.5479 0.1952941 1.638752 1
4595594.6052 5437425.5356  -0.0472 0.0962849 1.256784 3
4595594.6388 5437425.0553  -0.0081 0.4823426 1.016586 0
4595595.6740 5437427.3431  16.1355 0.0379934 1.051949 1
4595596.1023 5437429.3482  23.7476 0.0275642 0.808716 1
4595596.3500 5437430.2450  27.8646 0.0383158 1.120066 1
4595596.1181 5437428.7913  23.4719 0.0390373 0.949173 2
4595596.4245 5437430.0649  28.7285 0.0427551 2.087047 1
4595596.3853 5437429.8183  27.9972 0.0370182 1.296800 2
4595596.2242 5437428.8037  24.9321 0.0185722 0.754770 3
4595596.5304 5437430.0833  30.1808 0.1321803 1.470881 0
4595596.5860 5437429.7883  30.7035 0.0330920 0.901319 1
4595596.5358 5437429.4689  29.7621 0.0911309 1.632027 2
4595596.6174 5437429.3393  30.7617 0.0307086 1.056317 1
4595596.5458 5437428.8820  29.3894 0.0314751 0.988613 2
4595596.3546 5437427.6600  25.7009 0.0274983 0.965262 2
4595596.2036 5437426.6954  22.8236 0.0839309 0.982651 3
4595596.6378 5437428.8198  30.5895 0.0439258 1.020407 1
4595596.5216 5437428.0733  28.3469 0.1251800 1.210683 2
4595596.3881 5437426.5576  25.2322 0.1132744 1.256288 0
4595596.7956 5437428.5352  32.4926 0.0698112 1.226699 1
4595596.7486 5437428.2305  31.5771 0.0482028 1.149495 2
4595596.8015 5437427.9220  32.0168 0.0606948 0.960916 1
4595596.7778 5437427.1131  30.9886 0.1001108 1.222302 1
4595596.6988 5437426.5962  29.4874 0.0310764 1.175937 2
4595596.7079 5437425.9968  29.1257 0.2354494 1.518608 0
4595596.7399 5437425.5467  29.1968 0.0402986 0.958694 1
4595596.6864 5437425.1936  28.1506 0.0635028 1.416888 2
4595596.9800 5437426.4782  33.1979 0.0823308 1.278447 1
4595596.7018 5437424.6321  27.8413 0.0976838 1.374064 2
4595597.0309 5437425.5038  33.1093 0.0432019 1.226129 1
4595596.9729 5437425.1151  31.9708 0.0355906 1.377160 2
4595597.0714 5437425.1151  33.3091 0.0467790 1.288076 1
4595596.9880 5437424.5537  31.6680 0.0440548 1.184760 2
4595597.1127 5437424.7336  33.5287 0.0669855 2.059183 1
4595597.0932 5437423.9390  32.5300 0.0599231 1.119177 1
4595593.5518 5437428.9227   0.0416 0.1511697 1.084491 3
4595593.5849 5437428.4419   0.0535 0.0948360 1.030594 3
4595593.6209 5437427.9764   0.1252 0.2942654 1.043757 3
4595593.6488 5437427.4654   0.0514 0.1425763 1.058455 3
4595594.0609 5437429.1890   7.1776 0.0371196 0.985705 1
4595593.6783 5437426.9634   0.0186 0.5952143 1.088431 3
4595593.7078 5437426.4585  -0.0172 0.4746830 1.092808 3
4595593.9736 5437427.3430   4.3400 0.0281054 0.805234 1
4595593.7434 5437425.9907   0.0584 0.5228366 1.052818 3
4595593.7760 5437425.5041   0.0767 0.4677536 1.049076 0
4595595.5474 5437430.2298  28.1769 0.0885026 1.119282 1
4595595.4298 5437428.8543  25.3649 0.0254882 0.945928 2
4595595.7434 5437429.5082  30.1714 0.0503105 1.093382 1
4595595.8234 5437429.3633  31.1210 0.1046426 1.383801 1
4595595.8680 5437428.9977  31.4011 0.0397650 1.047643 1
4595595.8933 5437428.5097  31.3138 0.0396520 1.115893 1
4595595.8928 5437427.8569  30.7370 0.0228883 0.780093 1
4595595.9807 5437427.7679  31.8441 0.0388396 1.200787 1
4595596.1041 5437427.9109  33.6337 0.0580142 1.243914 1
4595596.0245 5437427.3990  32.1172 0.0844477 1.229786 2
4595595.8670 5437426.3853  29.1462 0.0535929 1.183635 2
4595595.9521 5437426.2785  30.2098 0.0561065 1.159206 1
4595595.7308 5437424.8480  26.0038 0.0553894 1.636547 2
4595595.7776 5437424.4886  26.3143 0.0511069 1.078398 1
4595596.1810 5437426.4574  33.4479 0.1309478 1.918510 1
4595596.2072 5437425.9755  33.4143 0.0412331 0.916901 1
4595596.1799 5437425.7969  32.9020 0.0458540 1.199032 2
4595596.2522 5437424.9606  33.1461 0.0488724 1.265651 1
4595596.3313 5437424.8286  34.0933 0.0390114 0.959280 1
4595596.2870 5437424.5339  33.2244 0.0746280 1.117361 2
4595594.9849 5437429.7940  29.3413 0.0973545 1.155252 1
4595595.0413 5437429.4961  29.8286 0.0567082 1.288772 1
4595595.1417 5437429.4742  31.1498 0.0432720 1.219211 1
4595595.1726 5437429.0201  31.1528 0.0668375 1.169972 1
4595594.9038 5437427.3421  26.0721 0.0731207 1.123216 2
4595595.1811 5437428.4262  30.7328 0.1040160 1.348152 1
4595595.0764 5437427.7695  28.7571 0.0609601 1.720034 2
4595594.9495 5437426.9741  26.3727 0.0629047 1.180268 3
4595595.1473 5437426.9121  28.9742 0.0445011 1.028259 1
4595595.4498 5437427.5338  33.5603 0.0829184 1.627160 1
4595595.4637 5437426.9737  33.2723 0.0601344 1.430804 1
4595595.3416 5437426.1894  30.9766 0.0396752 1.068664 2
4595595.5007 5437426.5609  33.4189 0.0477861 1.135010 1
4595595.2787 5437425.1288  29.2416 0.0441604 1.195783 2
4595595.5593 5437426.2886  33.9805 0.0412905 1.044214 1
4595595.5265 5437426.0759  33.3672 0.0095836 0.711664 2
4595595.4896 5437425.8366  32.6765 0.1032631 1.924873 2
4595595.5929 5437425.8541  34.0754 0.0694872 1.255352 1
4595595.6206 5437425.3815  34.0542 0.0587238 1.076407 1
4595593.8741 5437428.9880  22.9526 0.1634873 1.069232 1
4595594.0148 5437429.1850  25.0051 0.0443011 1.155389 1
4595594.1858 5437428.2765  26.4539 0.0525855 1.037214 1
4595594.4885 5437428.8414  30.9911 0.0819854 1.184649 1
4595594.3254 5437427.8335  27.9228 0.0672237 1.105515 2
4595594.5111 5437428.3354  30.8306 0.0504829 1.122429 1
4595594.4867 5437427.5350  29.8083 0.1007189 1.884438 1
4595594.4858 5437426.2262  28.6859 0.0674424 1.393674 2
4595594.6698 5437426.7337  31.5610 0.0325925 1.040313 2
4595594.5975 5437426.2764  30.2145 0.0265686 0.937566 2
4595594.5021 5437425.6727  28.4420 0.0369133 1.129818 2
4595594.8351 5437427.1331  34.1006 0.0703160 1.064258 1
4595594.8339 5437425.8259  32.9914 0.0562081 1.249613 1
4595594.7604 5437425.3539  31.6158 0.0442988 1.302994 2
4595594.8892 5437424.8735  32.9170 0.0375137 1.012075 1
4595593.1422 5437428.9912  23.7011 0.0693435 1.126522 1
4595593.1682 5437428.4977  23.6096 0.0348927 1.108597 1
4595593.5333 5437429.3912  29.2051 0.1741873 1.738787 1
4595593.6840 5437428.3731  30.2797 0.0652953 1.088824 1
4595593.6897 5437427.7625  29.8232 0.0425646 0.877079 1
4595593.7041 5437427.2032  29.5332 0.0841210 1.452646 1
4595593.7141 5437426.6163  29.1709 0.0819947 1.102745 1
4595593.8418 5437426.7603  30.9732 0.0547794 1.063694 1
4595593.7840 5437426.4005  29.9075 0.0365576 0.977594 2
4595593.8849 5437426.3785  31.2173 0.0783308 1.186244 1
4595594.0191 5437426.5704  33.1460 0.0449784 1.052165 1
4595593.9213 5437425.3053  30.7872 0.0229201 0.845311 1
4595593.5710 5437426.0002   6.8864 0.0318784 0.892554 1
4595593.7586 5437425.2975   0.0947 0.2866303 1.038162 3
4595593.6911 5437425.7165   0.0754 0.3930845 1.066001 3
4595593.6200 5437426.1484   0.1924 0.1851876 1.642956 3
4595593.5337 5437426.6370   0.8638 0.0393997 1.092681 2
4595593.5572 5437426.5501  -0.0017 0.1453941 1.071149 3
4595593.4878 5437426.9759   0.0445 0.2472243 1.074862 3
4595593.2163 5437428.6563   0.0536 0.5394145 1.048632 0
4595593.6652 5437425.6777  29.8629 0.0321233 0.983214 1
4595593.7113 5437425.5007  28.2639 0.0765261 1.280776 2
4595593.5548 5437426.2486  31.5151 0.0451585 1.074134 1
4595593.5019 5437426.5994  31.1600 0.0148190 0.742333 1
4595593.5491 5437426.4196  29.5043 0.0421172 1.404680 2
4595593.4731 5437426.8589  29.9535 0.1230040 1.421802 1
4595593.4064 5437427.2627  30.0851 0.0290423 1.029497 1
4595593.5762 5437426.6205  24.0586 0.0231624 0.875657 2
4595593.3427 5437427.6553  30.1038 0.1146971 1.162410 1
4595593.2749 5437428.0629  30.2809 0.1104238 1.155366 1
4595593.3199 5437427.8943  28.6620 0.0400120 1.438421 2
4595593.3658 5437427.7219  27.0077 0.0348390 1.212213 2
4595593.2325 5437428.3757  29.5422 0.0967491 1.325196 1
4595594.0478 5437425.3275   0.0652 0.0863832 1.058759 3
4595593.2026 5437428.6423  28.3427 0.0279474 0.900375 1
4595593.9797 5437425.7484   0.0655 0.3075213 1.043303 3
4595593.9131 5437426.1638  -0.0002 0.3479842 1.049825 0
4595593.1994 5437428.9696  23.7974 0.0307872 1.106364 2
4595593.8452 5437426.5842  -0.0079 0.1025262 1.048894 3
4595593.6365 5437427.8629   0.1553 0.3124384 1.032933 0
4595593.5031 5437428.6942   0.0776 0.6285656 1.061472 0
4595593.4358 5437429.1122   0.0574 0.5039143 1.029216 0
4595594.0062 5437425.6856  33.4564 0.0799219 1.499215 1
4595594.1697 5437425.2126  25.7077 0.0286670 0.994112 1
4595593.9567 5437426.1718  30.8354 0.0501123 1.094598 1
4595594.1128 5437425.5805  25.4554 0.0484093 0.976801 2
4595593.8925 5437426.5653  30.8718 0.0323509 1.029783 1
4595594.0555 5437425.9500  25.2168 0.0339859 0.984620 2
4595593.8369 5437426.9263  30.6081 0.0328978 1.022948 1
4595593.8487 5437427.0348  27.9729 0.0535112 1.475742 1
4595593.6889 5437427.7861  31.3818 0.0470501 1.276648 1
4595593.6662 5437428.0251  29.9514 0.0754047 1.641091 1
4595593.6068 5437428.4009  29.8217 0.0386851 1.116318 1
4595593.7895 5437427.7245  23.2750 0.0246198 0.727485 2
4595594.4414 5437425.3112  -0.0018 0.2678023 1.050098 3
4595593.7257 5437428.1194  23.2644 0.0554134 0.978792 1
4595594.3731 5437425.7322  -0.0069 0.1940205 1.072254 3
4595594.0794 5437426.9811   8.1313 0.0348194 0.899504 1
4595594.3040 5437426.1559   0.0123 0.2912382 1.097214 3
4595593.4392 5437429.4903  29.0610 0.0957102 1.011505 1
4595593.6043 5437428.8863  23.0253 0.0735223 1.129420 2
4595594.2361 5437426.5757  -0.0049 0.0469038 0.966647 3
4595593.5342 5437429.3044  23.2544 0.0557929 1.092570 1
4595594.1665 5437427.0016   0.0445 0.2446254 1.058833 3
4595593.8759 5437428.3996   5.7759 0.0264730 0.848731 1
4595593.8066 5437428.8214   5.8690 0.0184679 0.822093 2
4595593.9605 5437428.2683   0.1064 0.4327365 1.055753 3
4595593.6958 5437429.3921   7.5343 0.0541666 1.132512 1
4595593.7388 5437429.2384   5.9152 0.0369596 0.979045 2
4595593.8925 5437428.6882   0.1153 0.4406153 1.263747 3
4595593.8262 5437429.1018   0.0645 0.4783021 1.051708 0
4595593.7589 5437429.5189   0.0561 0.5619126 1.051061 3
4595594.3721 5437425.3898  33.0383 0.0343189 1.325876 1
4595594.3556 5437425.6003  31.4533 0.0594810 1.258271 1
4595594.3739 5437425.5308  30.8320 0.0245233 0.876898 2
4595594.2483 5437426.1555  32.9470 0.0268415 1.019362 1
4595594.3265 5437425.8599  30.2786 0.0531595 1.482299 2
4595594.3809 5437425.6541  28.4217 0.0554872 1.183815 2
4595594.2304 5437426.3730  31.3886 0.1145793 1.799217 1
4595594.3243 5437426.0191  28.1635 0.0307800 1.185786 2
4595594.2011 5437426.6337  30.2119 0.0302574 0.943303 1
4595594.2413 5437426.4828  28.8221 0.1495806 1.350032 2
4595594.1513 5437426.9728  29.7310 0.0277241 1.031826 1
4595594.1758 5437426.8811  28.8781 0.0147543 0.842992 2
4595594.2150 5437426.7344  27.5133 0.0353993 0.962353 3
4595594.0472 5437427.5146  31.1530 0.0290808 1.063696 1
4595594.1470 5437427.1424  27.6566 0.1157468 1.093907 2
4595594.1871 5437426.9927  26.2504 0.0387277 1.470241 2
4595594.0219 5437427.7622  29.8174 0.0294112 1.077886 1
4595594.0929 5437427.4986  27.3108 0.0406144 1.306430 2
4595593.9336 5437428.2443  30.7079 0.0977002 1.072786 1
4595593.9551 5437428.1645  29.9418 0.0417962 1.776171 2
4595594.5931 5437426.3062   0.0339 0.0828547 1.149995 3
4595593.8418 5437429.2125  24.8892 0.0380502 1.072028 1
4595593.8909 5437429.0338  23.0966 0.0490725 1.079927 2
4595594.5246 5437426.7267   0.0324 0.3201529 1.063177 3
4595594.4548 5437427.1526   0.0752 0.4785632 1.059379 0
4595594.1987 5437428.2504   6.9855 0.0237840 1.165871 1
4595594.2353 5437428.1184   5.6385 0.0606404 1.057877 2
4595594.3849 5437427.5781   0.1252 0.3752474 1.043109 3
4595594.1290 5437428.6722   7.0952 0.0302712 0.973592 1
4595594.1633 5437428.5489   5.8170 0.0382355 0.988694 2
4595594.3172 5437427.9956   0.1089 0.4070085 1.070552 3
4595594.2506 5437428.4097   0.0503 0.3817973 0.999756 3
4595594.0273 5437429.3818   5.9077 0.0223555 0.866081 1
4595594.1820 5437428.8308   0.0797 0.5904720 1.055569 3
4595594.1150 5437429.2461   0.0443 0.4609028 1.082245 0
4595594.0478 5437429.6623   0.0164 0.7354708 1.040746 0
4595594.6865 5437425.1565  33.1475 0.1418134 1.384349 1
4595594.6300 5437425.5186  32.9242 0.1324357 1.305405 1
4595594.7217 5437425.1696  29.8168 0.0473465 2.049072 2
4595594.6057 5437425.7589  31.5953 0.0948385 1.070718 1
4595594.6257 5437425.6830  30.9151 0.0199393 1.010123 2
4595594.6574 5437425.5627  29.8382 0.0353540 1.059436 2
4595594.5076 5437426.2787  32.7744 0.0355903 1.032063 1
4595594.5850 5437425.9863  30.1309 0.0320621 1.036176 2
4595594.6256 5437425.8328  28.7441 0.0546369 1.196950 2
4595594.2142 5437428.2886  29.7517 0.0282119 1.037273 2
4595594.1494 5437428.6835  29.8125 0.0362676 0.907051 1
4595594.1655 5437428.6242  29.2332 0.0636266 1.569584 2
4595594.3390 5437427.9857  23.0184 0.0284064 0.996530 2
4595594.9805 5437425.6253   0.1422 0.1148118 1.858757 3
4595594.2729 5437428.3880  23.0750 0.1031995 1.326813 1
4595594.9034 5437426.0772   0.4297 0.1627727 1.362751 3
4595594.8452 5437426.4603   0.0464 0.2817994 1.195647 0
4595594.0736 5437429.4365  25.6802 0.0595521 1.801350 1
4595594.7771 5437426.8794   0.0242 0.3435147 1.048811 3
4595594.5579 5437427.8456   5.5378 0.0458833 1.091899 1
4595594.7076 5437427.3035   0.0543 0.4092626 1.037306 3
4595594.6405 5437427.7191   0.0043 0.2296539 1.069510 3
4595594.5698 5437428.1475   0.0881 0.3545740 1.068656 3
4595594.5031 5437428.5614   0.0355 0.3808400 1.052179 3
4595594.2806 5437429.5298   5.8789 0.0509996 1.118592 1
4595594.4349 5437428.9809   0.0538 0.4943730 1.065735 3
4595594.3681 5437429.3957   0.0139 0.8117737 1.024231 0
4595594.2997 5437429.8157   0.0276 0.8620924 1.029661 0
4595595.1232 5437424.8880  34.3281 0.0328321 1.032242 1
4595595.0549 5437425.2937  34.5058 0.0290236 1.199149 1
4595595.1646 5437424.8799  30.8571 0.0341054 1.021907 2
4595594.9911 5437425.6824  34.5328 0.0394603 1.049705 1
4595594.9756 5437425.8906  32.9279 0.0636103 0.991965 1
4595595.0786 5437425.5046  29.4795 0.0261399 1.124642 2
4595594.9947 5437425.9705  30.1418 0.0504104 1.271560 1
4595594.7991 5437427.4704  25.8463 0.0603029 1.191717 1
4595594.8873 5437427.1473  22.7789 0.0526349 1.349510 3
4595595.4735 5437425.1673   0.0182 0.1603942 1.045426 3
4595594.5683 5437428.6305  29.4649 0.0345821 1.019622 1
4595594.6944 5437428.1720  25.0064 0.0500806 1.072432 2
4595595.4043 5437425.5904   0.0329 0.1906415 1.028031 3
4595595.3316 5437426.0254   0.1580 0.2109694 1.262241 0
4595595.2659 5437426.4355   0.0309 0.5294706 1.040850 0
4595594.4944 5437429.3806  25.3152 0.0884452 1.343104 1
4595595.1961 5437426.8604   0.0663 0.1534664 1.075571 3
4595595.0677 5437427.6699  -0.2644 0.0501441 1.704359 3
4595594.9895 5437428.1245   0.0883 0.3700982 1.058815 3
4595594.9225 5437428.5389   0.0325 0.4793585 1.054034 0
4595594.8542 5437428.9582   0.0521 0.5615240 1.052817 0
4595594.5844 5437430.0821   7.6012 0.0283341 0.841889 1
4595594.7856 5437429.3785   0.0761 0.4139199 1.169764 3
4595594.7188 5437429.7928   0.0238 0.6934327 1.054749 0
4595594.6525 5437430.2050  -0.0463 0.7063693 1.073267 0
4595595.5257 5437424.7259  34.3581 0.0798245 1.344580 1
4595595.4707 5437425.0808  34.0938 0.0619631 1.449635 1
4595595.5493 5437424.7863  31.5054 0.0262922 1.138753 2
4595595.4208 5437425.4169  33.6563 0.0801339 1.127570 1
4595595.4544 5437425.2917  32.5469 0.0490736 1.752469 3
4595595.4200 5437425.5707  31.5769 0.0677036 1.044885 1
4595595.2969 5437426.1798  33.5380 0.0916009 1.206060 1
4595595.3913 5437425.9836  28.2471 0.0087549 0.536281 2
4595595.3917 5437426.1373  26.0598 0.0446294 1.036675 1
4595595.0247 5437427.9506  31.9966 0.1067624 1.449904 1
4595594.9911 5437428.2298  30.9631 0.0917917 1.069852 1
4595595.0245 5437428.1086  29.8049 0.0349603 1.315567 2
4595595.8843 5437424.9918   0.0916 0.0397427 1.074726 3
4595594.9621 5437428.4930  29.7615 0.0987461 1.144244 1
4595595.1062 5437427.9728  24.7418 0.0234303 1.029520 2
4595595.8172 5437425.4056   0.0477 0.1113016 0.997096 3
4595594.8989 5437428.8808  29.7558 0.0786331 1.302153 1
4595595.7480 5437425.8278   0.0427 0.1169156 1.057550 3
4595594.7962 5437429.4098  31.1635 0.0469173 1.085504 1
4595594.8374 5437429.2619  29.6989 0.1188470 1.572165 2
4595595.6794 5437426.2467   0.0139 0.0376693 1.071702 3
4595594.8162 5437429.5001  28.1981 0.0569500 1.027078 1
4595594.8917 5437429.2308  25.5035 0.0424809 1.222763 2
4595595.6091 5437426.6726   0.0456 0.1861006 1.039467 3
4595594.8265 5437429.6274  25.5491 0.0621667 1.050162 1
4595595.4274 5437427.4936   4.0573 0.1094265 1.940572 3
4595594.7657 5437430.0083  25.4267 0.1095680 1.039696 1
4595595.4321 5437427.6521   1.4431 0.0685127 1.145295 2
4595595.4664 5437427.5310   0.2141 0.0301099 1.205929 3
4595595.3939 5437427.9640   0.3483 0.2092820 1.420656 3
4595595.3330 5437428.3560   0.0669 0.4834112 1.062129 3
4595595.2636 5437428.7785   0.0950 0.5723577 1.056816 3
4595595.1960 5437429.1944   0.0671 0.7093586 1.047899 0
4595595.1284 5437429.6098   0.0422 0.6583272 1.066156 0
4595595.0226 5437430.1572   1.4394 0.1112412 1.061087 1
4595595.0613 5437430.0242  -0.0054 0.3643654 1.029337 3
4595595.8257 5437424.4865  34.3908 0.0418049 1.019409 1
4595595.7756 5437424.8224  33.9738 0.0776145 1.346991 1
4595595.7140 5437425.2022  33.9300 0.0652464 1.491393 1
4595595.4653 5437426.7303  33.7339 0.0941687 1.355182 1
4595595.5022 5437426.5939  32.4917 0.0230227 1.139507 2
4595595.6252 5437426.1395  28.3630 0.0277719 1.448837 3
4595595.3975 5437427.1327  33.8771 0.0647374 1.049527 0
4595595.3430 5437427.4865  33.5732 0.1483997 1.669974 1
4595595.4760 5437426.9989  29.0477 0.0218566 0.961657 2
4595595.5990 5437426.5477  24.8586 0.0477013 1.095679 3
4595595.3625 5437427.5701  30.7385 0.0337529 1.232794 1
4595595.3846 5437427.4892  29.9789 0.0574834 1.051802 2
4595595.5349 5437426.9402  24.8333 0.0483110 1.136401 2
4595596.2569 5437424.3018   0.0609 0.0382218 1.124776 3
4595595.2943 5437427.9754  30.8875 0.0648342 1.034721 1
4595595.4508 5437427.4058  25.4878 0.0460376 1.099746 3
4595595.2643 5437428.2419  29.7184 0.0955507 1.022575 1
4595595.3806 5437427.8201  25.6779 0.0383587 1.062315 2
4595596.1202 5437425.1388   0.0599 0.0358923 0.881234 3
4595595.1604 5437428.7763  31.1270 0.0476018 1.169203 1
4595595.3430 5437428.1167  24.7360 0.0289762 1.266874 2
4595596.0513 5437425.5591   0.0699 0.0643629 1.017086 3
4595595.2950 5437428.4513  24.1537 0.0467717 1.480068 1
4595595.9824 5437425.9792   0.0479 0.1774179 1.010977 3
4595595.0884 5437429.3549  29.1948 0.0584649 1.062783 1
4595595.1119 5437429.2707  28.3602 0.0279212 1.032866 2
4595595.2383 5437428.8180  23.8727 0.0407016 1.164839 2
4595595.9124 5437426.4038   0.0579 0.1191693 1.057999 3
4595595.1253 5437429.3855  25.6079 0.0390874 1.215725 1
4595595.8425 5437426.8275   0.0776 0.3659952 1.036325 3
4595595.0638 5437429.7685  25.5109 0.0469027 0.999358 1
4595595.7735 5437427.2483   0.0732 0.3059242 1.020157 3
4595595.0030 5437430.1489  25.3906 0.0786266 1.028948 1
4595595.7049 5437427.6672   0.0633 0.4326123 1.062593 3
4595595.6359 5437428.0879   0.0647 0.3834236 1.062238 3
4595595.5678 5437428.5055   0.0404 0.4647075 1.042844 3
4595595.4992 5437428.9248   0.0425 0.4677022 1.042734 3
4595595.4307 5437429.3433   0.0440 0.5090104 1.050928 0
4595595.3638 5437429.7565  -0.0171 0.5183063 1.041325 0
4595595.2953 5437430.1756  -0.0212 0.5470136 1.051014 0
4595596.1800 5437424.6651  34.0722 0.0425806 1.222471 1
4595596.2087 5437424.5577  33.1348 0.0616949 1.264150 2
4595596.1479 5437424.9344  33.0664 0.1159252 1.933568 1
4595596.3083 5437424.3374  27.8063 0.0285077 1.256777 3
4595596.0853 5437425.3177  33.0524 0.0730571 1.357157 1
4595596.1393 5437425.1174  31.2750 0.0457987 1.154040 2
4595596.3506 5437424.4897  22.1744 0.1299584 1.130207 1
4595595.9350 5437426.1771  33.7886 0.0355667 1.095446 1
4595595.9681 5437426.0555  32.7011 0.0759058 1.470883 2
4595595.8807 5437426.5299  33.4691 0.0404754 1.309376 1
4595595.9911 5437426.1249  29.8124 0.0973670 1.098009 3
4595595.8170 5437426.9170  33.4736 0.0432869 1.074932 1
4595595.8639 5437426.7455  31.9051 0.0671464 1.388331 3
4595596.3504 5437425.1302  13.4188 0.0372333 1.345882 1
4595595.7430 5437427.4981  31.6688 0.0526302 1.159097 1
4595595.7815 5437427.3584  30.3658 0.0758859 1.577631 2
4595595.8043 5437427.2757  29.5947 0.0881727 1.049380 3
4595595.6661 5437427.9334  32.1276 0.0516940 1.112197 1
4595595.7310 5437427.6989  29.9124 0.0610185 1.085227 2
4595595.8671 5437427.2071  25.2761 0.0850897 1.262469 3
4595595.5822 5437428.3940  32.8224 0.0678479 1.155963 1
4595595.7962 5437427.6241  25.4790 0.0382845 1.468273 3
4595595.5532 5437428.6568  31.6417 0.0781410 1.220673 1
4595595.7139 5437428.0808  26.0920 0.0409472 1.487243 2
4595596.4697 5437425.3722   0.1138 0.0405974 1.123421 3
4595596.4005 5437425.7931   0.1075 0.0476037 1.199536 0
4595595.4503 5437429.3458  30.8036 0.0670374 1.197224 1
4595596.3316 5437426.2129   0.0692 0.2345454 1.048896 3
4595595.3912 5437429.7175  30.6552 0.0793497 1.021278 1
4595596.1459 5437427.0462   4.1329 0.0393505 1.128083 2
4595596.2622 5437426.6345   0.0655 0.0477199 0.938837 3
4595595.3653 5437429.9730  29.3232 0.0430000 1.039039 1
4595596.1926 5437427.0571   0.0679 0.4508378 1.055490 3
4595595.3315 5437430.2566  28.2624 0.0786477 1.078746 1
4595595.4139 5437429.9673  25.3226 0.0437641 1.744515 2
4595596.1226 5437427.4802   0.0920 0.2394364 1.015710 3
4595595.3465 5437430.3708  25.4318 0.0348591 1.038540 1
4595595.9464 5437428.2748   3.9312 0.0380810 1.142362 2
4595596.0541 5437427.8985   0.0779 0.4229076 1.056481 3
4595595.9855 5437428.3177   0.0676 0.3962583 1.051893 3
4595595.9163 5437428.7382   0.0847 0.5405109 1.049356 0
4595595.6728 5437429.7599   6.4530 0.0289429 0.966172 1
4595595.7340 5437429.5492   4.2228 0.0206630 0.975464 2
4595595.8475 5437429.1577   0.0791 0.5679702 1.077566 3
4595595.7800 5437429.5725   0.0378 0.5755774 1.043310 0
4595595.6655 5437430.1478   1.7298 0.0962557 1.068792 1
4595595.6849 5437430.0817   1.0129 0.0296044 1.031953 2
4595595.7094 5437429.9981   0.1069 0.0862639 1.031152 3
4595595.5984 5437430.5610   1.6776 0.0963443 1.081360 1
4595595.6208 5437430.4849   0.8483 0.0962598 1.443786 3
4595596.6660 5437424.4856  34.0380 0.1093614 1.014482 1
4595596.6900 5437424.3973  33.2687 0.0327955 1.284027 2
4595596.7353 5437424.2302  31.8141 0.0496641 1.253982 3
4595596.6201 5437424.8064  33.4889 0.0665916 1.194456 1
4595596.6429 5437424.7228  32.7551 0.0349271 1.632458 3
4595596.5585 5437425.1851  33.4507 0.0271741 1.010622 1
4595596.5750 5437425.1246  32.9138 0.0143966 0.775098 2
4595596.5905 5437425.0681  32.4130 0.0709853 1.769485 2
4595596.7062 5437424.6447  28.6606 0.0409157 1.161604 3
4595596.5228 5437425.4692  32.5712 0.0594192 1.225865 1
4595596.6478 5437425.0135  28.4905 0.0772356 1.770028 3
4595596.4462 5437425.9025  32.9627 0.0288288 0.957910 1
4595596.5778 5437425.4250  28.7021 0.0753927 1.411247 2
4595596.3930 5437426.2514  32.5927 0.0790078 1.454498 1
4595596.4942 5437425.8853  29.3101 0.0521751 1.100503 3
4595596.3026 5437426.7341  33.4410 0.1436899 1.163223 1
4595596.2441 5437427.1017  33.2641 0.0328050 1.274046 1
4595596.2906 5437426.9345  31.7307 0.0435084 1.253336 2
4595596.1785 5437427.4951  33.3120 0.0394217 1.331630 1
4595596.2476 5437427.2477  31.0207 0.0277197 1.010753 2
4595596.2759 5437427.1468  30.0861 0.0213480 0.966434 2
4595597.1769 5437423.9241   0.1027 0.0431846 1.134417 3
4595596.2114 5437427.5370  30.0829 0.0489585 0.992963 1
4595596.2400 5437427.4353  29.1299 0.0547649 1.116890 2
4595596.3732 5437426.9606  24.6929 0.0402142 1.051406 2
4595596.5020 5437426.5017  20.4076 0.0439775 1.466937 3
4595596.1109 5437428.0549  31.3140 0.0492184 1.132479 1
4595596.3128 5437427.3386  24.5236 0.0324417 1.442494 2
4595596.4328 5437426.9129  20.5077 0.0292806 1.166209 2
4595596.4947 5437426.6933  18.4363 0.0307457 1.068453 3
4595596.0471 5437428.4429  31.3115 0.0624171 1.275674 1
4595596.1176 5437428.1937  28.9244 0.0263738 0.967059 2
4595596.9696 5437425.1828   0.1512 0.0531443 1.089472 3
4595595.9595 5437428.9140  32.1211 0.0289813 1.005364 1
4595596.0755 5437428.5058  28.1711 0.0478882 1.133489 3
4595595.9279 5437429.1882  31.0224 0.0775403 1.393845 1
4595595.9627 5437429.0661  29.8292 0.0143280 0.795941 2
4595595.9851 5437428.9878  29.0630 0.0834826 1.206710 3
4595595.8797 5437429.5213  30.4843 0.0839770 1.184350 1
4595596.7618 5437426.4427   0.1179 0.0294780 0.999159 3
4595596.6934 5437426.8594   0.0818 0.2292304 1.034450 0
4595595.8293 5437430.0296  27.7776 0.0474836 0.956343 0
4595596.5558 5437427.6967   0.0430 0.7946418 1.038905 0
4595596.4858 5437428.1189   0.0841 0.6827966 1.037647 0
4595596.3006 5437428.9347   4.2030 0.0185669 0.709051 1
4595596.2781 5437429.3787   0.0883 0.6360744 1.053098 0
4595596.2092 5437429.7974   0.0675 0.7790549 1.044363 0
4595596.1175 5437430.2925   0.8744 0.1371453 1.152600 1
4595596.1415 5437430.2121   0.0023 0.0957969 1.147873 3
4595596.9989 5437424.5727  33.5308 0.0801075 1.378510 1
4595597.0633 5437424.3372  31.4780 0.0733066 1.046464 2
4595597.1261 5437424.1075  29.4742 0.0659710 1.408318 3
4595596.9507 5437424.9021  33.0422 0.0517675 1.436907 1
4595596.9846 5437424.7787  31.9586 0.0521129 1.013021 2
4595597.0760 5437424.4456  29.0336 0.0260574 1.237547 3
4595596.9819 5437424.9434  29.9974 0.0471432 1.248418 1
4595597.1950 5437424.1693  23.1344 0.0530640 1.172317 3
4595596.9254 5437425.3043  29.7623 0.1149581 1.365159 1
4595596.8858 5437425.6045  28.9539 0.0334864 1.012913 1
4595596.9261 5437425.4594  27.6539 0.0279436 1.107280 2
4595596.6920 5437426.4592  33.1245 0.0560926 0.940770 1
4595596.7883 5437426.1133  30.0030 0.0594924 1.471817 2
4595596.8796 5437425.7854  27.0458 0.0447485 1.023320 2
4595596.6310 5437426.8358  33.0184 0.0559424 1.365657 1
4595596.5787 5437427.1809  32.6273 0.0521420 1.075312 1
4595596.7678 5437426.5065  26.4083 0.0642325 1.082632 2
4595596.8159 5437426.4983  22.6606 0.0333404 0.955376 1
4595597.4957 5437424.0836   0.1393 0.0552913 1.034159 3
4595596.6697 5437427.1803  25.3310 0.0932034 1.372322 0
4595596.4098 5437428.2607  31.8662 0.0476523 1.339880 0
4595596.3497 5437428.6341  31.7333 0.0310470 1.744187 1
4595596.3887 5437428.4974  30.4214 0.0756661 1.222842 2
4595596.4210 5437428.3839  29.3314 0.0559833 1.063692 3
4595596.3162 5437428.9146  30.7015 0.0608211 1.167421 1
4595596.5288 5437428.1718  23.4968 0.0543501 1.120305 3
4595596.2274 5437429.3891  31.5370 0.0516599 1.155159 1
4595596.9584 5437426.8450   6.5944 0.0301029 1.031966 3
4595596.2266 5437429.5573  29.3636 0.0495600 1.220913 1
4595596.2532 5437429.4652  28.4547 0.0821814 2.161820 2
4595596.4004 5437428.9552  23.4089 0.0320703 1.407048 2
4595597.0803 5437426.5993   0.0714 0.0352127 1.075212 3
4595596.1643 5437429.9401  29.2793 0.0552748 1.045259 1
4595596.2080 5437429.7893  27.7761 0.0329259 1.022209 2
4595596.8325 5437427.6347   6.2180 0.0259768 0.824546 2
4595597.0090 5437427.0257   0.1291 0.1279761 1.054459 3
4595596.1505 5437430.1559  27.5127 0.0627508 1.018935 1
4595596.9420 5437427.4374   0.0377 0.2294309 1.054054 3
4595596.8725 5437427.8573   0.0630 0.5205541 1.049368 3
4595596.8045 5437428.2722   0.0311 0.7825211 1.036593 0
4595596.7350 5437428.6923   0.0406 0.5924475 1.049853 0
4595596.6656 5437429.1121   0.0377 0.6694961 1.065099 0
4595596.5953 5437429.5354   0.0629 0.6223906 1.059270 0
4595596.5258 5437429.9551   0.0396 0.1103150 1.008141 3
4595596.4244 5437430.4816   1.1640 0.1894318 1.623615 1
4595596.4571 5437430.3730  -0.0145 0.0345879 1.273606 3
4595597.4108 5437424.1263  32.3033 0.0439089 1.026420 1
4595597.3615 5437424.4598  31.8557 0.0344959 1.155609 2
4595597.3120 5437424.7941  31.3994 0.0454864 0.948094 2
4595597.3127 5437424.9478  29.3261 0.0324529 0.964407 2
4595597.0400 5437426.2437  33.9295 0.0135606 0.885949 1
4595597.0603 5437426.1710  33.2797 0.0431382 1.604736 2
4595597.0333 5437426.4253  32.0670 0.0944351 1.946073 1
4595597.0144 5437426.6512  30.5862 0.0843665 0.969770 1
4595597.1301 5437426.2391  26.8253 0.0324699 1.106973 2
4595596.8747 5437427.3077  33.0450 0.0802607 1.096629 1
4595597.0682 5437426.6211  26.7031 0.0845255 1.116425 3
4595596.8448 5437427.5739  31.9214 0.1127561 1.371986 0
4595596.7808 5437427.9609  31.9376 0.1089451 1.367134 1
4595596.9853 5437427.2410  25.1293 0.0320636 1.361791 2
4595597.0884 5437426.8779  21.7097 0.0405158 1.606053 3
4595596.7026 5437428.3980  32.4274 0.0427292 1.169502 1
4595596.7518 5437428.2254  30.7787 0.0287680 1.239372 2
4595596.9289 5437427.6044  24.8354 0.0707663 1.146244 2
4595596.9928 5437427.3801  22.6954 0.0610888 2.010062 2
4595597.0526 5437427.1705  20.7025 0.0354454 1.400084 3
4595596.6913 5437428.6003  30.6630 0.0445939 1.184222 1
4595596.8716 5437427.9708  24.5905 0.0278614 1.169240 2
4595596.9095 5437427.8384  23.3102 0.0532282 1.628573 3
4595596.6216 5437429.0081  30.8407 0.0451427 0.979421 1
4595597.5329 5437425.8385   0.0639 0.0462082 1.010938 3
4595596.5457 5437429.4367  31.2346 0.1025021 1.309581 1
4595596.7758 5437428.6399  23.4243 0.0256668 0.945805 3
4595596.5106 5437429.7244  30.2255 0.0794882 1.300121 1
4595596.5449 5437429.6063  29.0633 0.0458528 2.549488 2
4595597.3034 5437426.9907   3.1098 0.0381604 1.330971 3
4595596.4304 5437430.1679  30.7428 0.0669420 1.155631 1
4595596.5136 5437429.8824  27.9020 0.0379669 1.281676 2
4595597.3174 5437427.1226   0.2544 0.1490722 1.356263 3
4595597.0734 5437428.1387   6.3365 0.0331018 1.049324 1
4595597.2537 5437427.5224   0.0588 0.6027953 1.107760 3
4595597.1862 5437427.9357   0.0157 0.7085176 1.058947 0
4595597.0133 5437428.7058   3.6673 0.0387410 1.056152 1
4595597.1174 5437428.3533   0.0207 0.6465780 1.059347 3
4595597.0480 5437428.7731   0.0261 0.5870727 1.065236 0
4595596.9785 5437429.1930   0.0234 0.6910892 1.049999 0
4595596.9085 5437429.6143   0.0364 0.6963535 1.054508 0
4595596.7963 5437430.1763   1.5211 0.0549557 0.916565 1
4595596.8324 5437430.0565   0.2382 0.2436226 1.643186 3
4595596.7632 5437430.4752   0.1974 0.1099410 2.116806 3
4595597.8561 5437424.3614  33.7673 0.0944005 1.040607 1
4595597.9068 5437424.1796  32.1929 0.0276643 0.893208 2
4595597.9334 5437424.0842  31.3673 0.0382585 1.270004 3
4595597.8594 5437424.5070  31.6901 0.0957222 2.120101 1
4595597.8005 5437424.8755  31.5233 0.0376512 1.043963 1
4595597.8736 5437424.6154  29.2421 0.0510359 2.521482 2
4595597.7624 5437425.1703  30.7024 0.0265183 1.075865 1
4595597.8852 5437424.7349  26.8486 0.0553012 1.135134 2
4595597.5985 5437425.9105  33.8160 0.0420139 1.162670 1
4595597.7901 5437425.2335  27.7953 0.0427491 1.072798 2
4595597.5753 5437426.1522  32.5077 0.0700494 1.103687 1
4595597.6477 5437425.8975  30.2304 0.0223316 0.925864 2
4595597.7302 5437425.6071  27.6313 0.0775624 1.076081 3
4595597.5778 5437426.3050  30.3745 0.0440832 1.167087 1
4595597.6334 5437426.1099  28.6139 0.0502867 1.067923 2
4595597.4669 5437426.8556  31.8430 0.0608666 1.144992 1
4595597.5935 5437426.4134  27.7970 0.0196823 0.843701 3
4595597.4005 5437427.2500  31.9124 0.1092963 1.067980 1
4595597.4258 5437427.1618  31.0968 0.0245108 1.239334 2
4595597.5488 5437426.7341  27.1408 0.0246882 1.098905 3
4595597.5360 5437426.9449  25.4396 0.1056107 1.080926 1
4595598.3210 5437424.2246   0.0531 0.0664385 1.090755 3
4595597.3321 5437427.8164  29.9779 0.0336312 1.102800 1
4595597.3558 5437427.7348  29.2009 0.0343019 0.980412 2
4595597.4373 5437427.4536  26.5267 0.0283987 1.041038 2
4595598.2525 5437424.6400   0.0284 0.0435166 0.990306 3
4595597.1967 5437428.4490  32.3468 0.0442420 1.125611 1
4595598.1832 5437425.0585   0.0176 0.0893079 1.055120 3
4595597.2096 5437428.5720  29.8093 0.0591515 1.020461 1
4595598.1131 5437425.4798   0.0274 0.2339337 1.051096 3
4595597.1113 5437429.0759  30.9196 0.0404716 0.936704 1
4595597.1438 5437428.9651  29.8447 0.0292627 1.066423 3
4595597.2310 5437428.8389  24.7980 0.0297786 1.099441 1
4595597.2733 5437428.6952  23.3903 0.0376260 1.182696 2
4595597.3517 5437428.4293  20.7785 0.0418873 1.380225 2
4595597.9729 5437426.3214   0.0263 0.2082751 1.075716 3
4595597.1544 5437429.2711  25.1655 0.0469410 1.033139 1
4595597.2068 5437429.0942  23.4134 0.0269092 1.019238 2
4595597.9020 5437426.7454   0.0508 0.2234082 1.074410 3
4595597.8321 5437427.1654   0.0560 0.6971728 1.045543 0
4595597.6650 5437427.9115   3.3901 0.0249811 0.898707 1
4595597.7650 5437427.5765  -0.0331 0.6394952 1.074268 3
4595597.6958 5437427.9942  -0.0042 0.7386987 1.053066 0
4595597.6264 5437428.4133   0.0270 0.6476992 1.054497 0
4595597.5561 5437428.8348   0.0601 0.7514979 1.025975 0
4595597.4865 5437429.2543   0.0612 0.6823199 1.068289 0
4595597.4176 5437429.6711   0.0178 0.7308736 1.038766 0
4595597.3485 5437430.0884  -0.0306 0.8078441 1.035400 0
4595598.3500 5437423.7934  31.4518 0.0889983 1.043517 1
4595598.2649 5437424.2542  32.0954 0.1327377 1.089322 1
4595598.2142 5437424.5925  31.6873 0.0704041 1.108005 1
4595598.3198 5437424.2184  28.4258 0.0606574 1.465969 2
4595598.0939 5437425.1777  33.4166 0.0504804 1.120513 1
4595598.1924 5437424.8297  30.3638 0.0758795 1.047237 2
4595598.0673 5437425.4308  32.2498 0.1330916 1.152041 1
4595598.0923 5437425.3431  31.4731 0.0266090 1.466499 2
4595598.0083 5437425.7991  32.0703 0.0545528 1.019813 1
4595598.0635 5437425.7686  28.3087 0.0448448 1.267395 1
4595598.1112 5437425.6022  26.8147 0.0302340 1.066691 2
4595597.8585 5437426.6460  32.7053 0.0165561 0.840384 1
4595597.9006 5437426.4997  31.3781 0.0859635 1.075969 2
4595597.9945 5437426.1731  28.4229 0.0239116 1.008611 3
4595598.0086 5437426.2900  25.9053 0.0294552 1.155351 1
4595598.8224 5437423.4711   0.0385 0.1168115 1.066957 3
4595597.7651 5437427.2975  31.5695 0.0640661 1.017143 1
4595598.7513 5437423.8953   0.0848 0.0304057 1.069019 3
4595597.7394 5437427.5519  30.3285 0.0265225 1.183259 1
4595597.7851 5437427.3950  28.8569 0.0419555 1.167048 2
4595597.8590 5437427.1410  26.4841 0.0409361 1.071194 2
4595597.9533 5437426.8168  23.4572 0.0388756 1.304635 3
4595597.7129 5437427.8099  29.1207 0.0542252 1.033045 1
4595597.8778 5437427.2456  23.7637 0.0459238 1.060935 2
4595597.9010 5437427.1664  23.0170 0.0223121 1.111660 3
4595597.6276 5437428.2694  29.8371 0.0514840 1.858847 1
4595597.7388 5437427.8904  26.1832 0.0629410 1.315674 2
4595597.8011 5437427.6779  24.1357 0.0169168 0.936783 3
4595598.4743 5437425.5660   0.0104 0.0304499 1.049111 3
4595597.5033 5437429.0304  29.6934 0.0955876 0.958930 1
4595597.5284 5437428.9455  28.8672 0.0389183 1.217537 2
4595598.4031 5437425.9903   0.0478 0.0828783 1.018737 3
4595597.4624 5437429.3392  28.9014 0.0576981 1.286985 1
4595598.3323 5437426.4131   0.0710 0.1318460 1.069864 3
4595597.5245 5437429.3038  24.6895 0.0277130 0.975743 1
4595598.2641 5437426.8268   0.0112 0.4852500 1.060040 3
4595598.1956 5437427.2420  -0.0405 0.7226934 1.053780 0
4595598.0863 5437427.7931   1.3051 0.1365117 1.156103 1
4595598.1225 5437427.6726   0.0744 0.0597763 2.000057 3
4595598.0178 5437428.2076   1.3057 0.2107630 1.241027 0
4595597.9872 5437428.4976   0.0068 0.5800407 1.045877 0
4595597.9173 5437428.9170   0.0287 0.6840566 1.067196 0
4595597.8474 5437429.3371   0.0403 0.7063779 1.043928 0
4595597.7785 5437429.7537   0.0000 0.6613545 1.058748 0
4595597.7082 5437430.1742  -0.0059 0.5729368 1.076589 0
4595598.4862 5437424.3069  30.1995 0.0486245 1.074262 2
4595598.4193 5437424.7022  30.2648 0.0564023 1.044469 1
4595598.2810 5437425.5095  30.5268 0.0533209 1.135470 1
4595598.3376 5437425.3097  28.7486 0.0630325 1.235560 2
4595598.4033 5437425.0777  26.6847 0.0720987 1.160165 2
4595598.2060 5437425.9338  30.8301 0.0738920 1.308801 1
4595598.1341 5437426.3462  31.0411 0.0532751 1.277618 1
4595598.2193 5437426.0477  28.3471 0.0690245 1.112483 2
4595598.2155 5437426.2243  26.3768 0.0442253 1.333121 1
4595597.9964 5437427.1503  31.2819 0.0350218 1.029092 1
4595598.0779 5437426.8669  28.6722 0.0355490 1.323470 2
4595598.1541 5437426.6020  26.2328 0.0531040 1.660934 2
4595598.9726 5437423.7566   0.0000 0.0344737 1.091523 3
4595597.9114 5437427.6080  31.9330 0.0496512 0.981578 1
4595597.9536 5437427.4621  30.5638 0.0125548 0.755961 2
4595598.9009 5437424.1822   0.0609 0.1154077 1.092604 3
4595597.9030 5437427.8011  30.1267 0.0199841 0.900647 1
4595597.9392 5437427.6764  28.9415 0.0323967 1.156583 2
4595598.0517 5437427.2884  25.2790 0.0565772 1.111156 2
4595598.0956 5437427.1369  23.8559 0.0550004 1.914839 2
4595598.6204 5437425.8604   0.0421 0.0796488 1.105600 3
4595597.6626 5437429.2896  29.5640 0.0412224 0.963682 1
4595597.6843 5437429.2164  28.8464 0.0401253 1.106023 2
4595598.5495 5437426.2823   0.0591 0.3367019 1.038132 3
4595597.6286 5437429.5744  28.5212 0.0570375 1.124668 1
4595598.4796 5437426.7012   0.0323 0.2266066 1.049214 3
4595597.5625 5437429.9675  28.5273 0.0326790 1.007508 1
4595598.4113 5437427.1145  -0.0334 0.5298396 1.047740 3
4595598.3022 5437427.6647   1.2811 0.1696132 1.724826 1
4595598.3407 5437427.5358  -0.0298 0.0513867 1.724311 3
4595598.2346 5437428.0747   1.2389 0.1377135 1.529947 0
4595598.1713 5437428.4713   1.0438 0.1055449 1.012540 1
4595598.2029 5437428.3668  -0.0429 0.4424564 1.084241 3
4595598.1311 5437428.7915   0.0456 0.5567780 1.079829 0
4595597.9914 5437429.6286   0.0499 0.9107038 1.009214 0
4595597.9217 5437430.0469   0.0097 0.6941144 1.069686 0
4595598.7765 5437425.2656  30.8258 0.0492461 1.148095 1
4595598.7183 5437425.6309  30.6071 0.0477379 1.227821 1
4595598.7804 5437425.4154  28.6939 0.0377858 1.100281 2
4595598.8579 5437425.3119  24.2643 0.0362571 1.370211 2
4595598.7015 5437426.0188  27.0677 0.0419952 1.162174 2
4595598.5340 5437426.7614  30.2495 0.0422975 1.075926 1
4595598.4202 5437427.3174  31.7775 0.0394485 1.132900 1
4595598.5448 5437426.8912  27.8510 0.0834854 1.580494 2
4595599.4267 5437423.8751   0.0176 0.0785391 1.218338 3
4595598.4632 5437427.3375  28.3571 0.0475729 0.973528 1
4595598.4844 5437427.2653  27.6846 0.0556964 1.075753 2
4595598.5171 5437427.1540  26.6497 0.0305377 1.146304 2
4595599.3590 5437424.2865  -0.0365 0.0330083 0.964518 3
4595598.4129 5437427.6778  27.8856 0.0224032 0.975916 1
4595598.4368 5437427.5970  27.1178 0.0486619 2.352965 2
4595599.2877 5437424.7106   0.0063 0.0714391 1.080605 3
4595598.3475 5437428.0693  27.9208 0.0455217 1.168096 1
4595599.2175 5437425.1308   0.0089 0.2179462 1.034461 3
4595598.2167 5437428.6806  30.0905 0.0565753 0.919930 1
4595598.3167 5437428.3440  26.8309 0.0420396 1.078167 2
4595598.3811 5437428.1275  24.7318 0.0392901 1.654905 2
4595599.1463 5437425.5540   0.0449 0.0545584 1.082395 3
4595598.2680 5437428.6801  26.3097 0.0506988 1.335411 1
4595598.3198 5437428.5069  24.6169 0.0636767 1.437871 2
4595598.1905 5437429.1130  26.7208 0.0455750 1.038683 1
4595598.1463 5437429.4347  26.0373 0.0548216 1.128075 2
4595598.1880 5437429.2961  24.6592 0.0376529 1.065020 2
4595598.9335 5437426.8217   0.0728 0.1276398 1.045642 3
4595598.0135 5437430.0495  28.2334 0.0519361 0.996092 1
4595598.8666 5437427.2308  -0.0576 0.4811190 1.053481 3
4595598.7671 5437427.7473   0.9221 0.2097855 1.946558 1
4595598.7999 5437427.6394  -0.1748 0.0802427 0.941340 3
4595598.6890 5437428.1926   1.2255 0.2252988 1.221842 0
4595598.6171 5437428.6176   1.3272 0.1585678 1.062989 1
4595598.6528 5437428.5014   0.1167 0.1536354 1.836956 3
4595598.5851 5437428.9129   0.0783 0.8515345 1.027681 0
4595598.5155 5437429.3310   0.0881 0.8486814 1.022491 0
4595598.4462 5437429.7481   0.0704 0.6664772 1.053505 0
4595599.3785 5437424.5055  29.6591 0.0428942 1.114679 1
4595599.4391 5437424.2959  27.8307 0.0480264 1.054079 2
4595599.5683 5437423.8491  23.9336 0.0245278 0.873960 2
4595599.3252 5437424.8544  29.3055 0.0137823 0.736241 1
4595599.3408 5437424.8007  28.8348 0.0600894 1.708477 2
4595599.3709 5437424.6970  27.9260 0.0714394 1.588250 2
4595599.2858 5437425.1554  28.5267 0.0359758 1.094677 1
4595599.1556 5437425.7682  30.4954 0.0582383 1.083320 1
4595599.2155 5437425.5633  28.6738 0.0493255 1.175662 2
4595599.1517 5437425.9483  28.6210 0.0681081 1.011998 1
4595599.3392 5437425.4814  20.8401 0.0849972 1.084433 1
4595599.3656 5437425.3921  20.0284 0.0386578 1.676967 2
4595599.0397 5437426.6665  28.0200 0.0957296 1.516000 1
4595599.0464 5437426.8149  25.7634 0.0852978 1.729375 1
4595599.2111 5437426.2607  20.6645 0.0399958 1.092198 2
4595598.9183 5437427.4169  27.6760 0.0510637 1.283499 1
4595598.9639 5437427.2641  26.2562 0.0445179 1.408696 2
4595598.9904 5437427.1754  25.4320 0.0243444 0.953617 2
4595598.9762 5437427.3970  23.7891 0.0279401 1.008079 2
4595599.7353 5437424.8644  -0.0071 0.1926408 1.045169 3
4595598.8039 5437428.1451  27.1912 0.0885692 1.502241 1
4595599.6614 5437425.2963   0.1103 0.1785968 1.039677 3
4595598.7294 5437428.5664  27.5096 0.0551640 0.936078 1
4595599.5910 5437425.7165   0.1102 0.2222316 1.056768 3
4595598.6675 5437428.9461  27.4321 0.0735976 1.045624 1
4595598.6925 5437428.8637  26.6236 0.0415984 0.975385 2
4595598.7339 5437428.7274  25.2838 0.0522988 2.152211 2
4595599.5201 5437426.1386   0.1213 0.3628707 1.014224 3
4595598.6578 5437429.1548  25.6550 0.0759348 1.246254 1
4595599.4510 5437426.5544   0.0682 0.4499368 1.026909 3
4595599.3612 5437427.0381   0.6558 0.1183579 0.957299 1
4595599.3821 5437426.9699  -0.0143 0.1829592 1.205212 3
4595599.2907 5437427.4580   0.6360 0.2094587 1.017587 1
4595599.2179 5437427.8855   0.7416 0.1552946 1.019284 1
4595599.2430 5437427.8045  -0.0840 0.2095085 1.131363 3
4595599.1001 5437428.6518   0.0540 0.6481266 1.041724 0
4595599.0311 5437429.0673   0.0699 0.6529311 1.038127 0
4595598.9612 5437429.4862   0.1040 0.6161161 1.055858 0
4595599.7007 5437424.5681  28.7059 0.0299081 0.963273 1
4595599.7360 5437424.4467  27.6473 0.0475651 1.023362 2
4595599.6688 5437424.8431  27.7007 0.0762210 1.071139 1
4595599.7776 5437424.6384  22.4196 0.0527650 0.995910 1
4595599.7141 5437425.0247  22.3214 0.0281077 1.071147 1
4595599.4658 5437426.0371  27.8618 0.0581824 1.225396 1
4595599.6522 5437425.4052  22.1797 0.0302973 0.944926 2
4595599.6797 5437425.3120  21.3395 0.0438488 1.624582 2
4595599.3937 5437426.4500  28.0456 0.0529316 1.039727 1
4595599.3258 5437426.8484  28.0785 0.1019880 1.270172 1
4595599.4112 5437426.5613  25.4671 0.0252655 1.182176 2
4595599.2524 5437427.2650  28.2862 0.0576063 1.098864 1
4595599.4148 5437427.0721  19.0736 0.0239463 0.915311 1
4595599.1454 5437428.1403  25.4611 0.0342334 1.159944 1
4595599.9519 5437425.4746   0.0968 0.4675170 1.080026 3
4595599.8107 5437426.3142   0.0899 0.6379666 1.059408 0
4595599.7428 5437426.7255  -0.0369 0.6642911 1.089676 0
4595599.6391 5437427.2533   0.9632 0.0473204 1.131365 1
4595599.3179 5437429.2489   0.0739 0.6640417 1.033423 0
4595599.2482 5437429.6661   0.0942 0.6125810 1.044230 0
4595599.8744 5437426.3310  27.6086 0.0623308 1.277575 1
4595599.7280 5437427.1632  27.9490 0.0253970 1.026843 1
4595599.9455 5437426.4447  21.4118 0.0260822 0.820847 2
4595599.4746 5437428.6958  27.6669 0.0848670 1.231640 1
4595599.9565 5437428.0799   1.5955 0.1699349 1.041179 0
4595599.8879 5437428.4924   1.5637 0.2578219 2.218641 0
4595599.8427 5437428.8314   0.7949 0.1422654 0.997384 1
4595599.8669 5437428.7553  -0.0009 0.2417437 1.193865 3
4595599.7909 5437429.1919   0.2360 0.3466072 1.848301 0
4595599.7256 5437429.5945   0.1003 0.5249114 1.193650 0
4595599.9463 5437428.9573  27.5387 0.0810261 1.256058 1
4595599.9657 5437429.0516   0.0804 0.0896097 1.003691 3
4595599.9294 5437428.1463  -0.1523 0.0818167 1.047820 3
4595599.9806 5437427.5070   0.9907 0.0304905 1.010079 2
4595599.9108 5437427.6948  -0.2504 0.1706644 1.034052 3
4595599.8990 5437427.2251  -0.1668 0.3522991 1.062498 3
4595599.8913 5437426.7449   0.0325 0.4927566 1.034018 0
4595599.8814 5437426.2720   0.1534 0.2392582 1.085417 3
4595599.8654 5437425.8135   0.1289 0.0969218 1.070558 3
4595599.8461 5437425.3643   0.0428 0.0886613 1.029322 3
4595599.2016 5437429.7244   0.0667 0.2056692 1.062338 3
4595599.1884 5437429.2573   0.0486 0.4838786 1.078721 3
4595599.1758 5437428.7898   0.0276 0.2468565 1.048540 3
4595599.2361 5437428.1282   1.2903 0.0471518 1.042226 2
4595599.1571 5437428.3393  -0.0864 0.3058444 1.037754 3
4595599.1269 5437427.4174  -0.1422 0.6105389 1.035238 0
4595599.1197 5437426.9373   0.0214 0.0406685 1.019335 3
4595599.1076 5437426.4686   0.0961 0.0412034 0.950605 3
4595599.0902 5437426.0157   0.0499 0.0853075 1.077198 3
4595599.0554 5437425.1074  -0.0509 0.0702882 1.170121 3
4595599.0450 5437424.6368   0.0168 0.0709746 1.042524 3
4595598.7682 5437429.5732   0.0697 0.1793880 1.056285 3
4595598.7570 5437429.1040   0.0817 0.1463627 1.095417 3
4595599.8774 5437425.5995  20.0453 0.0294201 0.874335 1
4595599.6913 5437426.0985  16.7479 0.0485116 1.102130 2
4595598.8131 5437428.4529   1.2543 0.0474418 1.363866 3
4595599.9911 5437424.8210  22.2720 0.0515371 0.998211 1
4595598.8073 5437427.9703   1.3691 0.1126853 1.162719 3
4595599.7641 5437424.9474  18.5024 0.0346932 1.080917 1
4595598.7458 5437427.6354   0.5153 0.1721887 1.753182 3
4595598.6970 5437427.2663  -0.0933 0.0470993 1.257371 3
4595599.7305 5437427.0235  21.1578 0.0347658 0.950576 1
4595598.5192 5437429.8797   0.0748 0.1941112 1.074938 3
4595599.7350 5437425.1155  22.2232 0.0580244 1.162837 1
4595599.5244 5437425.6812  18.4885 0.0278133 1.054644 2
4595598.5582 5437428.2775   1.3923 0.1237112 1.128940 3
4595599.2121 5437426.0373  13.1843 0.0314281 1.029029 1
4595598.5244 5437427.8709   1.0077 0.0841029 1.125726 2
4595598.4649 5437428.0295  -0.0279 0.0550834 1.082538 3
4595599.2106 5437425.5590  13.3973 0.0398825 1.119901 1
4595598.4516 5437427.5668  -0.0569 0.4007547 1.063231 3
4595598.4424 5437427.0928   0.0251 0.0932632 1.055843 3
4595598.4003 5437425.7119   0.0339 0.1004369 1.054602 3
4595599.5541 5437428.1469  27.5111 0.0834350 1.101946 1
4595599.5597 5437427.6609  27.8170 0.0386962 1.140338 1
4595599.5654 5437427.1756  28.1724 0.0450567 1.048089 1
4595599.5259 5437425.8803  28.2316 0.0748771 2.128835 1
4595599.7100 5437424.9124  31.6909 0.1018001 0.985436 1
4595599.4796 5437425.5389  27.6470 0.0728975 2.075601 2
4595597.8968 5437429.8441  -0.0169 0.0905814 1.044330 3
4595599.0725 5437426.1706  20.7183 0.0432514 1.396984 1
4595597.8858 5437429.3736   0.0411 0.1966350 1.036160 3
4595599.4562 5437424.6680  27.6707 0.0906128 1.213886 1
4595597.8717 5437428.9122   0.0170 0.1561706 1.012586 3
4595599.5079 5437424.0639  28.7737 0.0584204 1.065676 1
4595597.8588 5437428.4470   0.0154 0.0348943 1.000604 3
4595598.9550 5437425.0582  19.3503 0.0260537 0.908572 1
4595598.5916 5437426.0166  12.9799 0.0582154 1.097194 2
4595599.0033 5437428.3517  26.8348 0.0374334 1.104555 2
4595598.9327 5437427.1405  26.2371 0.0533071 1.158270 1
4595599.0345 5437426.3907  28.2734 0.0802609 1.344619 1
4595598.9274 5437426.6850  26.3907 0.0471783 1.290614 2
4595599.1694 5437425.5571  30.8570 0.0625665 1.061723 1
4595599.1368 5437425.1817  30.5021 0.0657003 1.185438 1
4595598.8910 5437425.3792  26.4357 0.0364491 1.110647 1
4595597.3657 5437429.4784  -0.0082 0.0533108 1.075802 3
4595599.0010 5437424.6194  28.5644 0.0481738 1.527692 1
4595597.3544 5437429.0105   0.0247 0.0950558 1.065648 3
4595598.7374 5437424.8525  24.1954 0.0758277 1.066628 1
4595597.3401 5437428.5504   0.0039 0.0587762 1.035814 3
4595599.0174 5437423.6474  29.2476 0.0452364 1.021552 1
4595597.3283 5437428.0830  -0.0089 0.1872864 1.040542 3
4595598.6805 5437424.0636  23.6290 0.0335096 1.000087 1
4595598.3592 5437424.9006  18.0686 0.0262190 0.966692 2
4595598.3120 5437425.0238  17.2508 0.0303599 0.943922 2
4595597.5914 5437426.9014   4.7294 0.0696690 1.365090 3
4595597.2908 5437426.6903  -0.0125 0.1117461 1.053500 3
4595597.2535 5437425.2995   0.0905 0.1656998 1.109188 3
4595597.2405 5437424.8368   0.0810 0.0544900 1.059565 3
4595597.2325 5437424.3626   0.1494 0.0449972 1.168605 3
4595598.8196 5437429.0321  27.6848 0.0321323 1.288113 1
4595598.7835 5437428.1986  27.4078 0.0512326 1.228668 1
4595598.7537 5437427.8148  27.0746 0.0322047 1.327381 2
4595598.7776 5437427.2799  27.6948 0.0357526 1.159633 1
4595598.6968 5437427.0378  26.5032 0.0408026 1.135654 2
4595598.6415 5437427.1919  25.5272 0.0477266 1.037733 2
4595598.9120 5437425.5134  30.7388 0.0314078 1.036428 1
4595598.8171 5437425.7736  29.0690 0.0395909 1.357449 2
4595597.1549 5437430.3290   0.0142 0.1140933 1.163021 3
4595598.5621 5437426.0034  24.8043 0.0357194 1.017465 2
4595598.4939 5437426.1888  23.6068 0.0268447 1.054507 2
4595597.1437 5437429.8615   0.0714 0.0397975 0.926563 3
4595597.1305 5437429.3995   0.0872 0.0722589 1.118972 0
4595598.7643 5437424.5254  28.7784 0.0326089 1.090247 1
4595598.6589 5437424.8077  26.9340 0.0381509 0.938900 2
4595598.5090 5437425.2094  24.3071 0.0372396 0.956686 2
4595597.1166 5437428.9395   0.0652 0.0789141 1.043584 3
4595598.8238 5437423.9042  30.0085 0.0700719 1.013233 1
4595597.1070 5437428.4682   0.1165 0.0948912 1.032438 3
4595597.3444 5437426.8562   4.6292 0.0867184 1.159826 0
4595597.0727 5437427.0709   0.1224 0.0373053 1.010944 3
4595597.0448 5437426.1542   0.1123 0.0434346 1.087187 3
4595597.0080 5437424.7655   0.1439 0.0563388 1.131528 3
4595596.9951 5437424.3048   0.1131 0.0310955 0.967333 3
4595598.2892 5437429.3640  25.6769 0.0052015 0.589418 1
4595598.2764 5437428.9295  25.6378 0.0741616 2.093158 1
4595598.4003 5437428.1070  27.9548 0.0697070 0.971740 0
4595598.3681 5437426.7956  27.9913 0.0657734 1.417421 3
4595598.2780 5437426.5778  26.6331 0.0242476 0.802071 3
4595598.4926 5437425.0621  30.8129 0.0918951 1.179483 1
4595598.3917 5437425.3361  29.0562 0.0231130 0.845874 2
4595598.4903 5437424.6056  30.9842 0.0422470 1.029215 1
4595598.3676 5437424.9363  28.8483 0.0237271 0.903079 2
4595598.2633 5437425.2174  27.0334 0.0400643 1.094600 2
4595598.1268 5437425.5852  24.6583 0.0192959 0.635573 2
4595596.7147 5437429.3898   0.0793 0.0369974 1.032421 3
4595596.6999 5437428.9329   0.0375 0.1149426 1.048733 3
4595598.4182 5437423.8764  30.1272 0.0858810 1.377783 1
4595598.0802 5437424.7733  24.2708 0.0245979 0.991909 3
4595598.0365 5437424.4203  23.7171 0.0365278 1.038465 3
4595598.0202 5437423.9938  23.6234 0.0329333 0.929558 1
4595596.6661 5437427.5316   0.0647 0.0817743 1.050394 3
4595597.9988 5437423.5821  23.4406 0.0971323 1.149925 1
4595596.6510 5437427.0760   0.0324 0.0559809 1.190060 3
4595596.6395 5437426.6096   0.0651 0.0865963 1.054676 3
4595596.6257 5437426.1501   0.0677 0.2332093 0.981806 3
4595596.6142 5437425.6857   0.1121 0.2540180 1.094841 3
4595596.5991 5437425.2289   0.0603 0.0761621 1.078586 3
4595596.5785 5437424.2937   0.0697 0.0648096 0.938247 3
4595597.8605 5437429.7590  28.4915 0.0576965 1.246474 1
4595597.8799 5437429.2353  29.0366 0.0453156 1.003053 1
4595597.9342 5437428.6142  30.1613 0.0225349 0.838653 1
4595597.6178 5437429.0435  24.9062 0.0189352 0.857152 2
4595597.8381 5437427.9543  28.8568 0.0791268 1.556727 1
4595597.5230 5437427.8945  23.8241 0.0239239 1.059560 2
4595597.5475 5437427.3564  24.4139 0.0181272 0.812090 2
4595597.3749 5437427.8307  21.4636 0.0448534 0.960755 3
4595597.5926 5437426.7638  25.4015 0.0634286 0.995053 1
4595597.5313 5437426.9309  24.3429 0.0316374 0.931623 2
4595597.3610 5437427.3952  21.4015 0.0144931 0.739377 3
4595597.8706 5437425.5438  30.4535 0.0538591 1.030122 1
4595597.7750 5437425.8027  28.7934 0.0607403 1.309247 2
4595597.5580 5437426.3898  25.0201 0.0423755 1.293676 3
4595597.9264 5437424.9320  31.6147 0.0575784 1.170515 1
4595597.9074 5437424.5224  31.4882 0.0342846 0.967113 1
4595597.6366 5437425.2444  26.8354 0.0343425 1.400378 2
4595597.9073 5437424.0621  31.6649 0.0445181 1.142129 1
4595597.0134 5437426.4271  16.2635 0.0989469 1.376489 3
4595597.8772 5437423.6820  31.3270 0.0891696 1.076801 1
4595596.0252 5437427.0575   0.0587 0.1247370 1.041955 3
4595596.0106 5437426.5995   0.0275 0.0737985 0.993150 3
4595596.7232 5437424.3062  12.5015 0.0318800 0.994148 1
4595595.9979 5437426.1374   0.0396 0.1975530 1.092831 3
4595595.9849 5437425.6764   0.0478 0.2524122 1.099586 3
4595595.9614 5437424.7493   0.0370 0.2428452 1.056481 3
4595597.4887 5437429.9737  28.6077 0.0282305 1.023076 1
4595597.4842 5437429.5194  28.7561 0.0627165 1.275728 1
4595597.5299 5437428.9230  29.7420 0.0537347 1.006341 1
4595597.4808 5437429.0633  28.8926 0.0874067 1.179399 2
4595597.5244 5437428.0114  29.9839 0.1285250 1.543982 0
4595597.6378 5437427.2305  32.0862 0.0943954 1.341000 1
4595597.5711 5437426.4946  31.3286 0.0565557 1.208317 0
4595597.3023 5437426.7702  26.8846 0.0751168 1.086331 1
4595597.1943 5437427.0658  25.0195 0.0294567 1.302666 2
4595597.0585 5437427.4374  22.6730 0.0988094 1.108702 3
4595597.6000 5437425.4972  32.2742 0.0545018 1.063833 1
4595596.8797 5437427.4541  19.7872 0.0243003 0.992931 3
4595597.5959 5437425.0501  32.3900 0.1472769 1.407522 0
4595597.4509 5437424.9801  30.0854 0.0260376 0.804253 1
4595596.7500 5437426.8559  17.9630 0.1073050 1.005150 2
4595595.6171 5437425.9292   0.0337 0.2238625 1.071513 3
4595597.1318 5437429.6962  29.2120 0.0408576 1.038466 1
4595597.1363 5437428.2895  29.8559 0.0370697 1.041165 1
4595596.8417 5437428.6536  24.9592 0.0551314 1.051016 1
4595596.7610 5437428.8800  23.5640 0.0436649 1.100045 2
4595597.2434 5437427.0649  32.0319 0.0914818 1.296797 1
4595597.0702 5437427.5478  29.0414 0.0385908 1.152130 2
4595596.7466 5437428.4499  23.5024 0.0384565 1.267428 3
4595597.2352 5437426.6277  32.0867 0.0392725 1.121730 1
4595597.1831 5437426.7720  31.1866 0.0408971 1.049067 3
4595597.1910 5437426.2905  31.5298 0.0959381 1.422855 0
4595597.2497 5437425.6702  32.7679 0.0812945 1.440433 1
4595597.1342 5437425.9852  30.7594 0.0426027 1.170452 3
4595597.2132 5437425.3110  32.3346 0.0817764 1.093078 1
4595597.2198 5437424.8363  32.6205 0.1023075 2.217844 1
4595595.3290 5437429.9164   0.0038 0.0872604 1.157189 3
4595597.2615 5437424.2670  33.5028 0.0612817 1.055430 1
4595597.1718 5437424.5061  31.9712 0.0546414 2.036652 2
4595597.0878 5437424.7303  30.5286 0.0340104 1.112200 3
4595597.1861 5437424.0117  32.3684 0.0047083 1.201246 2
4595597.1545 5437424.0954  31.8290 0.0424688 1.389420 2
4595595.3099 5437428.9770   0.0342 0.0431690 1.018313 3
4595597.0267 5437423.9736  29.8035 0.0806676 1.442517 3
4595595.2547 5437426.6523   0.0434 0.2038608 1.064716 3
4595595.2454 5437426.1836   0.0923 0.0954088 1.196471 3
4595595.2271 5437425.7377  -0.0112 0.3079770 1.057657 3
4595595.2049 5437424.8095  -0.0047 0.5009025 1.045220 3
4595596.6162 5437429.4683  30.7566 0.0923312 1.036659 0
4595596.6211 5437428.9914  31.0212 0.0682231 1.057826 1
4595596.5961 5437428.6002  30.7755 0.0999930 1.074207 1
4595596.4671 5437428.0347  28.9173 0.0697407 1.191382 2
4595596.1610 5437428.8858  23.6827 0.0284601 0.988364 3
4595596.6994 5437426.9295  33.0710 0.0472912 1.200021 1
4595596.3892 5437426.8584  28.1409 0.0558319 1.044588 2
4595596.6020 5437425.8205  32.0092 0.0175176 0.847373 2
4595596.3365 5437426.5376  27.4308 0.0385190 1.040529 3
4595596.6788 5437425.1553  33.4965 0.0779506 1.067878 1
4595596.4896 5437425.6626  30.2866 0.0411647 1.128884 2
4595596.6937 5437424.6596  33.8996 0.0400357 0.976327 1
4595596.0659 5437426.3301  23.1707 0.0231470 0.911075 2
4595596.6543 5437424.3081  33.3846 0.0588235 1.542538 1
4595596.4148 5437424.9408  29.3373 0.0416679 1.272006 2
4595595.7920 5437426.5858  18.6551 0.0421798 1.120057 3
4595594.6127 5437425.7494   0.0075 0.1488241 1.074601 3
4595594.6018 5437425.2859   0.0167 0.4079012 1.046406 0
4595596.1107 5437430.0810  30.8433 0.0526565 1.072449 1
4595596.0082 5437429.9124  29.2775 0.0847869 1.091582 1
4595595.9036 5437430.2105  27.5007 0.0306303 1.104812 2
4595596.1920 5437428.9276  32.5819 0.0335756 1.099027 1
4595596.1195 5437429.1330  31.3483 0.0384380 1.205261 2
4595596.1516 5437428.5824  32.0598 0.0384025 1.320929 1
4595596.0799 5437428.7841  30.8401 0.0465173 1.150894 2
4595596.1216 5437428.2070  31.7144 0.0208509 1.264470 1
4595596.0777 5437428.3296  30.9678 0.0493140 2.000535 2
4595595.9222 5437428.7638  28.3252 0.0552024 1.191343 2
4595596.0844 5437427.8509  31.2455 0.0302733 1.040418 1
4595596.0230 5437428.0212  30.2025 0.0705684 1.059545 2
4595596.1306 5437427.2652  32.2035 0.0684875 1.437955 1
4595596.0103 5437427.5961  30.1524 0.0457634 1.048943 3
4595596.1635 5437426.7167  32.9512 0.0224915 0.896586 1
4595596.1189 5437426.8385  32.1882 0.0313591 1.016560 2
4595596.1653 5437426.2552  33.1716 0.0643788 1.055978 1
4595595.9511 5437426.8365  29.5009 0.0564835 1.410774 2
4595595.9911 5437426.2684  30.3736 0.0808055 1.143538 1
4595595.8807 5437426.5658  28.4802 0.0203814 1.019552 3
4595596.1148 5437425.4789  32.6897 0.0353029 0.859422 1
4595596.0613 5437425.6219  31.7726 0.0855564 1.790742 3
4595596.0933 5437425.0803  32.4726 0.1157269 1.196904 0
4595596.0931 5437424.6251  32.6165 0.0530109 1.159866 1
4595596.0198 5437424.8183  31.3796 0.0406587 1.876099 2
4595594.1672 5437429.2048   0.0792 0.0915817 1.063841 3
4595594.1572 5437428.7383   0.0590 0.1539585 1.031344 3
4595594.1274 5437427.3391   0.0610 0.2316586 1.070345 3
4595594.1143 5437426.8815   0.0207 0.0618742 1.164939 3
4595594.0959 5437425.9472   0.0735 0.2838828 1.102916 3
4595595.7877 5437429.4208  31.7700 0.0567631 1.038404 1
4595595.6444 5437429.8292  29.3389 0.0588371 1.269219 2
4595595.7532 5437429.0591  31.3409 0.0450034 1.120132 1
4595595.7222 5437428.6867  30.9699 0.0641618 1.114940 1
4595595.7297 5437428.2065  31.2550 0.0821553 1.283014 1
4595595.6144 5437428.5282  29.2941 0.0520612 1.093916 2
4595595.8093 5437427.0705  32.9404 0.0951485 1.685486 1
4595595.7794 5437425.3302  33.1379 0.0615284 1.230961 1
4595595.6397 5437425.7031  30.7553 0.0819539 1.105494 3
4595595.3139 5437425.6479  25.5341 0.0538522 1.038378 1
4595595.1912 5437425.9708  23.4302 0.0538148 1.162521 2
4595593.8168 5437429.5874   0.0943 0.0325507 0.952943 3
4595593.8085 5437429.1174   0.1045 0.1891382 1.059663 3
4595593.8006 5437428.6457   0.1193 0.0529537 1.117395 3
4595593.7935 5437428.1732   0.1575 0.1714594 1.067503 3
4595593.7581 5437426.7936   0.0676 0.0578287 1.099926 3
4595593.7361 5437425.3809   0.2101 0.1627458 1.096679 3
4595595.1225 5437429.5514  29.4882 0.0417219 1.069905 1
4595595.2610 5437428.7027  31.9583 0.0450358 1.111480 1
4595595.1980 5437428.8792  30.8978 0.0338766 1.053762 2
4595595.0426 5437429.3141  28.2878 0.0319856 1.186945 2
4595594.8758 5437429.7812  25.4849 0.0357422 1.228155 2
4595595.3121 5437428.1016  32.9738 0.0381304 0.936820 1
4595595.2128 5437428.3775  31.2936 0.0400296 1.266041 2
4595595.3087 5437427.6549  33.0725 0.0545118 1.192096 1
4595595.1098 5437428.2039  29.7064 0.0414966 1.032527 2
4595595.3330 5437427.1312  33.6472 0.0487188 1.245442 1
4595595.1484 5437427.6371  30.5160 0.0602908 1.377217 2
4595595.0507 5437427.4439  29.0215 0.0622528 1.063557 1
4595594.6877 5437427.9642  23.0427 0.0813091 1.029069 1
4595595.3030 5437425.8475  33.6509 0.0883639 1.136534 1
4595595.2973 5437425.4094  33.7249 0.0846920 1.173754 1
4595595.0864 5437425.9708  30.1350 0.0539330 1.353352 3
4595595.3069 5437424.9297  34.0388 0.0624998 0.994071 1
4595595.2672 5437425.0346  33.3682 0.0381347 1.615937 2
4595593.2780 5437429.3065   0.0887 0.0479223 1.040317 3
4595593.2672 5437428.8421   0.0613 0.3880941 1.060983 0
4595593.2464 5437427.9135   0.0271 0.2548709 1.018992 3
4595594.5810 5437428.7899  31.1899 0.0500378 0.958029 1
4595594.5717 5437428.3573  31.1610 0.0399318 1.116787 1
4595594.4475 5437428.6985  29.0973 0.0387285 1.474285 2
4595594.5127 5437428.0618  30.3181 0.1033729 1.657314 1
4595594.6352 5437427.2713  32.5139 0.0920559 2.326574 1
4595594.4528 5437427.3071  29.6077 0.0321127 1.078408 3
4595594.3515 5437426.2016  28.3730 0.0720900 1.062011 1
4595594.6587 5437424.9420  33.6786 0.0564445 0.999860 1
4595594.6110 5437425.0666  32.8805 0.0347827 1.058197 2
4595594.4100 5437425.1350  29.6642 0.0211860 0.895270 3
4595594.0670 5437427.5974  29.8798 0.0382307 1.071390 1
4595594.2331 5437426.6959  32.7988 0.0889249 1.672082 0
4595594.2178 5437426.2848  32.6880 0.0715272 1.041222 1
4595593.9938 5437426.8810  28.9409 0.0373216 1.261258 2
4595593.9336 5437427.0410  27.9357 0.0761618 1.331104 2
4595593.8607 5437427.2352  26.7159 0.0292536 1.036934 2
4595594.2191 5437425.3766  33.0016 0.0833219 1.155783 1
4595594.0916 5437425.7111  30.8661 0.0395398 1.191426 3
4595593.7043 5437428.8362  29.8195 0.0353049 1.060665 1
4595593.6928 5437428.4102  29.7473 0.0324671 1.159914 1
4595593.7934 5437427.6808  31.5502 0.0322538 1.128874 1
4595593.7031 5437427.9259  30.0477 0.0572896 1.462991 2
4595593.8267 5437427.1357  32.2427 0.0733884 0.980352 1
4595593.6722 5437427.0956  29.8014 0.0371528 1.290342 1
4595593.5609 5437427.3934  27.9415 0.1687069 1.371526 2
4595593.6395 5437426.7270  29.3969 0.1245785 1.048918 1
4595593.7424 5437425.9991  31.2502 0.0388585 1.125237 1
4595593.6214 5437426.3183  29.2315 0.0353395 1.276728 2
4595593.8461 5437425.2739  33.1182 0.0604482 1.196173 1
4595593.7639 5437425.4890  31.7457 0.0567645 1.118129 2
4595593.7221 5437425.5985  31.0471 0.0660856 1.057876 2
4595593.5429 5437426.1966  -0.0025 0.0621955 1.410668 3
4595593.4820 5437427.1830  -0.0665 0.3060661 1.025893 3
4595593.4516 5437427.6697  -0.0796 0.1871486 1.036853 3
4595593.4210 5437428.1470  -0.0583 0.0396608 1.024111 3
4595593.3598 5437429.1338  -0.0770 0.2872912 1.029041 3
4595593.3026 5437427.5914   5.8143 0.0420324 1.098759 1
4595593.7885 5437426.4717   0.7014 0.0543738 1.227896 2
4595593.7885 5437426.7984  -0.0897 0.2283525 1.053559 3
4595593.7581 5437427.2574  -0.0408 0.1359578 1.136548 3
4595593.7277 5437427.7324  -0.0233 0.1150935 1.041122 3
4595593.6973 5437428.2361  -0.0654 0.1054246 1.076212 3
4595593.6668 5437428.7513  -0.1265 0.0622745 1.078325 3
4595593.5477 5437428.7205   4.5034 0.0269449 0.871223 2
4595594.2695 5437425.5199  -0.0141 0.0391127 1.210548 3
4595594.2396 5437425.9996  -0.0264 0.0901097 0.996541 3
4595594.2095 5437426.4817  -0.0380 0.3716311 1.047638 3
4595594.1795 5437426.9568  -0.0294 0.1410266 1.028375 3
4595594.1494 5437427.4145   0.0225 0.7033881 1.047992 0
4595594.0893 5437428.3771   0.0352 0.1538149 1.013176 3
4595594.0591 5437428.8771   0.0195 0.0342968 0.864375 3
4595594.0289 5437429.3668   0.0313 0.0513501 1.123030 3
4595593.9095 5437428.8343   5.7939 0.0350637 0.942946 1
4595593.8805 5437428.4068   7.8929 0.0650839 1.088796 1
4595593.8802 5437428.7364   7.1359 0.0353688 1.133164 2
4595593.5134 5437427.8889  23.0539 0.0324291 0.976175 1
4595593.4847 5437428.2862  23.2086 0.0515593 1.044971 2
4595593.4329 5437427.6011  26.7891 0.0395038 1.089374 3
4595593.3811 5437427.1559  29.8155 0.1097969 1.077383 2
4595593.3772 5437428.0883  27.7570 0.0603134 1.939840 2
4595593.3246 5437427.9370  30.1122 0.0894984 1.070467 1
4595593.2965 5437428.3104  30.3033 0.0779030 1.261970 1
4595593.2926 5437429.1531  28.4761 0.0731900 1.215291 2
4595594.7446 5437425.1526  -0.0515 0.3095780 1.053380 3
4595594.7147 5437425.6356  -0.0649 0.0937352 1.114201 3
4595594.6844 5437425.9904   0.2256 0.2516396 2.307596 0
4595594.6547 5437426.5887  -0.0787 0.3826031 1.114921 3
4595594.5901 5437425.4670   4.9591 0.0417005 1.046396 1
4595594.5946 5437427.5197  -0.0139 0.6615949 1.070051 3
4595594.5646 5437427.9937   0.0093 0.5788324 1.057066 0
4595594.5345 5437428.4910  -0.0217 0.2554116 1.044130 3
4595594.5045 5437428.9934  -0.0338 0.0567346 1.172208 3
4595594.4743 5437429.4919  -0.0351 0.1137172 1.034399 3
4595594.4442 5437429.9930  -0.0660 0.4151962 1.040760 0
4595594.3811 5437427.8459   7.1762 0.0415189 1.054673 1
4595594.3218 5437428.8555   7.0736 0.0314539 0.938164 1
4595594.0621 5437425.6965  24.0544 0.0314729 1.176220 1
4595594.0343 5437425.5669  25.3893 0.0534635 1.020168 1
4595594.0333 5437426.2507  23.8306 0.0882670 1.205364 2
4595594.0047 5437426.6494  23.9673 0.0447003 1.029331 1
4595593.9791 5437425.3574  27.9294 0.0636879 1.030068 1
4595593.9754 5437427.4270  23.2447 0.0722831 1.093094 2
4595593.9232 5437425.8249  28.9218 0.0372678 1.398113 2
4595593.8969 5437425.3563  30.9884 0.0428880 1.116914 1
4595593.8948 5437426.2690  28.9438 0.0333061 1.140424 2
4595593.8928 5437427.1578  26.9498 0.0278989 1.219223 2
4595593.8689 5437425.7149  31.1973 0.0543137 1.080542 1
4595593.8673 5437426.3516  29.7755 0.0346049 1.310219 2
4595593.8655 5437427.0780  28.1505 0.0914571 1.365949 2
4595593.8408 5437426.1163  31.3108 0.0448287 0.961687 1
4595593.8371 5437427.4880  28.2519 0.0602019 1.044706 2
4595593.8106 5437427.2207  29.8610 0.0498716 1.212813 1
4595593.8082 5437428.0690  27.9886 0.0646182 1.078746 2
4595593.7828 5437427.4724  30.3090 0.1003935 1.587541 1
4595593.7539 5437428.0700  30.0089 0.0767586 1.309644 1
4595593.7274 5437427.9225  31.3338 0.0545469 1.073550 1
4595593.6953 5437429.4403  29.0621 0.0747193 1.483963 1
4595595.0838 5437424.7477   0.0095 0.2380708 1.339403 3
4595594.9938 5437426.0012   0.4380 0.2575912 1.446723 0
4595594.9646 5437426.6876  -0.0840 0.5477643 1.065488 0
4595594.9346 5437427.1550  -0.0560 0.5073842 1.048967 0
4595594.8990 5437425.5410   5.0206 0.0622420 0.922574 1
4595594.9046 5437427.6177  -0.0153 0.4144743 1.088853 3
4595594.8746 5437428.1031  -0.0204 0.4094742 1.055971 0
4595594.8447 5437428.6177  -0.0881 0.0902386 0.994963 3
4595594.7846 5437429.6138  -0.1057 0.1554404 1.032926 3
4595594.7505 5437427.7592   5.3607 0.0731894 1.033876 1
4595594.7546 5437430.1332  -0.1757 0.5517977 1.158590 3
4595594.6618 5437429.5828   4.5178 0.0495225 1.162417 1
4595594.3402 5437425.7348  25.2352 0.0856013 1.035436 1
4595594.3129 5437425.1107  27.6871 0.0647853 1.061059 1
4595594.3114 5437426.4077  24.7347 0.0423770 1.035806 2
4595594.2819 5437427.6034  23.0652 0.0535638 1.224615 1
4595594.2007 5437426.1904  29.3382 0.1648118 1.337838 1
4595594.1738 5437425.9198  30.9604 0.0586776 1.125862 1
4595594.1723 5437426.7058  29.1977 0.1014657 1.046993 2
4595594.1710 5437427.3329  27.7947 0.0711053 1.698356 3
4595594.1455 5437426.4081  30.8757 0.0231917 0.964352 1
4595594.1443 5437426.9625  29.6383 0.0423424 1.007114 2
4595594.1163 5437427.3184  29.8553 0.1029430 1.091464 1
4595594.0878 5437427.8042  29.7946 0.0841190 1.316904 1
4595594.0594 5437428.2301  29.8694 0.0866562 1.579699 1
4595595.4272 5437424.8634  -0.1378 0.2068618 1.009564 3
4595595.3976 5437425.3333  -0.1116 0.2221906 1.067607 3
4595595.3681 5437425.8173  -0.1366 0.1650772 1.081582 3
4595595.3384 5437426.2815  -0.1202 0.3749048 1.080009 0
4595595.3076 5437426.4554   0.6123 0.1218170 1.015008 1
4595595.3086 5437426.7302  -0.0577 0.2670327 1.127766 3
4595595.2789 5437427.2062  -0.0539 0.6244162 1.054432 0
4595595.2492 5437427.6695  -0.0150 0.2132534 1.055020 3
4595595.2113 5437425.6351   6.0627 0.0396639 1.104833 1
4595595.2152 5437426.8390   3.1370 0.0331262 1.054235 2
4595595.2195 5437428.1617  -0.0383 0.2917656 1.050345 3
4595595.1898 5437428.6824  -0.1220 0.0648449 1.157805 3
4595595.1505 5437425.7484   8.0439 0.0347246 1.023437 1
4595595.1601 5437429.1633  -0.1006 0.3852494 1.072804 3
4595595.1302 5437429.6573  -0.1049 0.1797597 1.096981 3
4595595.0928 5437427.0233   7.2287 0.0407578 1.150779 1
4595595.0947 5437427.8094   5.3638 0.0569892 1.014173 2
4595595.1005 5437430.1844  -0.1912 0.2306226 1.087071 3
4595595.0373 5437429.5375   3.5958 0.0229245 0.743602 1
4595594.9773 5437430.0685   4.6175 0.0252577 0.940792 1
4595594.6250 5437426.7017  25.2194 0.0323151 1.129675 2
4595594.5977 5437425.8279  28.2409 0.0291789 0.867556 1
4595594.5972 5437426.4028  26.9305 0.0440395 1.117434 2
4595594.5970 5437426.6510  26.3681 0.0232215 0.870252 2
4595594.5958 5437428.1917  22.9030 0.0161620 0.815965 3
4595594.5688 5437427.0553  26.4852 0.0556263 1.787029 2
4595594.5432 5437425.1842  31.7263 0.0416237 1.157586 1
4595594.5417 5437426.4999  28.7565 0.1015589 1.005363 2
4595594.5412 5437426.9244  27.8038 0.0577197 1.372928 2
4595594.4881 5437425.5512  32.9192 0.0501878 1.338473 1
4595594.4875 5437425.9449  32.0333 0.0317866 0.980799 2
4595594.4867 5437426.4795  30.8302 0.0399416 1.369552 2
4595594.4860 5437426.9998  29.6691 0.0440636 1.573468 2
4595594.4607 5437425.7440  33.4864 0.0523606 1.114497 1
4595594.4584 5437427.1223  30.4067 0.0347970 1.022043 2
4595594.4314 5437426.9633  31.7655 0.0896273 1.006628 1
4595594.4307 5437427.3553  30.8959 0.0285730 1.089805 2
4595594.4038 5437427.2221  32.1942 0.0336725 0.953559 1
4595594.4029 5437427.6385  31.2763 0.0405471 1.203021 2
4595594.4015 5437428.3350  29.7505 0.0271424 0.977984 2
4595594.3743 5437428.3387  30.7471 0.0252751 1.044816 1
4595594.3731 5437428.8776  29.5909 0.0483235 1.253947 2
4595595.9046 5437424.4307  -0.0456 0.5596238 1.054904 0
4595595.8751 5437424.9193  -0.0535 0.6079714 1.060111 0
4595595.8456 5437425.3997  -0.0428 0.5601928 1.064316 0
4595595.8159 5437425.8647  -0.0250 0.6754084 1.027328 0
4595595.7863 5437426.3354  -0.0285 0.6046420 1.061513 0
4595595.7565 5437426.7856   0.0281 0.5046021 1.183894 3
4595595.7269 5437427.2724   0.0018 0.4014916 1.045885 3
4595595.6971 5437427.7286   0.0580 0.4335528 1.053399 3
4595595.6557 5437425.6738   6.1973 0.0360833 0.871390 1
4595595.6647 5437427.6242   1.4618 0.1264963 1.148738 3
4595595.6263 5437426.0948   6.3011 0.0660558 1.220779 1
4595595.6378 5437428.7098   0.0228 0.3749471 1.091025 3
4595595.6009 5437427.5002   4.0468 0.1822259 1.129757 1
4595595.6080 5437429.2084  -0.0028 0.1932316 1.053048 3
4595595.5677 5437427.0612   6.2325 0.0398187 1.291202 1
4595595.5698 5437427.5871   4.9758 0.1456569 1.070012 2
4595595.5784 5437429.7396  -0.1042 0.0831375 1.073994 3
4595595.5368 5437427.0991   7.2675 0.0393737 1.120326 1
4595595.5486 5437430.2253  -0.0936 0.5656266 1.039646 3
4595595.5084 5437427.8382   6.6384 0.0233588 0.810165 1
4595595.5134 5437429.2265   3.3810 0.0222434 0.860663 2
4595595.5186 5437430.6839  -0.0322 0.3653517 1.105675 3
4595595.4695 5437425.4969  13.3270 0.0460940 0.976110 0
4595595.4503 5437429.0066   6.1463 0.0322696 1.068441 1
4595595.4082 5437425.2650  16.0532 0.0870174 1.179234 1
4595595.1167 5437427.0500  22.5540 0.0403487 1.076885 1
4595595.0590 5437426.9417  24.8824 0.0412622 1.071342 1
4595595.0596 5437427.7493  23.0553 0.0322745 1.069789 2
4595595.0302 5437426.6477  26.5807 0.1262437 1.323694 2
4595595.0013 5437424.9517  31.4448 0.0467721 1.046990 2
4595594.9733 5437424.8719  32.6328 0.0734861 1.710206 1
4595594.9735 5437426.4611  29.0489 0.0396008 1.230656 2
4595594.9736 5437427.1145  27.5791 0.0204673 0.824175 2
4595594.9454 5437427.2487  28.2979 0.0289118 1.082996 2
4595594.9177 5437425.1998  33.9099 0.0303879 0.910782 1
4595594.9177 5437425.6121  32.9916 0.0344985 1.047549 2
4595594.9174 5437426.6214  30.7150 0.0366582 1.092175 2
4595594.8899 5437425.9619  33.2017 0.0634633 1.124717 1
4595594.8896 5437426.7078  31.5272 0.0434611 1.139812 2
4595594.8621 5437426.1270  33.8299 0.0243901 1.059370 1
4595594.8618 5437426.6912  32.5681 0.0507050 1.055697 2
4595594.8341 5437426.8905  33.1245 0.0151897 0.779488 1
4595594.8338 5437427.2768  32.2690 0.0803064 1.897799 2
4595594.8328 5437428.5263  29.5242 0.0531970 2.404645 3
4595594.8046 5437429.0428  29.4241 0.0506151 1.148209 1
4595594.8040 5437429.6692  28.0786 0.0215060 1.000480 2
4595594.7772 5437428.6637  31.2368 0.0406604 1.064855 1
4595596.2219 5437424.4453  -0.0881 0.8091910 1.047066 0
4595596.1923 5437424.9259  -0.0696 0.6961462 1.054807 0
4595596.1627 5437425.4019  -0.0407 0.5210172 1.048782 3
4595596.1331 5437425.8767  -0.0487 0.8702393 1.041158 0
4595596.1034 5437426.3465  -0.0528 0.6184828 1.065447 0
4595596.0737 5437426.8128  -0.0391 0.5740891 1.046507 0
4595596.0439 5437427.2853  -0.0350 0.6459940 1.054464 0
4595596.0007 5437425.2376   6.1165 0.0266516 1.033782 1
4595596.0142 5437427.7678  -0.0424 0.5531551 1.123070 3
4595595.9845 5437428.2572  -0.0569 0.2633259 1.043776 3
4595595.9418 5437426.1141   6.2617 0.0500911 1.423270 1
4595595.9547 5437428.7368  -0.0461 0.4219723 1.052557 3
4595595.9250 5437429.2348  -0.0773 0.5433339 1.054308 0
4595595.8874 5437428.0232   3.9365 0.0463850 1.068568 1
4595595.8952 5437429.7346  -0.1153 0.3046783 1.060463 3
4595595.8653 5437430.2130  -0.1042 0.4181537 1.056067 0
4595595.8133 5437425.3194  12.6498 0.0723372 1.016639 0
4595595.7832 5437425.5100  13.3069 0.0877391 1.016658 1
4595595.8027 5437430.4694   1.5796 0.0652024 1.155893 3
4595595.7511 5437425.0929  15.3724 0.0568003 1.097855 1
4595595.7359 5437429.4275   6.2786 0.0331861 0.947291 1
4595595.4545 5437425.5288  25.0336 0.0351647 1.227663 2
4595595.4559 5437426.3011  23.2400 0.0700003 1.029996 3
4595595.3673 5437425.0408  29.2302 0.0363341 1.095288 1
4595595.3692 5437426.5986  25.6747 0.1551416 1.054292 3
4595595.2825 5437425.4935  31.2681 0.0717572 1.552463 1
4595595.2828 5437425.9874  30.1428 0.0404141 1.033736 2
4595595.2540 5437424.8613  33.6796 0.0435688 0.918000 1
4595595.2543 5437425.3410  32.6149 0.0652026 2.127818 2
4595595.2262 5437425.2873  33.7364 0.0361060 1.155928 1
4595595.1985 5437426.6697  31.6277 0.0565154 1.206283 1
4595595.1706 5437425.8511  34.4682 0.0658181 1.037838 1
4595595.1706 5437426.1821  33.7231 0.0371084 1.166302 2
4595595.1427 5437426.5706  33.8471 0.0608839 1.047288 1
4595595.1423 5437428.0422  30.5943 0.0456151 1.013701 2
4595595.1422 5437428.4307  29.7405 0.0328004 1.218638 2
4595595.1148 5437427.0532  33.7721 0.1187377 1.368632 1
4595595.1146 5437427.5409  32.6946 0.0503999 2.129163 2
4595595.1142 5437428.3673  30.8839 0.0208082 0.954049 3
4595595.0861 5437428.7261  31.1080 0.0845870 1.363939 1
4595595.0857 5437429.3280  29.8151 0.0592354 1.145604 2
4595596.4384 5437424.4243  -0.0763 0.7170246 1.042214 0
4595596.4091 5437424.9013  -0.0441 0.5854072 1.075291 0
4595596.3797 5437425.3824  -0.0219 0.5230783 1.051975 0
4595596.3502 5437425.8519  -0.0145 0.7023690 1.037316 0
4595596.3208 5437426.3335  -0.0499 0.5289365 1.059645 0
4595596.2773 5437424.3438   5.9171 0.0330125 1.012939 1
4595596.2912 5437426.7957  -0.0290 0.5561016 1.073760 3
4595596.2617 5437427.2695  -0.0329 0.4923990 1.072058 0
4595596.2321 5437427.7589  -0.0565 0.4211703 1.050711 0
4595596.2026 5437428.2496  -0.0724 0.2597469 1.047673 3
4595596.1729 5437428.7115  -0.0204 0.3882156 1.073756 0
4595596.1282 5437425.9434   7.7841 0.0432997 1.122946 1
4595596.1334 5437427.0602   5.0701 0.0422295 1.199987 2
4595596.1434 5437429.2164  -0.0708 0.2541152 1.050719 3
4595596.0995 5437426.4898   7.5773 0.0827356 1.067229 1
4595596.1064 5437428.0438   3.8555 0.0559206 0.983044 2
4595596.1138 5437429.7145  -0.1115 0.1777450 1.072001 3
4595596.0709 5437427.0684   7.3090 0.0227842 0.905819 1
4595596.0720 5437427.3252   6.6921 0.0320458 1.032036 2
4595596.0768 5437428.4686   3.9872 0.0569482 1.048550 2
4595596.0841 5437430.1845  -0.0918 0.2933823 1.245007 3
4595596.0310 5437424.8697  13.6722 0.0241862 0.930682 1
4595596.0327 5437425.2891  12.6989 0.0495119 1.189084 2
4595596.0519 5437430.0564   1.3613 0.0623186 1.678915 3
4595596.0031 5437425.5453  13.2032 0.0515789 1.241392 1
4595596.0221 5437430.5012   1.4430 0.0499391 0.892000 2
4595596.0226 5437430.6383   1.0952 0.0881892 2.507408 3
4595595.9558 5437429.4413   6.2113 0.0427231 1.048971 1
4595595.8833 5437425.8683  16.7930 0.0473074 1.020732 1
4595595.6778 5437426.3085  23.2078 0.1034408 1.124134 3
4595595.6203 5437426.4753  24.9074 0.1056001 1.275892 1
4595595.5614 5437424.8328  30.7079 0.0942928 1.453739 2
4595595.5635 5437426.9826  25.8232 0.0171481 0.600565 2
4595595.5342 5437425.9065  29.3052 0.0450345 1.734301 3
4595595.5055 5437425.0595  32.2307 0.0680926 1.322331 1
4595595.5061 5437426.0412  30.0147 0.0335358 0.987575 2
4595595.5063 5437426.4898  28.9899 0.0321012 1.099764 2
4595595.4775 5437424.9007  33.5895 0.0871991 0.958382 1
4595595.4777 5437425.3067  32.6890 0.0478571 1.445271 2
4595595.4778 5437425.5637  32.1153 0.0215595 1.388584 2
4595595.4783 5437426.9315  29.0134 0.0457279 1.113410 2
4595595.4498 5437424.9900  34.3924 0.0347992 0.986688 1
4595595.4499 5437425.3139  33.6761 0.0645881 1.093829 2
4595595.4499 5437425.6386  32.9498 0.0353157 1.109675 2
4595595.4222 5437426.3738  32.2863 0.0258795 0.865893 1
4595595.4223 5437426.6800  31.5986 0.0456322 1.317621 2
4595595.3946 5437425.8949  34.3673 0.0817294 0.983458 1
4595595.3945 5437426.1842  33.7146 0.0297570 1.108141 3
4595595.3668 5437426.6336  33.7023 0.0281794 0.924021 1
4595595.3667 5437426.9751  32.9440 0.0370826 1.265876 2
4595595.3664 5437428.0130  30.6494 0.0326960 1.038462 2
4595595.3663 5437428.4720  29.6395 0.0460989 1.053978 3
4595595.3111 5437427.8689  32.9646 0.0522795 1.459788 1
4595595.3105 5437428.7777  30.9844 0.0230173 0.991237 2
4595595.3101 5437429.3308  29.7899 0.0570776 1.728168 3
4595596.7791 5437424.9271  -0.0195 0.8241293 1.035491 0
4595596.7498 5437425.4010   0.0182 0.6396436 1.066750 0
4595596.7206 5437425.8835  -0.0103 0.6293167 1.073072 0
4595596.6913 5437426.3606  -0.0340 0.8816147 1.016916 0
4595596.6458 5437424.3811   5.9240 0.0438294 0.964899 1
4595596.6496 5437424.9537   4.5699 0.0223454 0.876667 2
4595596.6618 5437426.8162   0.0074 0.3551114 1.092519 3
4595596.6325 5437427.3002  -0.0200 0.6189640 1.056485 0
4595596.6032 5437427.7956  -0.0515 0.7239059 1.047628 0
4595596.5737 5437428.2743  -0.0329 0.6973079 1.040231 0
4595596.5345 5437427.0401   4.0803 0.0483371 1.217450 1
4595596.5443 5437428.7559  -0.0280 0.4288932 1.055563 3
4595596.5002 5437426.5774   6.3435 0.0292297 1.085307 1
4595596.5149 5437429.2297  -0.0110 0.3818771 1.211792 3
4595596.4854 5437429.7215  -0.0480 0.5719901 1.053746 0
4595596.4262 5437424.4047  13.7446 0.0641506 1.034302 1
4595596.4287 5437424.9016  12.5977 0.0335662 1.305076 2
4595596.4559 5437430.2156  -0.1050 0.2081735 1.150910 3
4595596.3720 5437425.9154  12.4237 0.0981011 1.069775 1
4595596.3366 5437424.8885  15.9265 0.0587113 1.092215 1
4595596.2857 5437427.2658  12.4911 0.0320669 1.053154 3
4595596.1013 5437426.0862  21.7299 0.0230439 0.960331 3
4595596.0441 5437426.7010  22.4031 0.0371210 1.181088 3
4595596.0130 5437425.9494  25.1957 0.0852181 1.204852 1
4595595.9870 5437427.2883  23.1459 0.0458663 1.140312 2
4595595.9239 5437424.4813  31.5848 0.0437738 1.019168 1
4595595.8701 5437426.2941  29.5413 0.0253813 1.105405 2
4595595.8706 5437426.6691  28.6864 0.0258758 1.055132 2
4595595.8398 5437424.7580  34.0051 0.0510530 0.953981 1
4595595.8401 5437425.0272  33.4125 0.0220133 1.019149 2
4595595.7581 5437427.0883  31.7917 0.0974220 1.558416 2
4595595.7300 5437426.8047  33.4256 0.1386207 1.178114 0
4595595.7027 5437428.3494  31.0146 0.0525471 1.012393 2
4595595.6748 5437428.1115  32.5355 0.0563138 1.714046 1
4595595.6749 5437428.8119  31.0076 0.0662239 1.668366 2
4595595.6752 5437430.1655  28.0617 0.0418434 1.155685 2
4595595.6471 5437429.4737  30.5706 0.1049012 1.448445 1
4595597.2293 5437424.0939   0.0294 0.5724019 1.049195 0
4595597.2003 5437424.5854   0.0209 0.7855744 1.056826 0
4595597.1711 5437425.0658   0.0249 0.6464620 1.075899 0
4595597.1419 5437425.5495   0.0214 0.6376697 1.063583 0
4595597.1128 5437426.0391  -0.0391 0.5087436 1.076624 0
4595597.0645 5437424.0709   5.8940 0.0676598 1.074332 1
4595597.0834 5437426.4994  -0.0269 0.3959662 1.085965 3
4595597.0540 5437426.9702  -0.0146 0.6987250 1.047478 0
