    X-Koord.     Y-Koord. Z-Koord.      Int.   Pulsb. W
4595536.0536 5437452.0260   0.8444 0.0716195 1.139467 3
4595536.0213 5437451.3325   0.0296 0.4895192 1.053653 0
4595536.0572 5437450.8602   0.1031 0.1977592 1.105547 3
4595536.0779 5437450.3378  -0.0198 0.0448036 0.976855 3
4595536.1055 5437449.8370  -0.0519 0.4779729 1.057167 0
4595536.1373 5437449.3503  -0.0222 0.0978904 1.088759 3
4595536.1621 5437448.8407  -0.0651 0.7017134 1.068440 0
4595536.2094 5437448.4047   0.1780 0.6408515 1.649659 0
4595536.3018 5437448.1223   0.9971 0.1357103 0.948877 1
4595536.2376 5437447.9051   0.1625 0.4012203 1.405737 3
4595536.2585 5437447.3804   0.0455 0.4053379 1.095490 0
4595536.2904 5437446.8926   0.0471 0.6552915 1.082052 0
4595535.1335 5437451.8060   0.0314 0.1816470 1.026751 3
4595535.1619 5437451.3076   0.0084 0.6401575 1.070591 0
4595535.5921 5437452.1108   5.1537 0.0577487 1.282746 2
4595535.1898 5437450.8084  -0.0110 0.3393322 0.994332 3
4595535.2237 5437450.3285   0.0502 0.0494980 1.105122 3
4595535.5329 5437450.7489   3.6283 0.2361433 1.125874 0
4595535.6587 5437450.5755   4.8632 0.1846734 1.271727 1
4595535.2866 5437449.3519   0.1212 0.0726751 1.137589 3
4595535.3084 5437448.8313   0.0242 0.5318858 1.091100 0
4595535.3359 5437448.3286  -0.0078 0.7056822 1.063733 0
4595535.3737 5437447.8604   0.0807 0.3721955 1.155051 0
4595535.4001 5437447.3537   0.0184 0.7298299 1.081615 0
4595535.4300 5437446.8587  -0.0030 0.7130148 1.048625 0
4595535.4634 5437446.3749   0.0198 0.6483395 1.039916 0
4595534.2304 5437450.4046   0.1409 0.3641630 1.413805 0
4595534.2743 5437449.9560   0.3372 0.2353824 1.558968 0
4595534.2795 5437449.3839   0.0439 0.5231978 1.126392 0
4595534.3079 5437448.8837   0.0117 0.6189237 1.060052 0
4595534.3405 5437448.3978   0.0276 0.7538279 1.049495 0
4595534.3732 5437447.9129   0.0280 0.7709136 1.034297 0
4595535.3924 5437450.6848  12.5883 0.2532653 1.126107 0
4595535.4445 5437450.2792  12.8851 0.0209081 0.839997 1
4595535.3695 5437450.0300  11.9407 0.3558611 1.138193 3
4595534.4695 5437446.4478  -0.0147 0.5190498 1.060353 0
4595533.5315 5437447.4423   0.8490 0.1200463 1.166606 0
4595533.5113 5437446.7828   0.1672 0.4285874 1.242515 0
4595534.8829 5437450.7062  17.1115 0.1057841 1.321577 1
4595535.0282 5437450.6146  18.5695 0.0689964 1.060626 1
4595535.0119 5437449.9897  18.0259 0.2070325 1.130889 0
4595535.4213 5437449.6494  22.0764 0.2613041 1.321210 0
4595535.7584 5437450.2247  25.9379 0.0579615 1.168310 1
4595535.6147 5437449.1685  23.7915 0.0547647 1.003890 1
4595535.9952 5437449.3412  27.8478 0.0630205 0.986631 1
4595535.7024 5437448.3312  24.1879 0.0690787 1.457247 2
4595535.8572 5437448.2975  25.7791 0.1261129 1.366435 1
4595535.9533 5437448.0634  26.6308 0.0172795 0.822765 1
4595535.7064 5437447.2031  23.4849 0.0412847 1.003382 2
4595534.5349 5437450.7640  21.0342 0.2173800 1.101815 0
4595534.4162 5437449.8016  19.2460 0.0480576 1.114379 1
4595534.6404 5437449.9772  21.6681 0.1822198 1.221782 1
4595535.1390 5437449.3882  26.4640 0.0811677 1.258810 1
4595534.9210 5437448.6461  23.7380 0.0335396 1.041211 2
4595535.2846 5437448.7550  27.5728 0.1733740 1.228596 0
4595535.6183 5437449.3424  31.3793 0.0461290 1.147888 1
4595535.1927 5437447.8720  26.0383 0.0675441 1.140054 2
4595535.2491 5437447.4979  26.3744 0.0624180 1.195650 1
4595535.0960 5437446.9662  24.4080 0.0462906 1.128173 2
4595535.0036 5437446.6451  23.2164 0.0308060 0.962984 2
4595535.5321 5437447.9158  29.5957 0.0403668 1.021771 1
4595534.4844 5437450.6792  29.1042 0.0278944 0.937377 1
4595534.5141 5437450.2195  29.1457 0.0083582 0.655718 2
4595534.4864 5437450.1264  28.8090 0.0426074 0.786124 2
4595534.4058 5437449.2916  27.4854 0.0481072 1.043643 2
4595534.8144 5437448.9948  31.4819 0.1781439 1.386561 0
4595534.9470 5437448.3302  32.4109 0.1184896 1.068183 1
4595535.0843 5437447.6861  33.3895 0.0417003 0.959556 1
4595533.8380 5437448.5188  31.3163 0.1174344 1.516769 1
4595533.4120 5437447.0766  25.9937 0.0782286 1.432570 3
4595533.8709 5437447.5083  30.9479 0.1336576 1.263976 1
4595533.9972 5437447.3796  32.1412 0.0496453 1.133568 1
4595533.4084 5437446.9526  33.6710 0.0277850 0.947407 1
4595533.3915 5437446.6357   0.2087 0.1602007 1.172045 0
4595533.5983 5437446.7318   0.4476 0.0518336 1.492718 3
4595533.7648 5437446.6260   0.3345 0.1663701 1.253213 3
4595533.6926 5437447.0618   0.5214 0.0468139 1.293090 3
4595533.6263 5437447.4884   0.4717 0.0650282 1.478766 3
4595533.8392 5437447.0079   0.4192 0.0682367 1.280768 3
4595533.4679 5437446.9807  33.7206 0.0315322 1.118517 1
4595533.5270 5437446.8873  31.2510 0.0606573 1.059847 2
4595533.4621 5437447.2880  31.3428 0.0563666 1.097463 2
4595533.5575 5437447.1404  27.3306 0.0302770 1.302124 2
4595534.0689 5437446.9971   0.1298 0.2574754 1.070550 3
4595534.0019 5437447.4259   0.0901 0.1062958 1.068733 3
4595533.8659 5437448.2854   0.1012 0.1575426 1.055799 3
4595533.7971 5437448.7162   0.1245 0.0675936 1.084356 3
4595533.8769 5437446.5808  25.1319 0.0480678 1.034375 1
4595533.6701 5437447.2083  31.1758 0.0948882 1.105805 1
4595533.5592 5437447.6793  33.2180 0.0256660 0.913317 1
4595533.5809 5437447.6461  32.2964 0.0350886 1.352396 2
4595533.6100 5437447.6014  31.0563 0.0415435 1.095217 2
4595533.7017 5437447.4605  27.1479 0.0529149 1.205796 2
4595534.3384 5437446.4831   0.0155 0.1680051 1.059982 3
4595534.2694 5437446.9139   0.0624 0.1767547 1.033937 3
4595534.2011 5437447.3431   0.0852 0.2946040 1.038724 3
4595534.1327 5437447.7736   0.0961 0.0758986 1.105607 3
4595534.0641 5437448.2038   0.1177 0.0346903 0.965677 3
4595533.9966 5437448.6324   0.0818 0.1955641 1.088385 3
4595533.9255 5437449.0655   0.1980 0.1364188 1.659454 0
4595533.9889 5437446.4134  25.1591 0.0347577 0.947997 1
4595533.7842 5437447.0436  31.2158 0.0932716 1.123667 1
4595533.6729 5437447.5173  33.3048 0.0354370 1.275660 1
4595533.6960 5437447.4808  32.3049 0.0818030 1.130113 2
4595533.8146 5437447.2932  27.1699 0.0390273 1.271429 2
4595534.4419 5437446.3009  -0.0066 0.0787723 1.067477 3
4595533.6235 5437447.8920  32.7241 0.0560720 1.067517 1
4595533.7510 5437447.6946  27.1633 0.0338644 1.109587 2
4595534.3720 5437446.7330   0.0681 0.0968118 1.027103 3
4595533.7854 5437447.9475  22.8497 0.0319266 0.987553 2
4595534.3042 5437447.1619   0.0583 0.3169361 1.050350 3
4595533.7299 5437448.3409  22.4481 0.0936700 1.098300 3
4595534.1677 5437448.0217   0.0638 0.0455056 0.997009 3
4595534.0995 5437448.4514   0.0621 0.2003913 1.040014 3
4595533.9615 5437449.3122   0.0917 0.0370376 1.072257 3
4595534.5565 5437446.3667   0.0048 0.5014867 1.065674 0
4595533.7618 5437447.9361  32.1982 0.0404169 0.818701 1
4595534.4868 5437446.7993   0.0705 0.1306045 1.001922 3
4595533.7078 5437448.3187  31.8079 0.1207194 1.055071 1
4595533.7246 5437448.2929  31.0583 0.0971563 0.991664 2
4595534.4199 5437447.2264   0.0260 0.0475308 1.010365 3
4595534.3502 5437447.6585   0.1017 0.1459945 1.110337 3
4595534.2828 5437448.0877   0.0641 0.1294319 1.028323 3
4595534.2154 5437448.5156   0.0328 0.0803874 1.118223 3
4595534.1462 5437448.9468   0.0574 0.0294447 0.969069 3
4595534.0760 5437449.3795   0.1253 0.1546357 1.107193 0
4595534.2883 5437446.6045  25.9476 0.0473282 1.072863 1
4595534.1975 5437447.0512  27.1356 0.0461179 1.073939 1
4595534.2430 5437446.9766  25.1324 0.0679838 1.247587 2
4595534.7448 5437446.4713   0.0484 0.5200093 1.073513 0
4595534.6764 5437446.9009   0.0545 0.3446095 1.049079 3
4595533.9335 5437448.3675  30.4040 0.1244977 1.388928 1
4595534.6082 5437447.3303   0.0563 0.0794645 1.124102 3
4595533.8645 5437448.7744  30.6486 0.0560533 1.100643 1
4595533.9563 5437448.6365  26.4952 0.0429572 1.178105 2
4595534.5394 5437447.7606   0.0818 0.0766136 0.992533 3
4595533.9947 5437448.8882  21.8133 0.0847011 1.096761 3
4595534.2841 5437446.9919  27.2673 0.0386514 1.005582 1
4595534.3337 5437446.9084  25.0396 0.0343516 1.199531 2
4595534.8221 5437446.4017   0.0538 0.5636812 1.048934 0
4595534.0901 5437447.9019  30.2822 0.1328015 1.135020 1
4595534.7542 5437446.8303   0.0279 0.1174928 0.987991 3
4595534.0203 5437448.3100  30.5827 0.0970059 1.835206 1
4595534.1519 5437448.1022  24.5403 0.0806228 1.369866 2
4595534.6855 5437447.2597   0.0478 0.0571352 1.023026 3
4595533.9565 5437448.7093  30.5851 0.0751258 1.100031 1
4595534.0447 5437448.5731  26.5118 0.0404109 1.253766 2
4595534.6176 5437447.6891   0.0225 0.0945903 1.056622 3
4595533.9180 5437449.0699  29.4037 0.0390703 1.339899 2
4595534.5482 5437448.1200   0.0654 0.0437485 1.074018 3
4595534.3413 5437449.4111   0.1050 0.0478419 1.017340 3
4595534.2659 5437449.8496   0.3984 0.0348240 1.125787 0
4595534.4269 5437446.4941  25.8832 0.0272025 1.012565 1
4595534.3344 5437446.9468  27.1952 0.0705920 1.157771 1
4595534.3792 5437446.8691  25.1310 0.0386361 1.503183 2
4595534.8566 5437446.3533   0.0322 0.6878908 1.043921 0
4595534.1415 5437447.8585  30.2507 0.0764703 1.117326 1
4595534.7887 5437446.7823   0.0098 0.2531251 1.035182 3
4595534.0726 5437448.2662  30.5151 0.0771163 1.689683 1
4595534.7199 5437447.2128   0.0331 0.1418304 1.056136 3
4595534.0096 5437448.6640  30.4898 0.0681050 1.094315 1
4595534.0230 5437448.6427  29.8564 0.0512266 2.233198 2
4595534.6515 5437447.6427   0.0422 0.0720311 1.100983 3
4595533.9693 5437449.0266  29.3694 0.0581525 1.428416 2
4595534.1270 5437448.7814  21.8417 0.0842309 1.121916 3
4595534.3037 5437449.7995   0.2681 0.0421127 1.206252 3
4595534.5489 5437446.5188  32.0609 0.0499143 1.029590 1
4595534.4924 5437446.9037  31.7631 0.1217013 1.095401 1
4595534.4388 5437447.2836  31.3323 0.1038941 1.111026 1
4595534.3916 5437447.6540  30.5792 0.0497023 1.277560 1
4595535.0450 5437446.5479   0.0385 0.3128115 1.046696 3
4595534.3356 5437448.0399  30.2325 0.1097921 1.139683 1
4595534.9764 5437446.9777   0.0416 0.1663822 1.118227 3
4595534.2904 5437448.4090  29.3674 0.0678379 1.447012 1
4595534.9077 5437447.4079   0.0541 0.3859188 1.028627 3
4595534.2207 5437448.8180  29.6432 0.0186050 0.834839 1
4595534.2387 5437448.7895  28.7817 0.1292621 1.145583 2
4595534.8382 5437447.8392   0.1009 0.0512419 1.156973 3
4595534.1548 5437449.2203  29.7427 0.0970929 1.223499 1
4595534.2846 5437449.0192  23.4902 0.0671243 1.052577 3
4595534.0698 5437449.6523  30.7471 0.0603708 1.221693 1
4595534.1128 5437449.5874  28.6670 0.0474065 2.013234 3
4595534.5623 5437449.5603   0.1699 0.0609018 1.065370 3
4595534.4935 5437449.9903   0.1317 0.0358654 0.990409 3
4595534.6252 5437446.9745  31.6849 0.0581558 1.348199 1
4595534.7500 5437446.7519  25.8469 0.0529645 1.485065 2
4595534.5706 5437447.3562  31.2809 0.1137284 1.290867 1
4595534.6907 5437447.1460  25.6134 0.0599745 1.397183 2
4595534.5231 5437447.7262  30.5261 0.0503351 1.059752 1
4595534.5559 5437447.6700  28.9682 0.0371285 1.082911 2
4595535.1655 5437446.6251   0.0149 0.2628466 1.061413 3
4595534.4732 5437448.1011  29.8852 0.0456054 1.166907 1
4595535.0962 5437447.0554   0.0541 0.2734323 1.062112 3
4595534.4891 5437448.3693  26.0461 0.0488050 1.256999 1
4595534.5137 5437448.3289  24.8589 0.0363657 1.061675 2
4595535.0272 5437447.4856   0.0740 0.4081973 1.073843 3
4595534.2736 5437449.0153  33.3770 0.0368731 1.060219 1
4595534.3801 5437448.8443  28.2025 0.1195116 1.156752 3
4595534.4149 5437449.0902  23.3547 0.0286074 1.037110 1
4595534.8863 5437448.3511   0.2402 0.0573008 1.351313 3
4595534.1908 5437449.7397  31.1892 0.0624355 2.289548 1
4595534.3179 5437449.5452  24.9260 0.1709462 1.246297 3
4595534.1674 5437450.0775  29.1560 0.0369151 1.110096 2
4595534.1977 5437450.0324  27.6520 0.0451686 2.144310 3
4595534.2024 5437450.3333  24.1708 0.2135783 1.291982 0
4595534.6123 5437450.0687   0.1309 0.0860647 1.108384 3
4595534.4750 5437450.9280   0.0475 0.0299287 0.994521 3
4595534.7479 5437446.5493  32.0519 0.0430061 0.986903 1
4595534.6914 5437446.9339  31.7296 0.0575063 1.097320 1
4595534.8133 5437446.7103  25.8919 0.0405848 1.001179 2
4595534.6341 5437447.3202  31.4494 0.1225498 1.359668 1
4595534.5883 5437447.6865  30.6022 0.0438647 0.953634 1
4595534.7038 5437447.4827  24.9780 0.0372660 1.316393 2
4595535.2167 5437446.5776   0.0204 0.2655431 1.052606 3
4595534.6437 5437447.8791  24.7684 0.0410157 1.086899 1
4595535.1483 5437447.0070   0.0092 0.3774535 1.060683 3
4595534.5581 5437448.3192  25.8233 0.0477985 1.630518 1
4595535.0794 5437447.4373   0.0306 0.4643375 1.034768 3
4595534.3417 5437448.9740  33.3994 0.0334377 1.076496 1
4595534.4449 5437448.8032  28.2574 0.0949474 1.275278 3
4595534.2864 5437449.3563  33.0021 0.0280804 0.934182 1
4595534.9392 5437448.3012   0.1855 0.0887863 1.403370 3
4595534.2595 5437449.6954  31.1344 0.0524757 1.975169 1
4595534.3834 5437449.4999  24.8749 0.1870150 1.154426 3
4595534.2010 5437450.0856  30.8442 0.0254149 0.980987 1
4595534.2732 5437449.9745  27.1614 0.0373452 1.671839 2
4595534.3428 5437449.8674  23.6120 0.0406343 1.585274 3
4595534.2655 5437450.2913  24.2291 0.1675991 1.338678 0
4595534.6645 5437450.0209   0.1227 0.0912459 1.109699 3
4595535.0655 5437446.3544  29.6086 0.0320535 1.015343 1
4595535.0078 5437446.7426  29.3070 0.0648414 1.060946 1
4595535.0760 5437446.6164  26.0432 0.0183242 0.781678 2
4595534.9459 5437447.1384  29.2141 0.1236538 1.171702 1
4595534.8852 5437447.5323  29.0635 0.0301073 1.084589 1
4595535.4814 5437446.4714   0.0695 0.3721158 1.084278 3
4595534.7470 5437448.0615  32.7087 0.0333205 1.033165 1
4595534.8822 5437447.8258  26.0741 0.0266522 1.265187 2
4595535.4122 5437446.9019   0.0860 0.0989765 1.054354 3
4595534.8208 5437448.2229  25.9300 0.0805096 1.271326 1
4595534.8499 5437448.1733  24.4910 0.0905250 1.192353 2
4595535.3443 5437447.3294   0.0452 0.0883818 1.038029 3
4595534.6442 5437448.8131  31.5177 0.0902573 1.599756 1
4595534.7023 5437448.7161  28.6201 0.0558476 1.557185 3
4595534.6120 5437449.1592  29.9332 0.0458935 1.474786 1
4595534.6355 5437449.1210  28.7550 0.0586264 1.147287 2
4595534.6560 5437449.0875  27.7235 0.0819221 1.270544 2
4595534.6740 5437449.0581  26.8167 0.0247346 1.098341 3
4595534.5311 5437449.5859  30.7814 0.0689291 1.183921 1
4595535.1330 5437448.6270   0.2695 0.0397046 1.138460 3
4595534.4395 5437450.0268  32.1646 0.0653512 0.963701 1
4595534.4597 5437449.9954  31.1358 0.0334619 0.984677 2
4595534.5467 5437449.8603  26.7017 0.0261106 1.266170 3
4595534.5651 5437450.1377  22.3974 0.0410536 1.519406 1
4595534.6323 5437450.0359  18.9365 0.0566860 1.062758 2
4595534.9972 5437449.4835   0.1522 0.0589618 1.108992 3
4595534.4819 5437450.5711  23.2942 0.1146411 1.128309 2
4595534.5196 5437450.5155  21.3359 0.0462501 2.239536 3
4595534.8596 5437450.3422   0.0862 0.1508996 1.119710 0
4595534.7912 5437450.7719   0.0244 0.1228839 1.053877 3
4595534.7213 5437451.2031   0.0558 0.1748815 1.081654 3
4595535.2337 5437446.3091  29.5236 0.0586490 1.057562 1
4595534.9630 5437447.6490  33.3851 0.0794119 1.093291 1
4595535.6387 5437446.4264   0.1122 0.0856831 1.052063 3
4595534.9110 5437448.0236  32.8213 0.0501707 1.130346 1
4595535.5704 5437446.8541   0.0800 0.2281093 1.039560 3
4595534.8630 5437448.3924  32.0449 0.1184153 1.387762 1
4595535.5017 5437447.2832   0.0652 0.1971361 1.067674 3
4595534.7982 5437448.7915  32.0889 0.0624932 0.982611 1
4595534.8236 5437448.7485  30.8090 0.0806892 1.887258 3
4595534.7388 5437449.1811  31.8643 0.0270292 0.892531 1
4595534.7767 5437449.1181  29.9301 0.0553938 1.631524 3
4595535.2937 5437448.5742   0.0881 0.0718251 1.097428 0
4595534.5994 5437449.9932  32.4355 0.0370402 1.250513 1
4595534.6262 5437449.9508  31.0521 0.0307059 1.298297 2
4595534.6849 5437449.8579  28.0174 0.0434097 2.210378 2
4595534.8179 5437449.6472  21.1370 0.0642518 1.233889 3
4595534.5348 5437450.3916  32.4439 0.0392059 1.139541 1
4595534.5945 5437450.2994  29.3287 0.1414272 1.294878 3
4595534.4665 5437450.7948  32.6527 0.0279755 0.998797 1
4595534.5337 5437450.6939  29.1179 0.0443715 1.142237 2
4595534.7119 5437450.4261  19.7404 0.1150191 1.256515 3
4595534.5612 5437450.9592  24.2288 0.0344224 1.288545 1
4595535.0160 5437450.2947   0.0790 0.2279554 1.038797 3
4595534.9478 5437450.7238   0.0013 0.3613477 1.062399 0
4595534.8777 5437451.1550   0.0349 0.2232654 1.047269 0
4595534.8070 5437451.5862   0.1115 0.0702436 1.089560 3
4595535.1706 5437446.8899  26.9160 0.0796435 1.046037 1
4595535.2422 5437446.7522  23.3060 0.0469843 1.453072 2
4595534.9801 5437447.5296  33.3233 0.0718298 0.964586 1
4595534.9277 5437447.9042  32.7634 0.0708127 1.036853 1
4595535.0489 5437447.6798  26.5425 0.0345047 1.152519 2
4595535.5655 5437446.7239   0.0519 0.2323610 1.056458 3
4595534.8814 5437448.2691  31.8733 0.0600286 1.442833 1
4595534.9922 5437448.0681  26.1364 0.0330954 1.334736 2
4595535.4967 5437447.1533   0.0406 0.1929772 1.084713 3
4595534.8152 5437448.6704  31.9973 0.0569893 1.101391 1
4595534.8317 5437448.6412  31.1393 0.0206324 1.193695 2
4595534.8486 5437448.6110  30.2527 0.0500365 1.691555 3
4595534.7541 5437449.0633  31.8475 0.0674530 1.002586 1
4595534.7939 5437448.9942  29.7510 0.0665162 1.835611 3
4595534.7534 5437449.3534  28.4891 0.0286014 1.057065 1
4595534.7695 5437449.3261  27.6343 0.0211736 1.050834 2
4595535.2878 5437448.4464   0.1142 0.0682508 1.023786 3
4595534.6152 5437449.8764  32.4166 0.0192142 0.819205 1
4595534.6391 5437449.8368  31.1384 0.0556190 1.092958 2
4595534.8252 5437449.5284  21.1822 0.0364646 1.423663 3
4595534.5543 5437450.2683  32.2263 0.0323955 1.172886 1
4595534.6006 5437450.1935  29.7286 0.0259509 1.356085 2
4595534.6114 5437450.1761  29.1482 0.0304258 1.485239 2
4595534.6578 5437450.1011  26.6423 0.0343775 1.373028 2
4595534.7363 5437449.9742  22.4065 0.0851339 1.341478 3
4595534.6938 5437450.3452  21.1296 0.0249949 0.961784 1
4595534.7066 5437450.3250  20.4316 0.0660073 1.612152 3
4595534.5704 5437450.8419  24.2783 0.0541308 1.653124 1
4595535.0106 5437450.1673   0.0783 0.2065530 1.061065 3
4595534.9417 5437450.5970   0.0409 0.5293744 1.049162 0
4595534.8718 5437451.0275   0.0705 0.1089370 1.076202 3
4595534.8027 5437451.4574   0.0489 0.0673594 1.097095 3
4595535.3201 5437446.3179  29.5086 0.0517523 1.017484 1
4595535.1131 5437447.2703  33.5841 0.0499156 1.060736 1
4595535.0568 5437447.6517  33.2104 0.0731041 1.109812 1
4595535.6920 5437446.4310   0.0721 0.1213192 1.052358 3
4595535.0032 5437448.0285  32.6835 0.0832354 1.137565 1
4595535.0233 5437447.9906  31.6258 0.0245793 0.973577 2
4595535.6235 5437446.8596   0.0432 0.1228339 1.064595 3
4595534.9561 5437448.3941  31.8084 0.0954162 1.513156 1
4595535.5549 5437447.2885   0.0167 0.0950595 1.035941 3
4595534.8876 5437448.8002  32.0450 0.0771247 1.028694 1
4595534.9046 5437448.7694  31.1339 0.1062801 2.056010 3
4595534.9689 5437448.9404  24.1904 0.0672179 1.256209 1
4595535.4160 5437448.1500   0.0377 0.0410627 1.029069 3
4595534.8645 5437449.4133  26.3242 0.1364254 1.644199 1
4595535.3451 5437448.5828   0.1232 0.0477924 1.139946 3
4595534.6901 5437450.0011  32.3193 0.0960148 1.072558 1
4595534.7134 5437449.9619  31.0434 0.0505562 1.522226 2
4595534.7652 5437449.8744  28.1933 0.0391913 1.800619 3
4595534.6266 5437450.3967  32.2755 0.0910577 1.030627 1
4595534.6789 5437450.3108  29.3812 0.0828053 1.891871 3
4595534.5567 5437450.8038  32.5853 0.0366255 1.019084 1
4595534.6191 5437450.7037  29.0917 0.0305687 1.158459 2
4595534.7123 5437450.5544  23.8762 0.0500618 1.939663 2
4595534.7854 5437450.4371  19.7811 0.1098798 1.286469 3
4595534.6400 5437450.9707  24.2494 0.0347775 1.088166 1
4595535.0678 5437450.3035   0.0760 0.0990788 1.140943 3
4595534.9996 5437450.7318  -0.0070 0.3663111 1.058739 0
4595534.9283 5437451.1643   0.0999 0.1909417 1.036308 3
4595534.8593 5437451.5945   0.0721 0.1870671 1.045812 0
4595535.5759 5437446.6118  23.3853 0.0281107 1.008150 1
4595535.3453 5437447.3414  32.0169 0.0883876 1.071451 1
4595535.2623 5437447.7758  33.0241 0.0371803 0.979777 1
4595535.2853 5437447.7316  31.8146 0.0469471 1.176187 2
4595535.8885 5437446.5715   0.0723 0.3245968 1.028616 3
4595535.2067 5437448.1568  32.5991 0.0404956 1.123366 1
4595535.2267 5437448.1191  31.5386 0.0332755 1.067151 2
4595535.3323 5437447.9199  25.9316 0.0264620 0.806140 2
4595535.8194 5437447.0014   0.0768 0.1787304 1.063530 3
4595535.2231 5437448.4047  28.3171 0.0599964 1.258251 1
4595535.2387 5437448.3760  27.4825 0.0249902 1.185913 2
4595535.2757 5437448.3076  25.5008 0.0408939 1.289264 2
4595535.7494 5437447.4326   0.1411 0.0467022 1.099583 3
4595535.1928 5437448.7444  26.4578 0.0832670 1.162977 1
4595535.6823 5437447.8594   0.0212 0.0423283 1.100311 3
4595535.1264 5437449.1500  26.5349 0.0688665 0.970527 1
4595535.1456 5437449.1161  25.4891 0.0975670 1.455213 3
4595535.0603 5437449.5552  26.6008 0.0338383 0.922655 1
4595535.1081 5437449.4727  23.9739 0.0289390 1.154033 2
4595535.5423 5437448.7224   0.0973 0.1254664 1.076692 3
4595534.8871 5437450.1407  32.5839 0.0642529 1.134965 1
4595535.4731 5437449.1525   0.0820 0.0473993 0.986049 3
4595534.8661 5437450.4670  30.1696 0.0744290 1.326636 1
4595534.8912 5437450.4257  28.7646 0.0320577 1.043500 3
4595534.7579 5437450.9364  32.6375 0.0412324 1.103097 1
4595534.8025 5437450.8650  30.1199 0.0445855 1.190255 3
4595535.1368 5437450.6432   7.3711 0.0877424 1.366179 1
4595535.2654 5437450.4428   0.0327 0.0874867 1.067936 3
4595535.1949 5437450.8749   0.0986 0.1810830 1.027234 0
4595535.1261 5437451.3037   0.0671 0.2179459 1.044044 3
4595535.0566 5437451.7341   0.0809 0.2869475 1.042873 3
4595535.6654 5437446.5419  23.6229 0.0388708 1.056969 1
4595535.5843 5437446.9789  24.4784 0.0472607 1.048852 1
4595535.6028 5437446.9415  23.4908 0.0261964 0.909695 2
4595535.3819 5437447.6558  31.8613 0.0569591 1.057364 1
4595535.3081 5437448.0720  32.3986 0.0295660 0.889644 1
4595535.9023 5437446.9169   0.1201 0.1004024 1.042674 3
4595535.3210 5437448.3219  28.1971 0.1075217 1.145861 1
4595535.3347 5437448.2958  27.4488 0.0308181 0.911951 2
4595535.1951 5437448.8376  31.5748 0.0264909 1.006845 1
4595535.2054 5437448.8184  31.0045 0.0129600 0.761567 2
4595535.7652 5437447.7741   0.0524 0.1607758 1.054888 3
4595535.2181 5437449.0757  26.7178 0.0713395 1.456359 1
4595535.6920 5437448.2105   0.2746 0.0363781 0.919740 3
4595535.6255 5437448.6352   0.1144 0.1091587 1.156803 0
4595534.9832 5437450.0638  32.6661 0.0285934 0.990976 1
4595535.0314 5437449.9797  29.9257 0.0561744 1.196517 2
4595535.5565 5437449.0645   0.0791 0.1122712 1.145423 3
4595534.9154 5437450.4668  32.8636 0.0477529 1.088966 1
4595534.9863 5437450.3463  28.8020 0.0384364 0.964650 3
4595534.8553 5437450.8571  32.6293 0.0593133 0.999469 1
4595534.8882 5437450.8026  30.7243 0.0471394 1.348914 3
4595534.8186 5437451.2095  31.0253 0.0090342 0.772625 1
4595534.8301 5437451.1910  30.3535 0.0618219 1.412806 2
4595535.3466 5437450.3578   0.1422 0.0909031 1.065478 3
4595535.2787 5437450.7855   0.0456 0.2394717 1.064079 0
4595535.1315 5437451.3339   4.6846 0.0318594 0.993722 1
4595535.2088 5437451.2163   0.0758 0.3654438 1.058014 3
4595535.1395 5437451.6460   0.0688 0.3624569 1.074059 3
4595535.5159 5437447.1491  27.4501 0.0273266 0.927415 1
4595535.3735 5437447.7105  31.7973 0.0537358 0.971103 1
4595535.9407 5437446.5445   0.0412 0.2787968 1.043956 3
4595535.3008 5437448.1246  32.2896 0.0402832 1.222274 1
4595535.3533 5437448.0187  29.3242 0.0688011 1.138934 2
4595535.8708 5437446.9750   0.0883 0.0752469 1.059778 3
4595535.2500 5437448.4957  31.5331 0.0278751 0.944734 1
4595535.3130 5437448.3711  27.9389 0.1142694 1.343608 2
4595535.8015 5437447.4051   0.0814 0.0285771 0.896261 3
4595535.2769 5437448.7168  26.2805 0.1000101 1.256475 1
4595535.7333 5437447.8328   0.0110 0.1245869 1.048407 3
4595535.2255 5437449.0935  25.4866 0.1174748 2.028855 1
4595535.6580 5437448.2735   0.3563 0.0524637 0.991760 3
4595535.1403 5437449.5344  26.6539 0.0388183 1.246027 1
4595535.1855 5437449.4505  23.9974 0.0371079 1.342716 2
4595535.2211 5437449.3846  21.9120 0.0284267 1.196261 3
4595535.0212 5437450.0355  29.8292 0.0348614 1.241800 1
4595535.0455 5437449.9914  28.3896 0.0326724 1.120926 2
4595535.1194 5437449.8575  24.0129 0.0260411 1.010391 2
4595535.5236 5437449.1256   0.0716 0.0566748 0.997856 3
4595534.9101 5437450.5166  32.5969 0.0245286 0.994689 1
4595534.9525 5437450.4417  30.0622 0.0695284 1.471262 3
4595534.8847 5437450.8466  30.2543 0.1267582 1.045982 1
4595534.8965 5437450.8263  29.5424 0.0249230 1.146375 3
4595534.8074 5437451.2676  31.0209 0.0277285 0.953301 1
4595534.8181 5437451.2497  30.3693 0.0479677 1.092584 2
4595535.3147 5437450.4165   0.0554 0.0582737 0.985506 3
4595534.8856 5437451.4332  22.2233 0.0371903 1.090030 1
4595535.1484 5437451.0045   6.0230 0.0649545 2.483831 2
4595535.2452 5437450.8466   0.0510 0.2046063 1.015535 3
4595535.1755 5437451.2764   0.0648 0.1485446 1.013189 3
4595535.1057 5437451.7069   0.0837 0.4288377 1.053143 0
4595535.7947 5437446.5598  23.5507 0.0329143 1.116444 1
4595535.6441 5437447.1484  28.3633 0.0291718 0.978511 1
4595535.4963 5437447.9887  29.4364 0.0471340 1.012228 1
4595535.5195 5437447.9410  28.1035 0.0489764 2.040170 2
4595536.0069 5437446.9366   0.0806 0.1787897 1.055646 3
4595535.4645 5437448.3223  27.5490 0.0474678 1.016708 1
4595535.9370 5437447.3674   0.1308 0.2033467 1.074771 3
4595535.3954 5437448.7328  27.7958 0.0871386 1.366142 1
4595535.4696 5437448.5858  23.4526 0.1275470 1.132797 2
4595535.8688 5437447.7953   0.0637 0.0568952 1.223749 3
4595535.2783 5437449.2365  30.8781 0.0648834 1.284838 1
4595535.3616 5437449.3553  22.0546 0.0407238 1.192581 1
4595535.7265 5437448.6633   0.2617 0.0474436 1.332490 3
4595535.6601 5437449.0878   0.0649 0.3063245 1.057860 0
4595535.0512 5437450.4942  32.9225 0.0264457 0.954449 1
4595535.5917 5437449.5165  -0.0057 0.2753485 1.026201 3
4595535.0220 5437450.8288  30.7823 0.0668717 1.139780 1
4595535.0356 5437450.8048  29.9466 0.0480075 1.027525 2
4595535.0480 5437450.7830  29.1866 0.0361042 1.075215 2
4595535.3769 5437450.2026   8.9385 0.0521474 1.142081 3
4595534.9604 5437451.2228  30.6060 0.1392104 1.454235 0
4595534.8939 5437451.6253  30.7424 0.0711713 1.008116 1
4595535.3821 5437450.8091   0.0539 0.2414335 1.047182 3
4595535.2175 5437451.3945   6.0884 0.0330757 1.193862 1
4595535.2365 5437451.3637   4.8823 0.0569494 1.277886 2
4595535.3124 5437451.2404   0.0615 0.1114115 1.138269 3
4595535.1485 5437451.8196   6.1332 0.0501185 1.110636 1
4595535.2427 5437451.6712   0.0834 0.3045532 1.042574 3
4595535.9101 5437446.7119  24.8054 0.0390582 1.121245 1
4595535.7855 5437447.2453  28.2353 0.0498512 0.997011 1
4595535.8462 5437447.1137  24.7432 0.0796954 1.098455 2
4595535.7261 5437447.6347  27.9420 0.0585882 1.065194 1
4595535.6614 5437448.0365  27.9388 0.0373405 1.380389 1
4595536.1373 5437447.0430   0.0703 0.3038947 1.039843 3
4595535.5896 5437448.4525  28.3619 0.0506225 1.519756 1
4595535.6206 5437448.3891  26.5314 0.0286487 1.082920 2
4595536.0662 5437447.4769   0.1917 0.2021526 1.372892 3
4595535.4806 5437448.9421  31.0091 0.0254233 0.870830 1
4595535.5320 5437448.8388  27.9390 0.0700046 1.945807 2
4595535.9997 5437447.9006   0.0253 0.0939783 1.161029 3
4595535.4121 5437449.3492  31.2511 0.0493719 1.028165 1
4595535.9299 5437448.3322   0.0417 0.1256503 1.101823 3
4595535.4356 5437449.5788  25.9072 0.0458398 1.221503 1
4595535.4684 5437449.5157  23.9073 0.0580248 2.367433 2
4595535.4927 5437449.4690  22.4250 0.1006590 1.207389 2
4595535.8605 5437448.7624   0.0353 0.0538426 1.122566 3
4595535.2578 5437450.1939  32.8251 0.0582509 1.140152 1
4595535.3200 5437450.0772  29.0016 0.0276301 1.150246 2
4595535.7912 5437449.1925   0.0135 0.1269248 1.154983 3
4595535.2413 5437450.5034  29.8686 0.0643267 1.051075 1
4595535.2538 5437450.4804  29.0901 0.0486331 1.649644 2
4595535.7215 5437449.6233   0.0266 0.1149656 1.112965 3
4595535.1695 5437450.9160  30.3297 0.0246627 1.085983 1
4595535.1863 5437450.8859  29.2739 0.0390501 1.085830 2
4595535.5213 5437450.2871   8.2333 0.0471219 1.230335 2
4595535.5437 5437450.2471   6.8254 0.0635016 1.148490 3
4595535.0939 5437451.3344  31.0397 0.1632804 1.447196 0
4595535.1443 5437451.5381  23.6945 0.0351566 1.308928 1
4595535.1754 5437451.4853  21.6948 0.0237711 0.971035 2
4595535.5127 5437450.9143   0.0643 0.2102657 1.064408 3
4595535.3482 5437451.5013   6.2216 0.0615604 1.808537 1
4595535.4431 5437451.3452   0.0681 0.2681918 1.194481 3
4595535.3733 5437451.7760   0.1022 0.2335945 1.066329 0
4595535.9599 5437446.6508  24.8504 0.0656485 1.095446 1
4595535.9795 5437446.6058  23.6965 0.0267591 1.122415 2
4595535.8383 5437447.1817  28.2023 0.0598249 1.094580 1
4595535.7780 5437447.5734  27.9425 0.0775828 1.017510 1
4595535.8498 5437447.4147  23.6416 0.0867453 1.049015 2
4595535.7807 5437447.8281  23.8613 0.1436823 1.814955 1
4595536.1740 5437446.9749   0.0696 0.1546990 1.010553 3
4595535.6403 5437448.3927  28.4458 0.0477204 1.284313 1
4595535.6717 5437448.3258  26.5273 0.0437012 1.062318 2
4595536.1024 5437447.4090   0.2233 0.1546846 1.466607 3
4595535.5347 5437448.8787  30.9600 0.0377629 1.103076 1
4595535.5780 5437448.7884  28.2906 0.0242874 0.862565 2
4595535.5870 5437448.7695  27.7337 0.0355359 0.953090 2
4595535.6050 5437448.7320  26.6260 0.0370009 1.119532 2
4595535.6533 5437448.6313  23.6497 0.0336249 1.279968 2
4595535.6633 5437448.6104  23.0331 0.0331629 1.078248 3
4595535.4660 5437449.2864  31.2196 0.0606310 1.097603 1
4595535.4869 5437449.5139  25.8478 0.1081512 1.091018 1
4595535.5397 5437449.4080  22.5172 0.0676316 1.451482 2
4595535.8966 5437448.6939   0.0467 0.1118794 1.036984 3
4595535.3111 5437450.1336  32.8747 0.0549197 1.029118 1
4595535.3719 5437450.0146  29.0063 0.0294638 1.098429 2
4595535.8245 5437449.1291   0.2010 0.0644438 1.427047 3
4595535.2944 5437450.4389  29.8323 0.0567856 1.204363 1
4595535.3081 5437450.4126  28.9475 0.0224814 0.872238 2
4595535.7569 5437449.5547   0.0763 0.2042951 1.044926 3
4595535.2383 5437450.8230  29.2743 0.0291235 0.945647 1
4595535.5847 5437450.1769   6.7474 0.0547466 1.251150 3
4595535.1468 5437451.2716  31.0389 0.0821831 1.577466 1
4595535.6120 5437450.4260   0.4515 0.0945927 1.338507 3
4595535.1925 5437451.4745  23.7292 0.0340416 1.273413 1
4595535.5484 5437450.8447   0.0693 0.1779641 1.033096 3
4595535.3898 5437451.4285   6.0573 0.0630438 1.203801 1
4595535.4787 5437451.2756   0.0805 0.2694858 1.131327 3
4595535.3218 5437451.8509   6.0389 0.0489268 1.614409 1
4595535.4095 5437451.7045   0.0756 0.2648104 1.061296 3
4595536.0502 5437446.7522  24.8380 0.0307724 0.949330 1
4595535.9861 5437447.1535  24.7832 0.0673292 1.099366 1
4595536.0022 5437447.1166  23.8023 0.0504683 1.221727 2
4595535.8680 5437447.6775  28.0413 0.0278536 0.964119 1
4595535.9004 5437447.6044  26.0519 0.0302675 1.170401 2
4595536.2537 5437447.0805   0.0375 0.2094097 1.005322 0
4595535.7305 5437448.4978  28.5323 0.0475087 1.053654 1
4595535.7647 5437448.4235  26.3876 0.0586856 1.128147 2
4595535.8099 5437448.3251  23.5485 0.0461244 1.243187 2
4595536.1839 5437447.5114   0.0751 0.1535488 1.102643 3
4595535.6746 5437448.8794  27.9693 0.1094224 1.474159 1
4595535.6980 5437448.8295  26.4857 0.0577406 1.438305 2
4595536.1138 5437447.9425   0.1163 0.0593515 1.410657 3
4595535.5578 5437449.3894  31.2881 0.0527085 1.117334 1
4595535.6359 5437449.2261  26.2819 0.0300691 1.179264 2
4595536.0314 5437448.3996   0.9390 0.1281659 1.034895 2
4595536.0450 5437448.3712   0.0670 0.0876396 1.075252 3
4595535.6121 5437449.5453  23.5907 0.0242492 0.959305 1
4595535.6253 5437449.5183  22.7346 0.0452693 1.270125 2
4595535.9756 5437448.8016   0.0414 0.2626635 1.072088 3
4595535.4629 5437450.1184  29.0582 0.0320791 1.104112 1
4595535.5545 5437449.9353  23.0630 0.0241818 0.875941 2
4595535.9045 5437449.2351   0.1345 0.1413518 1.168773 3
4595535.4388 5437450.4395  26.3675 0.0268727 0.828404 1
4595535.8362 5437449.6629   0.0464 0.1852954 1.098852 3
4595535.3054 5437450.9727  30.9386 0.0327192 0.986680 1
4595535.3328 5437450.9205  29.1054 0.0340113 1.065863 2
4595535.7620 5437450.1020   0.3578 0.0628307 1.120260 3
4595535.6824 5437450.5508   1.0457 0.0962268 1.674927 0
4595535.6273 5437450.9541   0.0740 0.3214318 1.059522 0
4595535.4693 5437451.5399   6.2123 0.0310429 1.038670 1
4595535.4961 5437451.4927   4.3522 0.0569948 1.071731 2
4595535.5575 5437451.3848   0.0989 0.1288075 1.033248 3
4595535.4047 5437451.9570   5.9423 0.0812486 1.208797 1
4595535.4880 5437451.8148   0.1002 0.2650136 1.081667 3
4595536.2728 5437446.7875  23.8955 0.0398476 1.059449 1
4595536.1979 5437447.2154  24.4919 0.0383007 1.431189 1
4595536.0005 5437448.1736  28.6702 0.0381240 1.063319 1
4595536.0366 5437448.0931  26.4075 0.0493940 1.069670 2
4595536.4572 5437447.1555   0.0419 0.3867891 1.035056 3
4595536.3883 5437447.5844   0.0216 0.5153399 1.059143 0
4595535.8780 5437448.9602  28.2209 0.0391780 1.290143 1
4595535.9067 5437448.8985  26.3791 0.0293715 1.140235 2
4595536.3187 5437448.0149   0.0230 0.0717292 1.115344 3
4595535.7629 5437449.4671  31.4642 0.0920081 1.007141 1
4595536.2477 5437448.4483   0.1144 0.1274256 1.746651 3
4595536.1796 5437448.8748   0.0114 0.3050856 1.055386 0
4595535.6704 5437450.1900  29.0787 0.0370000 0.997705 1
4595535.7164 5437450.0975  26.0391 0.0464162 1.287025 2
4595536.1092 5437449.3074   0.0533 0.3246323 1.029682 3
4595535.6468 5437450.5096  26.3334 0.0250447 0.915808 1
4595536.0400 5437449.7370   0.0335 0.3879102 1.054731 3
4595535.5386 5437450.9946  29.2591 0.0824669 1.023873 1
4595535.9691 5437450.1691   0.1400 0.3276368 1.062090 3
4595535.4684 5437451.4054  29.6351 0.0494303 1.082785 1
4595535.8973 5437450.6039   0.2936 0.1750160 1.087295 3
4595535.8304 5437451.0290   0.1231 0.2917446 1.048926 0
4595535.6234 5437451.7023   9.7615 0.0812915 1.261278 1
4595535.7617 5437451.4577   0.0768 0.0694758 1.053688 3
4595535.6074 5437452.0326   6.0947 0.0152849 0.750710 1
4595535.6189 5437452.0129   5.2810 0.0362705 1.291984 2
4595535.6922 5437451.8871   0.0905 0.4047703 1.062158 3
4595536.1390 5437448.0063  26.3649 0.0477224 1.008902 1
4595536.5480 5437447.0629   0.0396 0.5343364 1.051276 3
4595536.4784 5437447.4926   0.0499 0.4733369 1.090419 0
4595535.9794 5437448.8764  28.2715 0.0872590 1.335494 1
4595536.3962 5437447.9502   0.8745 0.0752360 0.953669 2
4595536.4082 5437447.9235   0.0854 0.1191693 1.337810 3
4595535.8658 5437449.3832  31.4864 0.1029966 1.025974 0
4595535.9070 5437449.5558  24.3707 0.0460361 1.420988 1
4595536.2695 5437448.7826   0.0129 0.2990338 1.056202 3
4595535.8177 5437450.0104  25.9870 0.0649936 1.119234 1
4595536.1996 5437449.2131   0.0059 0.3854058 1.064513 3
4595535.7474 5437450.4237  26.3239 0.0287476 0.883115 1
4595536.1294 5437449.6441   0.0328 0.3889066 1.043101 3
4595535.6393 5437450.9115  29.3179 0.0354096 1.112187 1
4595536.0586 5437450.0758   0.1237 0.3463933 1.064145 3
4595535.5715 5437451.3171  29.5325 0.0940518 1.029912 1
4595535.9876 5437450.5083   0.2209 0.1656046 1.085290 3
4595535.9198 5437450.9350   0.0869 0.4196797 1.041640 0
4595535.7178 5437451.6086   9.6370 0.1270065 1.590545 1
4595535.7300 5437451.5862   8.7615 0.0311690 1.112866 2
4595535.8498 5437451.3656   0.1187 0.0300072 1.008000 3
4595535.6982 5437451.9419   6.1035 0.0295334 1.033157 1
4595535.7808 5437451.7942   0.0743 0.4939178 1.140044 3
4595536.2905 5437447.3481  26.3942 0.0471298 1.110312 1
4595536.1887 5437447.8397  28.8160 0.0447071 1.326072 1
4595536.5531 5437447.2177   0.0354 0.4679738 1.036511 0
4595536.0755 5437448.6016  27.6867 0.0298459 1.009513 1
4595536.4785 5437447.6591   0.3853 0.4074282 1.556667 3
4595536.0055 5437449.0148  28.0133 0.0667039 2.155690 1
4595536.0273 5437448.9646  26.5175 0.0254128 0.935094 2
4595536.4100 5437448.0864   0.2988 0.1124429 1.459810 3
4595535.8866 5437449.5377  31.7272 0.0359712 1.119112 1
4595536.3426 5437448.5117   0.1208 0.2302495 1.542187 3
4595535.9035 5437449.7561  26.0234 0.0405683 1.005940 1
4595536.2739 5437448.9396   0.0332 0.1851491 1.023130 3
4595535.8362 5437450.1637  26.1609 0.0260780 0.804955 1
4595536.2049 5437449.3684  -0.0296 0.3507127 1.065966 3
4595535.7267 5437450.6596  29.3477 0.0612877 1.027468 1
4595536.1347 5437449.7991   0.0138 0.3398344 1.040056 3
4595535.6630 5437451.0577  29.2606 0.0893095 1.140602 1
4595536.0610 5437450.2381   0.3033 0.2136138 1.188830 3
4595535.5929 5437451.4684  29.6582 0.1003638 1.054654 1
4595535.9930 5437450.6646   0.1857 0.1445193 1.035796 3
4595535.8663 5437451.2061   4.4444 0.0665962 1.660699 1
4595535.9244 5437451.0924   0.1092 0.3145766 1.069254 3
4595535.7641 5437451.6951   6.9581 0.1751566 1.118090 1
4595535.7886 5437451.6485   5.1089 0.0283318 1.275253 2
4595535.8549 5437451.5223   0.1016 0.1374120 1.065852 3
4595535.7156 5437452.0811   5.4307 0.0338210 1.179972 1
4595535.7855 5437451.9518   0.0869 0.5312951 1.064314 3
4595536.4963 5437447.1602  27.0321 0.0820227 1.047141 1
4595536.6959 5437447.4192   0.0495 0.8018349 1.054742 0
4595536.6257 5437447.8509   0.0892 0.4138736 1.053823 0
4595536.5554 5437448.2826   0.1241 0.4517400 1.136346 0
4595536.0364 5437449.7311  31.9030 0.0406390 0.976866 1
4595536.4870 5437448.7098   0.0176 0.4983838 1.045725 3
4595536.0528 5437449.9486  26.1254 0.0305003 1.001226 1
4595536.4178 5437449.1386  -0.0193 0.3270357 1.034180 3
4595536.3479 5437449.5692  -0.0167 0.5300600 1.033417 0
4595536.2783 5437449.9997  -0.0168 0.7150950 1.052042 0
4595535.8116 5437451.2523  29.5225 0.0476317 0.999458 1
4595536.2079 5437450.4311   0.0645 0.3159157 1.078127 3
4595536.1378 5437450.8625   0.0997 0.4463311 1.045867 0
4595536.0683 5437451.2922   0.1016 0.3631816 1.056997 0
4595535.9251 5437451.8630   5.7900 0.0214986 1.138534 1
4595535.9355 5437451.8431   4.9874 0.0658127 2.030603 2
4595535.9577 5437451.8006   3.2755 0.0223620 0.951274 2
4595535.9725 5437451.7722   2.1278 0.0392087 1.108146 2
4595535.9976 5437451.7241   0.1884 0.0914244 1.104940 3
4595535.9291 5437452.1516   0.1262 0.4258309 1.082922 0
4595536.6322 5437447.1678  27.0132 0.0485217 1.065760 1
4595536.5667 5437447.5709  27.0345 0.0820558 1.047514 1
4595536.7513 5437447.8585   0.1168 0.4282156 1.055188 0
4595536.6825 5437448.2862   0.0408 0.4113395 1.055759 0
4595536.6132 5437448.7153  -0.0263 0.5328722 1.033275 0
4595536.1871 5437449.9566  26.1016 0.0393533 1.036597 1
4595536.5426 5437449.1473   0.0142 0.2698364 1.062529 3
4595536.4726 5437449.5776   0.0098 0.5787565 1.040153 0
4595536.4037 5437450.0052  -0.0316 0.5708702 1.085663 0
4595536.3326 5437450.4378   0.0790 0.5872770 1.068077 0
4595536.2627 5437450.8683   0.0869 0.5631035 1.066203 0
4595536.1929 5437451.2979   0.1153 0.3885557 1.078807 0
4595536.0959 5437451.7816   2.2664 0.0252961 1.159639 1
4595536.1227 5437451.7290   0.1487 0.1599068 1.086588 3
4595536.0537 5437452.1572   0.0936 0.3794837 1.065374 3
4595536.6380 5437447.1286  26.9271 0.0568265 1.220916 1
4595536.8091 5437447.3858   0.0095 0.5723972 1.054979 0
4595536.3545 5437448.7956  28.5540 0.0437308 1.157085 1
4595536.7385 5437447.8182   0.0686 0.2564675 1.035982 3
4595536.2457 5437449.3058  31.8285 0.0340601 1.003325 1
4595536.6688 5437448.2480   0.0457 0.4075776 1.155413 3
4595536.5994 5437448.6772  -0.0002 0.3866415 1.150281 0
4595536.1917 5437449.9197  26.0531 0.0389010 1.017072 1
4595536.5299 5437449.1062  -0.0395 0.3571855 1.070461 3
4595536.4596 5437449.5380  -0.0290 0.4119171 1.063506 0
4595536.3899 5437449.9678  -0.0253 0.7925461 1.025926 0
4595535.9525 5437451.2261  29.5170 0.0552505 0.980569 1
4595536.3191 5437450.3997   0.0726 0.2634733 1.053362 3
4595536.2491 5437450.8301   0.0974 0.4062658 1.061246 0
4595536.1132 5437451.4024   5.5522 0.0587070 1.357083 1
4595536.1799 5437451.2592   0.0471 0.2703783 1.087211 3
4595536.0481 5437451.8189   5.2486 0.0587140 1.677850 1
4595536.0693 5437451.7746   3.4728 0.0422189 1.442042 2
4595536.0826 5437451.7469   2.3627 0.0856157 1.492187 3
4595536.0406 5437452.1183   0.0533 0.5969015 1.063177 0
4595536.6820 5437447.4320  27.1096 0.0890176 1.423139 1
4595536.4709 5437448.9136  23.2263 0.0319128 1.135419 1
4595536.7696 5437448.1368   0.1249 0.2380252 1.197528 3
4595536.7016 5437448.5624  -0.0112 0.6246327 1.070785 0
4595536.6315 5437448.9945  -0.0042 0.5784418 1.072968 0
4595536.5626 5437449.4229  -0.0894 0.6653953 1.063778 0
4595536.4902 5437449.8595   0.1514 0.3596117 1.483347 0
4595536.4219 5437450.2868   0.0419 0.6238904 1.063537 0
4595536.3520 5437450.7172   0.0826 0.5522731 1.045545 0
4595536.2831 5437451.1462   0.0258 0.4501131 1.051228 0
4595536.1521 5437451.7107   5.3454 0.0450097 1.301606 1
4595536.2126 5437451.5784   0.1157 0.3111536 1.030615 3
4595536.0730 5437452.1576   6.2593 0.0271680 0.983034 1
4595536.1434 5437452.0077   0.0836 0.5356944 1.123384 3
4595536.7849 5437449.3099  -0.0374 0.5304482 1.093221 0
4595536.7134 5437449.7441   0.1210 0.3066888 1.176449 0
4595536.6399 5437450.1836   0.4396 0.2489960 1.456174 0
4595536.5756 5437450.6007   0.0024 0.6772235 1.056859 0
4595536.5056 5437451.0312   0.0583 0.5518681 1.061621 0
4595536.4359 5437451.4616   0.0627 0.4793467 1.052152 0
4595536.3664 5437451.8914   0.0695 0.4820370 1.059735 0
4595536.7717 5437449.7967   0.2737 0.2504607 1.661147 0
4595536.7043 5437450.2210   0.0712 0.2885848 1.290389 0
4595536.6353 5437450.6493   0.0190 0.7195903 1.061527 0
4595536.5651 5437451.0797   0.0768 0.4345771 1.041635 0
4595536.4957 5437451.5094   0.0504 0.3923646 1.060926 0
4595536.5940 5437450.1417  22.9298 0.0283897 1.038810 1
4595536.7781 5437449.8783   0.2685 0.2392773 1.375108 0
4595536.7112 5437450.3013   0.0270 0.4079466 1.211711 0
4595536.6419 5437450.7304   0.0268 0.6087879 1.046645 0
4595536.5724 5437451.1609   0.0215 0.4903932 1.052979 0
4595536.5859 5437451.1615   0.0522 0.6449456 1.044357 0
4595536.6009 5437450.6834   0.0492 0.6459247 1.062821 3
4595536.6296 5437450.1654   0.2400 0.1909051 1.698940 3
4595536.6281 5437449.7364   0.0057 0.3839421 1.053420 3
4595536.6411 5437449.2648  -0.0064 0.1103871 1.036624 3
4595536.6615 5437448.7718   0.1044 0.1188620 1.415259 3
4595536.6725 5437448.3071   0.0751 0.0504666 1.122175 3
4595536.7038 5437447.3490   0.1253 0.0473555 1.121509 3
4595536.3073 5437451.8395   2.1094 0.0303096 1.201893 1
4595536.1909 5437451.7544   0.2666 0.3807867 1.066835 0
4595536.1908 5437451.3197   0.0553 0.3644689 1.067478 3
4595536.2114 5437450.8250   0.1353 0.5446037 1.078160 0
4595536.2247 5437450.3514   0.1140 0.2318364 1.051461 3
4595536.2310 5437449.8985  -0.0035 0.1038930 1.014446 3
4595536.2428 5437449.4289  -0.0414 0.2488870 1.059577 3
4595536.2574 5437448.9525  -0.0136 0.2135536 1.005032 3
4595536.3306 5437448.3061   0.8405 0.0574278 1.139000 2
4595536.2716 5437448.4764   0.0056 0.0339948 0.975932 3
4595536.1347 5437451.9360   5.0941 0.0614522 1.579317 1
4595536.0264 5437451.8329   3.3660 0.0512967 1.029910 1
4595535.8068 5437452.0594   0.0722 0.3500353 1.056706 0
4595535.8205 5437451.5848   0.0568 0.5097864 1.088341 0
4595535.8352 5437451.1075   0.0547 0.3611661 1.079014 3
4595535.9628 5437450.2971   1.6426 0.0987893 1.303435 3
4595535.8715 5437450.1331   0.1541 0.1545074 1.142783 3
4595535.8738 5437449.6926  -0.0140 0.0563729 1.072602 3
4595535.8910 5437449.2084   0.0371 0.0600757 1.015610 3
4595535.9178 5437448.2633   0.0317 0.2091062 1.115327 3
4595535.9534 5437447.2935   0.1152 0.0524310 1.120512 3
4595535.9933 5437451.9896   5.1891 0.1200810 1.354690 1
4595535.9602 5437451.6626   4.5091 0.0440195 1.268691 1
4595535.6636 5437452.1300   0.0988 0.3943994 1.078112 0
4595535.6769 5437451.6574   0.0770 0.2982491 1.068283 3
4595535.6927 5437451.1766   0.0898 0.4855920 1.061160 3
4595535.8280 5437450.3422   1.7978 0.1845783 1.207258 0
4595535.7319 5437450.1950   0.2294 0.2052841 1.105981 0
4595535.7333 5437449.7591   0.0471 0.1282700 1.041447 3
4595535.7770 5437448.3328   0.0798 0.2650014 1.080474 3
4595535.7937 5437447.8517   0.1046 0.0527985 0.931965 3
4595535.8204 5437446.9084   0.0386 0.0428878 1.233898 3
4595535.8272 5437451.8301   4.9634 0.0812952 1.096731 1
4595535.5159 5437451.9179   0.1012 0.4247857 1.058359 0
4595535.5308 5437451.4405   0.1046 0.4518656 1.036032 0
4595535.7740 5437450.2758   3.3683 0.1927896 1.243307 0
4595535.6642 5437450.1743   1.5955 0.3148958 1.126433 0
4595535.5827 5437449.9858   0.2291 0.1312246 1.051500 3
4595535.5804 5437449.5588  -0.0029 0.1296599 1.058080 3
4595535.6254 5437448.1267   0.0383 0.2552609 1.049764 3
4595535.6414 5437447.6466   0.0520 0.2053441 1.067963 3
4595535.8367 5437451.6864  10.1162 0.1168225 1.332100 1
4595535.5833 5437451.6182   6.0880 0.0875979 1.662780 1
4595535.4895 5437451.4768   4.5408 0.0717636 1.113201 1
4595535.6871 5437450.4473   7.1577 0.1545334 1.373677 1
4595535.6468 5437450.1436   6.3849 0.3131048 1.278767 0
4595535.2166 5437451.0121   0.0199 0.2271953 1.049285 3
4595535.2387 5437450.5117   0.1321 0.0795594 1.154480 3
4595535.2536 5437450.0349   0.1547 0.0765887 1.111086 3
4595535.2614 5437449.5776   0.0763 0.0472200 1.051743 3
4595536.6901 5437447.1156  25.0927 0.0760599 1.001431 1
4595535.2850 5437451.4298   4.8821 0.0822946 1.320070 2
4595535.5661 5437450.1432   8.7214 0.1678271 1.277973 1
4595535.5002 5437450.3447   7.7711 0.0614366 1.232837 3
4595535.4384 5437450.1079   6.6851 0.1228752 1.537032 0
4595534.9896 5437451.0414   0.0105 0.4229325 1.057443 3
4595536.7176 5437447.5588  27.1593 0.0590678 1.128677 1
4595536.6011 5437447.1087  25.0503 0.0332140 1.062161 1
4595535.5006 5437450.5221   9.0573 0.1852448 1.310799 3
4595535.5004 5437450.1002   8.8577 0.1914243 1.161421 3
4595535.3463 5437450.1499   6.4183 0.0690150 2.112223 1
4595534.9094 5437451.4925   0.0521 0.2080723 1.118592 3
4595534.9218 5437451.0217   0.0286 0.1744558 1.053443 3
4595536.2250 5437449.2175  23.9136 0.0373323 1.008793 1
4595536.4143 5437448.2095  26.5042 0.0378944 1.278940 1
4595536.2194 5437448.8256  23.6536 0.0659106 1.826409 2
4595536.4610 5437447.6559  27.0008 0.0407095 1.251947 1
4595536.4219 5437447.7790  26.4285 0.0188280 0.799252 2
4595536.4754 5437447.2048  27.0026 0.0570140 1.096963 1
4595535.4439 5437450.4367  11.9517 0.1048877 1.111770 3
4595536.3211 5437447.2801  24.5594 0.0787327 1.868997 1
4595535.3593 5437449.8581  10.3309 0.1070141 1.438105 1
4595534.6797 5437451.1025  -0.0186 0.4518263 1.030866 3
4595534.6980 5437450.6128   0.0525 0.3711971 1.065022 3
4595534.7143 5437450.1310   0.1055 0.0754887 1.062308 3
4595536.0430 5437450.2567  26.1904 0.0357851 0.958786 1
4595535.9007 5437449.4924  23.5260 0.0600505 1.911362 1
4595535.9254 5437449.0062  23.7034 0.0402910 1.134913 1
4595536.1212 5437447.9778  26.3776 0.0502362 1.454325 1
4595535.9184 5437448.6192  23.4164 0.0823486 1.831513 2
4595535.3036 5437450.5641  14.4132 0.0981752 1.407417 3
4595535.9620 5437448.0739  23.8560 0.1260323 1.755826 0
4595536.0347 5437447.4381  24.7144 0.0377358 1.432942 1
4595535.9651 5437447.6562  23.6999 0.0379730 1.207255 2
4595535.2973 5437449.7494  13.9364 0.1564129 1.167758 3
4595536.0543 5437446.9695  24.7786 0.0439727 1.112459 1
4595535.9924 5437447.1627  23.8821 0.0609585 1.266129 2
4595534.4027 5437450.8270   0.0015 0.4676004 1.038513 0
4595534.4364 5437450.2919   0.3054 0.0662926 1.225636 3
4595534.4429 5437449.8410   0.2162 0.0605089 1.176908 3
4595534.4481 5437449.3929   0.0991 0.0578683 1.023731 3
4595534.4928 5437447.9617   0.0504 0.0685642 1.049753 3
4595535.8963 5437449.4978  23.9139 0.0453024 0.985373 1
4595536.0927 5437448.0526  26.4443 0.0438090 1.091858 1
4595535.9716 5437448.0336  24.4553 0.0347191 1.088493 1
4595535.1839 5437450.5474  12.7829 0.1401783 1.167192 3
4595535.9680 5437447.6375  24.2005 0.1287059 1.831142 1
4595535.2488 5437449.9224  13.5543 0.1000557 1.514699 3
4595536.0234 5437447.0548  24.7969 0.0514891 1.012114 1
4595535.9613 5437447.2512  23.8868 0.0464036 1.027817 2
4595534.3961 5437450.9069   0.0732 0.4461648 1.169495 0
4595534.4150 5437450.4165   0.1579 0.1569658 1.048389 0
4595534.4398 5437449.4766   0.1523 0.0384040 1.074913 3
4595535.9388 5437450.0890  26.0292 0.0379682 1.071382 1
4595536.0969 5437449.1628  28.1951 0.0763090 2.192151 1
4595535.8320 5437449.2192  23.8529 0.0283182 0.981040 1
4595535.7600 5437449.4538  22.7752 0.0367146 1.071483 2
4595535.8520 5437448.7451  23.9662 0.0690472 2.031459 1
4595536.0020 5437447.8518  26.0118 0.0581541 1.311143 1
4595535.8361 5437448.3882  23.5363 0.0743892 1.692812 2
4595535.1852 5437450.4923  13.7783 0.0593609 1.376324 3
4595535.8603 5437447.9025  23.6928 0.0713066 1.513945 1
4595535.2670 5437449.8115  14.8173 0.1156344 1.258024 3
4595535.9474 5437447.2148  24.7802 0.0367087 1.093132 1
4595535.1528 5437449.7600  12.9102 0.1245205 1.299576 3
4595535.8982 5437446.9636  23.8287 0.0520389 1.297687 1
4595534.3537 5437450.5931   0.0918 0.1213067 1.252064 3
4595534.3790 5437449.6490   0.0931 0.0380417 0.919322 3
4595534.3941 5437449.1698   0.1058 0.0822807 0.980772 3
4595534.4743 5437446.7634   0.0820 0.0875395 1.045726 3
4595535.8657 5437451.4196  29.4790 0.0941623 1.103178 1
4595536.0558 5437449.5765  31.7086 0.0615739 1.040125 1
4595535.7009 5437450.3598  26.2056 0.0493216 1.007416 1
4595535.9010 5437448.4851  28.6403 0.0468058 1.142145 1
4595535.7586 5437448.9537  26.4937 0.0378192 1.215553 2
4595535.4712 5437449.4893  21.9821 0.0694444 1.142021 1
4595535.1590 5437450.5118  17.2776 0.0363004 1.185513 3
4595535.8924 5437447.7072  28.1057 0.0375802 1.186807 1
4595535.5915 5437448.6879  23.5978 0.0434749 1.306102 2
4595535.6416 5437448.1173  24.1447 0.0513635 1.514612 1
4595535.1954 5437449.5649  17.4470 0.0772007 1.628337 2
4595535.1328 5437449.7679  16.5029 0.0547834 1.323662 3
4595535.7049 5437447.0987  24.6622 0.0766873 1.678165 1
4595535.6327 5437446.9233  23.3658 0.0616159 1.218901 1
4595535.6586 5437446.4324  23.5293 0.0491660 1.173247 1
4595534.2174 5437447.5770   0.1252 0.1196238 0.978718 3
4595534.2560 5437446.5963   0.1936 0.1598578 1.107139 0
4595535.8014 5437451.2492  29.5037 0.0379643 1.048403 1
4595535.9846 5437449.8233  31.8620 0.0763463 1.061844 1
4595535.8209 5437449.5766  28.9930 0.0356252 0.959103 1
4595535.6285 5437450.2244  26.0786 0.0397404 1.026644 2
4595535.8006 5437449.2426  28.4948 0.0480170 1.043684 1
4595535.7619 5437448.9688  27.7158 0.0750817 1.039083 1
4595535.8059 5437448.4200  28.1946 0.1265789 1.682533 1
4595535.0649 5437450.4663  16.7206 0.1317101 1.385213 0
4595535.7279 5437447.8700  26.6005 0.0566436 1.353213 1
4595535.0504 5437449.6850  16.1187 0.2911820 1.205986 0
4595534.8782 5437449.8318  13.2949 0.0404206 1.180044 1
4595534.1432 5437449.6521   0.8423 0.0591022 0.997452 2
4595534.1030 5437449.7793   0.2248 0.0348371 1.125865 3
4595534.1066 5437449.3373   0.0666 0.0396751 0.936880 3
4595534.1727 5437447.4071   0.1108 0.1060078 1.035529 3
4595534.1913 5437446.9181   0.1346 0.0864802 1.208055 3
4595534.2038 5437446.4485   0.0705 0.0851353 1.139287 3
4595536.0273 5437449.7885  31.8843 0.0419453 0.968714 1
4595535.6766 5437450.5938  26.3001 0.0298414 0.885870 1
4595535.6710 5437450.2078  26.0151 0.0580165 1.065040 1
4595535.8297 5437449.2618  28.2625 0.0683378 1.623304 1
4595535.7293 5437449.1992  26.5232 0.0421866 1.224566 1
4595535.5085 5437449.9474  23.1166 0.0776961 1.709359 2
4595535.8922 5437448.2440  28.8453 0.0736988 1.016676 1
4595535.8504 5437448.3851  28.2026 0.0402759 1.063171 2
4595535.8608 5437447.9474  28.1580 0.0321703 1.112099 1
4595535.7180 5437448.4269  25.9645 0.0612891 1.362289 2
4595535.0521 5437450.6629  15.6682 0.0561598 1.264468 3
4595535.6122 5437448.3751  24.1312 0.0481488 1.469096 1
4595535.0217 5437449.9316  14.8094 0.2357794 1.244259 0
4595535.6833 5437447.3244  24.7961 0.0813531 1.041991 1
4595534.1670 5437449.7615   0.1302 0.0835908 1.070051 3
4595534.1799 5437449.2887   0.1183 0.0417209 0.911883 3
4595534.2434 5437447.3610   0.1314 0.1030559 1.008265 3
4595535.6696 5437451.2916  29.3590 0.0336836 1.172612 1
4595535.6725 5437450.8799  29.1985 0.0659489 0.987901 1
4595535.8454 5437449.4763  31.4774 0.0670248 1.088555 1
4595535.6880 5437450.0214  29.0402 0.0348686 1.303344 2
4595535.6593 5437448.9125  28.0179 0.0988880 1.417104 1
4595535.5671 5437448.8236  26.3914 0.0670920 2.088097 1
4595535.5174 5437448.9924  25.6185 0.0096054 0.661784 3
4595535.6688 5437448.0735  27.7664 0.0494359 1.154773 1
4595535.3935 5437449.0059  23.4937 0.0260921 0.929620 2
4595535.0120 5437450.2977  17.5480 0.0443798 1.034726 3
4595535.7017 5437447.5589  28.0682 0.0412189 1.071517 1
4595535.0867 5437449.6322  18.5275 0.0891561 1.685343 3
4595534.9727 5437449.6028  16.5564 0.0318849 0.973978 1
4595535.4568 5437447.5711  23.8501 0.0337266 1.142843 1
4595534.0382 5437448.8668   0.0774 0.0334679 0.872635 0
4595534.0829 5437447.4303   0.0389 0.0540679 0.999735 3
4595534.1051 5437446.9295   0.1287 0.0574946 1.238258 3
4595534.1239 5437446.4391   0.1663 0.0969785 1.135681 3
4595535.4512 5437451.3811  29.4675 0.0422852 1.039776 1
4595535.4413 5437451.0142  29.1093 0.0423211 1.020967 1
4595535.4505 5437450.5809  29.0473 0.0444420 1.207829 1
4595535.4672 5437450.1211  29.1144 0.0380342 0.985466 1
4595535.1789 5437450.3149  24.2155 0.0286232 0.968812 1
4595535.4202 5437449.0782  27.7986 0.0511040 1.027997 1
4595535.4699 5437448.5056  28.3832 0.0520525 1.161115 1
4595535.4166 5437448.6883  27.5474 0.0311416 1.075215 2
4595535.3494 5437448.9186  26.4954 0.0473702 1.149989 2
4595535.2980 5437449.0946  25.6929 0.0454916 1.194049 3
4595535.2727 5437448.7753  25.0970 0.0670828 1.002090 0
4595535.3189 5437448.2137  25.6071 0.0903473 1.060114 1
4595534.9000 5437449.6360  19.0766 0.1132698 1.644749 3
4595535.2895 5437447.0963  24.4837 0.0368985 1.001328 1
4595533.9085 5437447.0035   0.4024 0.0623455 1.305188 3
4595533.9120 5437446.5621   0.2024 0.1899903 1.267122 3
4595535.5592 5437451.9050  29.5551 0.0364334 1.011971 1
4595535.5608 5437451.4989  29.3734 0.0524148 1.163255 1
4595535.7449 5437450.0394  31.8817 0.0269864 0.923181 1
4595535.7421 5437449.6514  31.6384 0.0782162 1.061060 1
4595535.5791 5437448.6261  28.2674 0.0763404 1.543520 1
4595535.2288 5437449.8509  22.6805 0.0478204 1.154285 2
4595534.9528 5437450.8160  18.2675 0.0333857 1.087512 3
4595535.5666 5437448.2678  27.8616 0.0368927 0.992048 1
4595535.4236 5437448.7654  25.5887 0.0240422 1.032070 2
4595534.8769 5437450.6684  16.8533 0.0558500 1.119499 2
4595534.8408 5437450.7941  16.2764 0.0372027 1.231476 3
4595535.6068 5437447.7262  28.2847 0.0483176 1.063455 1
4595535.3430 5437448.6403  24.1012 0.0538401 1.307176 2
4595535.3009 5437448.7861  23.4296 0.0197530 1.053112 2
4595534.9488 5437450.0060  17.8124 0.0635751 1.316654 3
4595534.8764 5437449.8436  16.4584 0.2059813 1.155079 0
4595535.3544 5437446.9758  23.3948 0.0444504 1.111433 1
4595534.0292 5437447.6256   0.2554 0.0321232 0.899128 3
4595534.0494 5437447.1301   0.3183 0.0497757 1.190516 3
4595534.0564 5437446.6772   0.1734 0.0948948 1.025797 3
4595535.5394 5437451.6952  29.6093 0.0432470 1.147050 1
4595535.5357 5437451.3080  29.3423 0.0600784 1.065323 1
4595535.5447 5437450.8744  29.2787 0.0916078 1.074478 1
4595535.5379 5437450.4971  28.9623 0.0335608 1.031501 1
4595535.7052 5437449.4930  31.4623 0.0629437 1.031512 1
4595535.5326 5437448.9088  28.0957 0.0756418 1.114827 1
4595535.5493 5437448.4469  28.1667 0.1060658 1.722754 1
4595535.4363 5437448.8467  26.3401 0.0667358 2.376198 3
4595535.5357 5437448.0922  27.7344 0.0505722 0.934753 1
4595535.3909 5437448.6022  25.4069 0.0424363 1.076606 2
4595535.5797 5437447.5351  28.2258 0.0311406 0.999484 1
4595535.4417 5437448.0187  26.0087 0.0576299 1.254078 2
4595534.9618 5437449.7013  18.2736 0.0780762 1.423339 3
4595534.8629 5437449.6341  16.4745 0.0844871 1.172400 1
4595535.3877 5437446.9907  24.4728 0.0679950 1.029203 1
4595533.9849 5437448.4046   0.0663 0.0431039 1.162990 3
4595534.0268 5437447.4046   0.2323 0.0490379 1.199219 3
4595534.0555 5437446.4501   0.1796 0.0942976 1.128798 3
4595535.4368 5437450.8507  30.7053 0.0675889 1.025182 1
4595535.3421 5437450.7962  28.9727 0.0606879 1.008675 1
4595535.5100 5437449.7832  31.5051 0.0298204 0.963197 1
4595535.3517 5437450.3592  28.9306 0.0706315 1.114807 2
4595535.5005 5437449.4184  31.1609 0.0671852 1.025399 1
4595535.2601 5437449.0772  26.6725 0.0452298 1.241008 1
4595534.8600 5437450.5076  20.1458 0.0396334 0.993877 2
4595534.8337 5437450.6017  19.7173 0.0113299 0.520713 3
4595535.4367 5437448.0430  29.3325 0.0454627 1.017312 1
4595535.2627 5437448.6625  26.5162 0.0473622 1.479818 3
4595534.8929 5437449.5680  20.3132 0.1187680 1.201467 0
4595535.2576 5437447.8715  26.0065 0.0707195 1.097151 1
4595534.7251 5437449.3350  17.1812 0.1243070 1.059823 1
4595535.1876 5437447.3044  24.4315 0.0400342 1.094058 1
4595535.2057 5437446.8345  24.4956 0.0329362 0.985305 1
4595535.1522 5437446.6127  23.4016 0.0499109 1.054085 1
4595533.8592 5437447.6520   0.6178 0.0500124 1.414634 3
4595533.8610 5437447.2151   0.3966 0.0459960 1.184488 3
4595533.8719 5437446.7480   0.3207 0.0806585 1.443441 0
4595535.4539 5437451.8392  29.6736 0.0508517 1.133086 1
4595535.4550 5437451.4348  29.4844 0.0701200 1.029227 1
4595535.4532 5437450.6409  29.0400 0.0693769 1.159907 1
4595535.6076 5437449.6683  31.3998 0.0463877 1.040653 1
4595535.1369 5437449.7861  22.8093 0.0245672 1.136442 3
4595535.4549 5437448.2272  27.8733 0.0369401 1.118395 1
4595535.3022 5437448.7805  25.3491 0.0740335 1.154982 2
4595535.3500 5437448.2035  25.9268 0.0614233 1.108388 1
4595535.2379 5437448.6077  24.0790 0.0360035 1.082687 2
4595535.2597 5437448.1239  24.2176 0.0392967 1.373032 1
4595535.2923 5437447.6008  24.5319 0.0647431 1.374625 1
4595535.3056 5437447.1481  24.5216 0.0329636 0.982608 1
4595535.2734 5437446.4501  23.5292 0.0345272 0.991690 2
4595533.9274 5437449.0499   0.1504 0.1242681 1.085727 3
4595533.9409 5437448.5737   0.1464 0.1536318 1.056560 3
4595533.9765 5437447.5933   0.2308 0.0613451 1.169703 3
4595534.0033 5437447.0732   0.4132 0.0586703 1.098133 3
4595535.5146 5437451.4111  29.3989 0.0437179 1.258252 1
4595535.5200 5437450.9905  29.2791 0.0804030 1.106384 1
4595535.6768 5437449.5985  31.5128 0.0854689 1.076590 1
4595535.5321 5437450.1440  29.0757 0.0327129 1.206863 2
4595535.5086 5437449.0279  28.0861 0.0981585 1.256127 1
4595535.4157 5437449.3733  26.5190 0.0475789 1.442474 2
4595535.4272 5437448.9274  26.5128 0.0371189 0.765140 1
4595535.5204 5437448.1810  27.8757 0.0614560 1.101868 1
4595534.9066 5437450.4450  17.5014 0.0665483 1.244966 3
4595535.5486 5437447.6751  28.1328 0.0450272 1.116558 1
4595534.9515 5437449.8677  18.0720 0.1010907 1.454043 3
4595535.3217 5437448.1020  24.1016 0.0484171 1.130882 1
4595535.1279 5437448.8104  20.8438 0.0251619 1.014892 2
4595535.3674 5437447.5298  24.6468 0.0246864 0.930516 1
4595535.3191 5437447.7055  23.8349 0.0458927 1.129729 2
4595534.0668 5437447.5499   0.1914 0.0388291 0.982197 3
4595534.0822 5437447.0669   0.1905 0.0743760 1.064454 3
4595534.0972 5437446.5864   0.1817 0.0956264 1.029146 3
4595535.4104 5437450.8020  30.8098 0.0406312 1.207518 1
4595535.3311 5437451.1063  29.4691 0.0407340 1.476872 2
4595535.3128 5437450.7746  28.9580 0.0556973 1.201594 1
4595535.3276 5437450.3161  29.0129 0.0625015 1.110618 1
4595535.4635 5437449.3992  31.1325 0.0636691 1.042461 1
4595535.3045 5437448.7933  27.8486 0.0401486 1.245353 1
4595535.0750 5437449.6514  23.9523 0.0534262 1.816319 2
4595534.8349 5437450.5488  19.8481 0.0682638 1.182094 3
4595535.2403 5437448.6279  26.5594 0.0408340 1.552405 3
4595534.8707 5437449.5927  20.0879 0.0945107 1.365938 0
4595535.2322 5437447.8483  25.9898 0.0630119 1.136194 1
4595535.1741 5437447.2499  24.5623 0.0308644 0.981822 1
4595533.8339 5437448.7061   0.0660 0.0658428 1.370894 3
4595533.8959 5437447.1961   0.3743 0.0545666 1.137363 3
4595533.9034 5437446.7390   0.2491 0.1227521 1.260423 0
4595535.3340 5437450.8179  30.6460 0.0476288 0.951461 1
4595535.2503 5437450.7415  29.0096 0.0637354 1.318548 1
