    X-Koord.     Y-Koord. Z-Koord.      Int.   Pulsb. W
4595579.9951 5437428.0125   0.0338 0.5833445 1.055689 0
4595579.5488 5437428.1734   0.0548 0.7045332 1.077986 0
4595579.5766 5437427.6864   0.0903 0.1338242 0.976171 3
4595579.1191 5437428.0840   0.1335 0.0331696 0.843400 3
4595579.1449 5437427.5771   0.0924 0.0350153 0.986742 3
4595579.2553 5437425.6185   0.0245 0.1649861 1.034258 3
4595579.3901 5437423.1278   0.0208 0.0903441 1.119084 3
4595579.4736 5437421.6563   0.0931 0.2423254 1.031420 0
4595578.7478 5437428.2593   0.1227 0.0564403 1.066675 3
4595578.7755 5437427.7711   0.1332 0.0655709 1.151888 3
4595578.8012 5437427.2648   0.0759 0.0811799 1.103260 3
4595578.9956 5437423.8407   0.1232 0.0555293 1.155073 3
4595579.6372 5437425.2243  15.0284 0.0518793 0.991358 1
4595579.7780 5437425.2214  17.9715 0.0312267 0.907827 1
4595579.7026 5437424.3993  15.4254 0.0604183 1.032495 2
4595578.2841 5437428.1785   0.1545 0.2292481 1.077682 3
4595578.3107 5437427.6805   0.1286 0.3086105 1.077215 3
4595578.3381 5437427.1897   0.1161 0.2100301 1.052907 3
4595578.6042 5437422.1764  -0.0334 0.0429495 0.926344 3
4595579.5699 5437427.9292  26.6493 0.1186349 1.033332 1
4595579.5974 5437427.4805  26.7209 0.1465575 1.169587 1
4595579.6507 5437427.3160  27.6432 0.1620993 1.086256 1
4595579.6291 5437427.0790  26.9172 0.0460183 0.995202 3
4595579.7216 5437426.5986  28.2914 0.0884615 1.198959 2
4595579.8091 5437426.8244  30.3854 0.2229932 1.364399 0
4595579.8148 5437426.1348  29.6687 0.2022371 1.252754 0
4595579.8614 5437425.9070  30.3605 0.0292407 0.972893 1
4595579.8333 5437425.5882  29.3726 0.0580024 1.106463 2
4595579.8094 5437425.3176  28.5443 0.0234268 0.885487 2
4595579.6905 5437423.9702  24.5177 0.0871378 1.038717 3
4595579.8232 5437424.7160  28.1160 0.0577063 0.900634 1
4595579.8052 5437424.5104  27.4932 0.1165084 1.118097 2
4595579.6965 5437423.2726  23.8923 0.0616027 1.036086 3
4595579.9219 5437425.0813  30.6168 0.0369412 0.991030 1
4595579.8962 5437424.7876  29.7287 0.1433408 1.111827 3
4595579.9151 5437424.2445  29.5118 0.1410100 1.135058 0
4595579.7775 5437421.8839  24.0175 0.0647943 1.285474 1
4595579.9671 5437423.3143  29.6027 0.1735752 1.110558 0
4595579.9977 5437422.9037  29.7742 0.0393323 1.002389 1
4595577.7159 5437428.0642   0.1092 0.0930666 1.001992 3
4595577.7432 5437427.5719   0.1046 0.1251448 1.114045 3
4595577.7709 5437427.0831   0.0901 0.3390913 1.033077 3
4595577.7991 5437426.5987   0.0878 0.0908261 1.126267 3
4595578.7142 5437426.1393  18.4832 0.0659162 1.208102 1
4595578.6557 5437425.5132  16.5056 0.0414819 1.254568 2
4595578.6288 5437425.2263  15.6290 0.0971370 1.157657 3
4595579.0243 5437427.9675  27.0614 0.1300057 1.029751 1
4595578.8988 5437426.6119  22.8829 0.0628418 1.628559 3
4595579.0447 5437427.4419  26.8842 0.1601062 1.742743 1
4595578.9000 5437425.8696  21.9998 0.0240262 1.110401 3
4595579.0946 5437427.2375  27.6778 0.1554622 1.089092 0
4595579.1625 5437427.2325  29.0774 0.1399255 1.045600 1
4595579.1391 5437426.9758  28.2919 0.0633511 1.317737 2
4595579.1209 5437426.7759  27.6800 0.0280187 0.860232 3
4595579.1906 5437426.7933  29.1448 0.1459716 1.073185 1
4595579.1387 5437426.2203  27.3786 0.0936227 2.076350 3
4595579.2501 5437426.7026  30.2720 0.0522885 1.124135 1
4595579.2238 5437426.4102  29.3775 0.0479897 1.471212 2
4595579.2719 5437426.1947  30.1077 0.1816604 1.384666 0
4595579.3064 5437425.8275  30.3637 0.0591032 1.217695 1
4595579.1840 5437424.4527  26.2136 0.0568585 1.284260 2
4595579.1452 5437424.0173  24.9512 0.0248331 1.011203 3
4595579.3736 5437425.8317  31.7619 0.0318085 0.808286 1
4595579.3507 5437425.5725  30.9632 0.1305922 1.280463 3
4595579.3802 5437425.1513  31.0745 0.1497016 1.041920 0
4595579.3777 5437424.3638  30.1118 0.0246313 0.927523 1
4595579.3312 5437423.8328  28.5881 0.1282308 1.219205 2
4595579.2024 5437422.3617  24.3247 0.0474364 1.062376 3
4595579.4593 5437424.5386  31.9846 0.0500799 0.923886 1
4595579.4329 5437424.2362  31.1150 0.1074580 1.227422 3
4595579.4227 5437423.3552  29.9613 0.0094071 0.757079 1
4595579.3963 5437423.0511  29.0853 0.1526942 1.626076 3
4595579.4547 5437422.9600  30.1888 0.0942010 1.034747 1
4595579.4327 5437422.7045  29.4554 0.0531592 1.137106 3
4595579.5169 5437422.9182  31.4290 0.1042981 1.221159 1
4595579.5782 5437422.1014  31.7855 0.0370083 1.073498 1
4595577.2914 5437427.6911   0.1249 0.1993599 1.076795 3
4595577.3180 5437427.1909   0.0826 0.6472553 1.069787 3
4595577.3475 5437426.7188   0.1198 0.0928632 1.073459 3
4595577.5370 5437423.2287   0.0346 0.0699785 1.146113 3
4595578.4866 5437426.3679  23.2443 0.0528285 0.956997 1
4595578.4593 5437426.0720  22.3199 0.0949255 1.195821 2
4595578.6497 5437427.3900  27.8434 0.1665272 1.092539 1
4595578.6218 5437427.0850  26.9012 0.0469895 1.348654 3
4595578.6741 5437426.9075  27.7722 0.1337572 1.089981 1
4595578.6241 5437426.3588  26.0782 0.0319187 1.082482 3
4595578.7422 5437426.9055  29.1789 0.0871971 1.164838 1
4595578.7071 5437426.5174  27.9887 0.0483557 1.415246 2
4595578.8049 5437426.8467  30.4061 0.0573497 1.172923 1
4595578.7940 5437426.7255  30.0356 0.0081810 0.873822 2
4595578.7717 5437426.4779  29.2783 0.1053462 1.091485 2
4595578.7073 5437425.7635  27.0694 0.0507022 1.164489 2
4595578.7922 5437425.9522  29.0571 0.0654931 1.217270 1
4595578.6992 5437424.9143  25.9205 0.0501917 1.131843 2
4595578.6565 5437424.4386  24.5118 0.0698427 1.260219 2
4595578.8858 5437426.2446  31.3526 0.0773841 1.244603 1
4595578.8670 5437426.0345  30.7060 0.0180153 0.726060 2
4595578.8586 5437425.9402  30.4160 0.1337050 2.037352 3
4595578.9267 5437425.9525  31.8389 0.0171385 0.662788 1
4595578.9009 5437425.6620  30.9478 0.1818294 1.952882 3
4595578.9285 5437425.2174  30.9954 0.1209890 1.218569 1
4595578.8624 5437424.4670  28.7789 0.0701446 0.995900 3
4595578.9926 5437425.1882  32.2838 0.0498778 1.008432 1
4595578.9303 5437424.4785  30.1903 0.0644594 1.144450 2
4595578.8691 5437423.7803  28.1844 0.0572860 1.157474 2
4595578.7780 5437422.7411  25.1710 0.0380704 1.116216 3
4595579.0253 5437424.8031  32.5168 0.0871525 1.047726 1
4595578.9991 5437424.5019  31.6298 0.1459547 1.655102 3
4595579.0545 5437424.3796  32.6396 0.2011692 1.073208 0
4595579.0317 5437423.3519  31.0689 0.1359578 1.090975 1
4595579.1479 5437421.6341  31.5406 0.0782456 1.081484 1
4595578.2197 5437427.8751  27.8911 0.0301030 0.895459 2
4595578.0564 5437426.0970  22.3683 0.0494413 1.483158 3
4595578.2998 5437428.0020  29.6998 0.0593111 0.979737 1
4595578.2497 5437427.4536  28.0195 0.0973989 1.260061 3
4595578.3399 5437427.6971  30.1773 0.0724861 1.051080 1
4595578.2764 5437426.9980  28.0266 0.0501502 1.124094 3
4595578.3580 5437427.1470  29.8995 0.2057815 1.257648 0
4595578.3705 5437426.5345  29.4241 0.1845980 1.084766 1
4595578.3165 5437425.9340  27.5728 0.0386138 1.068192 3
4595578.4449 5437426.6123  31.0618 0.0735904 0.974720 1
4595578.4231 5437426.3680  30.3130 0.0834073 1.377675 2
4595578.3343 5437425.3747  27.2732 0.0309155 1.086928 3
4595578.4611 5437426.0419  30.7052 0.1444571 1.079440 1
4595578.5402 5437426.1801  32.5177 0.2520698 1.131187 0
4595578.5353 5437425.3694  31.4420 0.0392732 1.083675 1
4595578.5117 5437425.1013  30.6560 0.0778052 0.976491 3
4595578.6237 5437425.6216  33.5691 0.0275614 1.005825 1
4595578.5872 5437425.2047  32.3352 0.1858156 1.159099 3
4595578.6069 5437424.6716  32.1479 0.0696567 1.144956 1
4595578.5221 5437423.6957  29.3442 0.0950569 1.177180 3
4595578.6332 5437424.2139  32.1940 0.2245540 1.212918 0
4595578.6233 5437423.3360  31.0456 0.0785235 1.534537 1
4595578.5545 5437422.5365  28.7397 0.1501282 1.060345 3
4595578.6723 5437423.1401  31.8425 0.1404177 1.165303 1
4595578.6210 5437422.5402  30.1183 0.0333538 1.101634 3
4595578.6514 5437422.1251  30.2847 0.0929588 1.009174 1
4595577.7221 5437428.1449  30.9944 0.0248213 0.767235 1
4595577.6921 5437427.8206  30.0052 0.1630542 1.161493 3
4595577.7402 5437427.5996  30.7409 0.1442901 1.047789 0
4595577.7524 5437426.9886  30.2633 0.0952476 2.117658 1
4595577.6927 5437426.3360  28.2498 0.1462384 1.131078 3
4595577.7800 5437426.5446  30.2977 0.0913044 1.101181 1
4595577.7438 5437426.1471  29.0741 0.0486277 1.481258 2
4595577.6900 5437425.5551  27.2516 0.0797893 1.664102 3
4595577.7004 5437424.9158  26.7408 0.0547945 1.003048 1
4595577.6719 5437424.6012  25.7989 0.0224680 1.037226 2
4595577.6130 5437423.9499  23.8788 0.0460225 1.051615 3
4595577.8884 5437426.2487  32.1745 0.1060087 1.198159 1
4595577.8512 5437425.8353  30.9103 0.0298936 0.947701 2
4595577.8274 5437425.5711  30.1022 0.0357339 1.174407 3
4595577.9295 5437425.9581  32.6697 0.1633670 1.216566 0
4595577.9049 5437424.9322  30.9771 0.1608939 1.374163 0
4595577.9992 5437425.2407  33.2633 0.2587245 1.435378 0
4595578.0468 5437425.0287  34.0087 0.0561436 0.958385 1
4595578.0212 5437424.7377  33.1567 0.1503988 2.221017 3
4595578.0406 5437424.2031  32.9747 0.1318351 1.117906 1
4595577.9417 5437423.0742  29.7328 0.0310093 1.232348 3
4595578.0600 5437423.6687  32.8078 0.1941794 1.443992 0
4595578.0991 5437423.3610  33.2867 0.1085209 0.974745 1
4595578.0723 5437423.0508  32.4003 0.0536179 1.582581 3
4595575.7617 5437423.9515   0.0789 0.0357936 0.988966 3
4595577.0074 5437427.7037  29.7934 0.1734057 1.356788 3
4595576.9830 5437426.7028  28.1320 0.0805119 1.098564 1
4595576.9521 5437426.3733  27.1155 0.0808312 1.409256 2
4595576.9146 5437425.9724  25.8709 0.0258840 0.883765 3
4595577.0677 5437426.8663  30.0440 0.0693551 1.419993 1
4595577.0998 5437426.4685  30.2272 0.1655744 1.216861 0
4595577.1624 5437426.4030  31.4204 0.2438592 1.108106 0
4595577.1830 5437425.8822  31.2135 0.0642700 0.925438 1
4595577.1603 5437425.6343  30.4545 0.0513408 1.304967 3
4595577.2557 5437425.9319  32.7488 0.1568048 1.178390 0
4595577.2833 5437425.4897  32.7798 0.1875218 1.585178 0
4595577.2854 5437424.7642  31.9968 0.1643930 1.234485 0
4595577.2858 5437424.0163  31.1840 0.1268669 1.364130 0
4595577.3803 5437424.3203  33.4357 0.1218500 1.168585 1
4595577.3578 5437424.0677  32.7058 0.0286212 1.063767 3
4595577.4129 5437423.9348  33.6881 0.1760548 1.147306 1
4595577.3611 5437423.3505  32.0120 0.0330566 1.156096 3
4595577.4010 5437423.0451  32.5113 0.0600652 1.038506 1
4595577.4286 5437421.8380  31.8237 0.0853813 1.415793 1
4595575.2820 5437423.5362   0.0549 0.1628694 1.071088 3
4595576.3426 5437426.8216  25.4048 0.0998131 1.070240 2
4595576.3177 5437426.5595  24.5981 0.0442147 1.108226 3
4595576.4856 5437427.5869  29.1880 0.0217357 0.920049 2
4595576.4664 5437427.3844  28.5673 0.0501679 1.337602 3
4595576.5396 5437427.4217  30.1000 0.2202745 1.305510 0
4595576.5648 5437426.9506  30.0718 0.1498536 1.225081 1
4595576.5381 5437426.6665  29.2064 0.0364016 1.024619 3
4595576.6003 5437426.5914  30.3806 0.1261933 1.031901 1
4595576.5745 5437426.3154  29.5327 0.0483684 1.274028 3
4595576.6618 5437426.5118  31.5377 0.1258178 0.990193 1
4595576.6253 5437426.1171  30.3229 0.0725660 1.310174 3
4595576.7069 5437426.2585  32.1493 0.1874164 1.055821 0
4595576.7257 5437425.7201  31.8848 0.2400850 1.867925 0
4595576.7758 5437425.5252  32.6679 0.1103943 0.959412 1
4595576.7548 5437425.2950  31.9742 0.0597324 1.485383 3
4595576.8237 5437425.3071  33.3867 0.0408952 0.927362 1
4595576.8020 5437425.0677  32.6691 0.0865317 1.376923 2
4595576.7701 5437424.7158  31.6134 0.0528768 1.353330 3
4595576.9016 5437424.6766  34.2416 0.2119112 1.154169 0
4595576.9297 5437424.2425  34.3311 0.0982246 1.325566 0
4595576.9077 5437421.7264  31.2637 0.0689485 1.360023 1
4595575.7783 5437426.6549  27.5728 0.0910224 1.088939 3
4595575.8459 5437426.6236  28.8976 0.0223932 0.927695 3
4595575.8693 5437426.1316  28.8008 0.1310149 1.112857 1
4595575.7805 5437425.1962  25.9269 0.1164683 1.150203 3
4595575.8745 5437425.4459  28.1068 0.2211153 1.182539 1
4595575.9677 5437425.6949  30.2703 0.0598107 1.114222 1
4595575.9093 5437425.0724  28.3697 0.1192215 1.115553 2
4595575.8322 5437424.2519  25.8832 0.0509060 1.746910 3
4595575.9936 5437425.2310  30.2487 0.0950539 1.196121 1
4595575.9562 5437424.8305  29.0305 0.0742689 1.345768 2
4595575.9342 5437424.5951  28.3143 0.0362495 1.335805 3
4595576.0529 5437425.1252  31.3163 0.1764726 1.175221 1
4595576.0167 5437424.7364  30.1379 0.0405382 1.586252 3
4595576.0630 5437424.4912  30.7827 0.0820229 1.228681 1
4595576.0449 5437424.2954  30.2057 0.0942600 2.119062 3
4595576.0422 5437423.5175  29.3045 0.0643157 1.643705 1
4595576.1741 5437424.2089  32.7083 0.1632742 1.036731 0
4595576.1768 5437423.4924  31.9819 0.0731626 1.005292 1
4595576.0870 5437422.5049  29.1821 0.0651267 1.050957 2
4595576.0633 5437422.2439  28.4374 0.0459256 1.580068 3
4595576.1392 5437422.3259  30.0485 0.1807391 1.083005 1
4595576.1075 5437421.9759  29.0540 0.0584417 1.416226 3
4595574.8014 5437424.6572  21.4492 0.1630225 1.157261 1
4595575.0248 5437425.4580  26.7640 0.0709844 1.076926 3
4595574.7966 5437422.3643  18.9443 0.0561374 1.032764 1
4595575.1203 5437424.9686  28.0926 0.1262369 1.094268 1
4595575.1557 5437424.5966  28.3635 0.1500249 1.061044 1
4595575.1715 5437424.0218  28.0499 0.0696067 1.132659 1
4595575.2865 5437423.0042  29.2552 0.0654453 1.125389 1
4595575.3181 5437422.5960  29.4658 0.1595098 0.998758 1
4595575.2888 5437422.2821  28.5659 0.0546864 1.314464 3
4595575.3478 5437422.1662  29.6095 0.2058244 1.406590 1
4595574.2329 5437424.0061  21.5668 0.0919270 0.998429 1
4595574.2636 5437423.5739  21.7062 0.2399703 1.303577 1
4595574.3056 5437423.2578  22.2052 0.1761336 1.117240 1
4595574.5440 5437424.2226  27.8855 0.0779905 1.086896 1
4595574.5803 5437423.8606  28.2087 0.0830586 1.070778 1
4595574.6044 5437423.3694  28.1630 0.2059197 1.220495 1
4595573.9447 5437422.4880   0.0333 0.1578159 1.066450 3
4595573.8809 5437422.9125  -0.0016 0.4840593 1.050082 3
4595573.8166 5437423.3390  -0.0268 0.0342428 0.938230 3
4595573.8152 5437422.6941  20.9139 0.0794152 1.527213 1
4595573.7283 5437423.1690  21.5413 0.2369617 1.311820 1
4595574.3821 5437422.1574   0.0598 0.1881345 1.063445 3
4595574.3166 5437422.5863   0.0820 0.1853635 1.027751 3
4595574.0132 5437423.0204  21.2572 0.1672183 1.280809 1
4595573.9358 5437423.4691  21.6581 0.1948432 1.220053 1
4595574.1328 5437423.3856  28.3596 0.1740847 1.054345 1
4595574.3723 5437422.7348  22.3644 0.0277829 1.110995 2
4595574.3203 5437423.1151  22.1261 0.1848820 1.121475 1
4595574.4587 5437422.7411  18.6476 0.0228416 0.973700 2
4595574.2803 5437423.4633  21.5833 0.2992516 1.119293 1
4595574.2191 5437423.8687  21.5932 0.2304329 1.074461 1
4595574.1512 5437424.2917  21.7819 0.1053903 1.398999 1
4595575.0022 5437422.0320   0.0771 0.3380917 1.098319 3
4595574.9372 5437422.4614   0.0858 0.1817873 1.059851 3
4595574.8705 5437422.8944   0.1340 0.0907173 1.239642 3
4595574.7464 5437422.0105  29.0881 0.0708343 1.009456 1
4595574.6693 5437422.4555  29.5092 0.0984651 1.073498 1
4595574.6190 5437422.8268  29.2637 0.1112880 1.069289 1
4595574.5650 5437423.2080  29.1052 0.0347577 1.051263 1
4595574.6120 5437423.0812  27.9453 0.0875256 1.155044 2
4595574.8355 5437422.4772  22.4207 0.0365463 1.307162 2
4595574.5433 5437423.5029  28.1465 0.1756298 1.103855 1
4595574.6839 5437423.6073  21.6089 0.0538936 1.116240 1
4595574.5965 5437424.0817  22.2878 0.0861566 1.650330 1
4595575.4804 5437421.7482   0.0536 0.4183962 1.042946 3
4595574.5409 5437424.4716  22.1697 0.1975373 1.509425 1
4595575.4139 5437422.1804   0.0992 0.0950429 1.089164 3
4595574.4954 5437424.8355  21.8022 0.0490813 1.219951 2
4595575.3496 5437422.6073   0.0872 0.3881760 1.058084 3
4595574.5940 5437424.8267  17.7300 0.0298171 1.106000 2
4595575.2833 5437423.0398   0.1158 0.2777743 1.063243 3
4595575.2184 5437423.4679   0.1182 0.1167211 1.090225 3
4595575.0916 5437424.3165   0.0922 0.0518967 1.025207 3
4595574.9651 5437425.1652   0.1002 0.0611435 1.267566 3
4595574.9852 5437422.2785  29.4095 0.1580237 1.080277 1
4595574.9324 5437422.6569  29.2313 0.1847885 1.201804 1
4595574.9181 5437422.9308  28.1000 0.1403726 1.110099 1
4595574.8553 5437423.3373  28.1544 0.1743714 1.150193 1
4595574.7995 5437423.7246  28.0524 0.1902474 1.034456 1
4595574.8802 5437423.5087  26.0352 0.0247693 1.019937 2
4595574.9912 5437423.4533  21.7508 0.0564944 1.065577 1
4595574.8568 5437424.2961  22.0916 0.0460163 0.841250 1
4595574.8820 5437424.2297  21.4527 0.0959649 1.271817 2
4595575.7308 5437421.9977   0.0862 0.2283957 1.057885 3
4595574.7823 5437424.7360  22.4621 0.1163315 1.026799 1
4595574.8112 5437424.6606  21.7259 0.0729396 1.087472 2
4595575.6649 5437422.4293   0.1141 0.0923793 1.124956 3
4595574.7481 5437425.0710  21.8147 0.0931377 1.104596 2
4595574.9020 5437424.6712  17.8704 0.0397575 1.313948 2
4595575.5991 5437422.8604   0.1332 0.1528354 1.075564 3
4595575.5348 5437423.2872   0.1187 0.1833122 1.102018 3
4595575.3439 5437424.5636   0.0977 0.0353567 0.928886 3
4595575.2837 5437424.9803   0.0369 0.0528712 1.259044 3
4595575.2207 5437425.4040   0.0455 0.2292096 1.038725 3
4595575.2913 5437421.8293  29.5688 0.1265539 1.164818 1
4595575.2371 5437422.2110  29.4293 0.1802535 1.165728 1
4595575.2726 5437422.1134  28.5590 0.0308421 1.224198 2
4595575.3100 5437422.0107  27.6425 0.0218176 1.050784 3
4595575.1859 5437422.5850  29.2125 0.1561759 1.052375 1
4595575.2271 5437422.4724  28.1999 0.0591745 1.080213 2
4595575.1749 5437422.8501  27.9969 0.0692820 1.241872 2
4595575.4593 5437422.3191  19.4586 0.0926463 1.235204 1
4595575.0737 5437423.8366  26.0170 0.1233388 1.177557 1
4595575.0313 5437424.1897  25.5797 0.0333452 1.198024 1
4595575.1827 5437423.7878  21.7610 0.1522773 1.081251 2
4595575.2942 5437423.4919  18.9495 0.0526199 1.105955 2
4595574.9631 5437424.6113  25.8041 0.0943827 1.085271 1
4595575.1098 5437424.2243  22.0841 0.0197349 0.824094 2
4595575.1355 5437424.1565  21.4335 0.0276108 0.957508 2
4595575.9832 5437421.9195   0.0933 0.1059026 1.054454 3
4595574.8917 5437425.0422  26.1264 0.0468379 1.220720 1
4595575.0677 5437424.5805  21.6270 0.0339235 1.116544 2
4595575.9180 5437422.3503   0.1011 0.3050932 1.091183 3
4595575.0021 5437424.9977  21.7920 0.0792987 1.052088 1
4595575.1230 5437424.6824  18.6873 0.0855620 1.474176 2
4595575.8538 5437422.7775   0.0883 0.1369830 1.083346 3
4595575.7244 5437423.6354   0.0847 0.0421443 1.186528 3
4595575.5366 5437424.9051   0.0449 0.0947769 1.008804 3
4595575.4740 5437425.3288   0.0511 0.1959119 1.113446 3
4595575.7697 5437421.7474  28.4534 0.1674495 2.074745 1
4595575.6973 5437422.1809  28.7452 0.0266059 1.170251 1
4595575.7451 5437422.0509  27.5885 0.1278275 1.306040 2
4595575.6454 5437422.5580  28.5435 0.1516316 1.338353 1
4595575.5755 5437422.9837  28.7745 0.1613813 1.123014 1
4595575.4765 5437423.4868  29.7207 0.1223725 1.110196 1
4595575.5248 5437423.3578  28.5396 0.0771830 1.378812 3
4595575.4295 5437423.8507  29.4247 0.1996844 1.106707 1
4595575.4704 5437423.7420  28.4118 0.0537773 1.312861 2
4595575.2963 5437424.4422  31.2681 0.1621223 1.072860 1
4595575.3543 5437424.2892  29.8275 0.0451830 1.432938 3
4595575.4542 5437424.2671  25.8680 0.0778718 1.300269 1
4595575.2906 5437424.9380  28.5068 0.0463407 1.628261 1
4595576.4336 5437421.9557  -0.0035 0.1600324 1.018922 3
4595575.3320 5437425.0739  25.9903 0.0846562 1.033015 1
4595576.3654 5437422.3940   0.0770 0.1582654 1.081992 3
4595575.2144 5437425.6232  27.4885 0.0886787 0.983963 1
4595575.2488 5437425.5346  26.6169 0.0783366 1.031608 3
4595576.2345 5437423.2561   0.0953 0.0513228 0.880338 3
4595576.1661 5437423.6944   0.1981 0.2086503 1.059273 3
4595575.9838 5437424.9506   0.0275 0.0737660 1.048720 3
4595575.9198 5437425.3779   0.0692 0.1164188 1.025948 3
4595575.9884 5437422.1724  29.9028 0.0849333 0.900929 1
4595576.0150 5437422.1002  29.2632 0.1206891 2.364884 3
4595576.0085 5437422.3545  27.9675 0.0738685 1.169009 1
4595575.9225 5437422.8232  28.5853 0.1488451 1.243015 0
4595575.8334 5437423.2999  29.2828 0.1430153 1.192204 1
4595575.9413 5437423.0118  26.6593 0.0471230 1.167723 2
4595575.7758 5437423.6924  29.2294 0.1281091 1.145482 1
4595575.8494 5437423.4971  27.4186 0.0423664 1.142362 2
4595575.9636 5437423.1940  24.6310 0.0763081 1.134207 3
4595575.6411 5437424.2880  31.1003 0.0091693 0.654280 1
4595575.6784 5437424.1897  30.1797 0.1727239 1.317657 2
4595575.8441 5437423.7522  26.0826 0.0374569 0.923161 3
4595575.5780 5437424.6934  31.2258 0.1184580 1.047636 1
4595575.6754 5437424.4378  28.7931 0.0670154 1.771885 3
4595575.5855 5437424.9140  29.5967 0.1322897 0.997096 1
4595575.6392 5437424.7740  28.2484 0.0697337 1.293004 3
4595575.5949 5437425.1326  27.9034 0.2115356 1.191508 1
4595575.6782 5437424.9166  25.8019 0.0225528 1.075326 3
4595575.4969 5437425.6295  28.9142 0.1906279 1.031465 0
4595575.3891 5437426.1503  30.1712 0.0258155 0.933710 1
4595575.4479 5437425.9998  28.6824 0.0569770 0.995710 2
4595575.5017 5437425.8621  27.3204 0.0354123 1.018491 3
4595575.4363 5437426.2750  27.4958 0.0357221 1.330118 2
4595576.5051 5437423.5558   0.3326 0.0245081 0.813680 3
4595576.4404 5437423.9839   0.3669 0.0741950 0.950421 3
4595576.1468 5437422.0612  30.0253 0.1548946 1.184329 1
4595576.2801 5437421.6955  26.8015 0.0358339 1.645029 3
4595576.0944 5437422.4389  29.8331 0.1677338 1.514075 0
4595576.0601 5437422.7669  29.2001 0.0681138 1.136191 1
4595576.0928 5437422.6781  28.4026 0.0445829 1.064744 2
4595576.1306 5437422.5757  27.4836 0.0568408 1.510222 3
4595576.0962 5437422.9063  26.8343 0.0784682 1.158141 1
4595575.8916 5437423.6937  30.3852 0.1049507 1.041556 1
4595576.1183 5437423.0857  24.8013 0.0455452 1.031628 3
4595575.8182 5437424.1275  30.7446 0.1596099 1.574849 0
4595575.7434 5437424.5640  31.1477 0.0897347 1.069934 1
4595575.7830 5437424.4590  30.1534 0.0184589 1.224336 3
4595575.6774 5437424.9763  31.3625 0.1495193 1.044976 1
4595575.7492 5437424.7872  29.5485 0.0367200 1.139643 3
4595575.7583 5437425.0040  27.8502 0.1748567 1.144799 1
4595575.8272 5437424.8234  26.1004 0.0663698 1.325497 3
4595575.7616 5437425.2384  26.2827 0.1650329 1.226852 1
4595576.8014 5437422.5302   0.0433 0.0343524 0.942671 3
4595575.5519 5437426.0259  30.1494 0.0243237 0.970960 1
4595575.6106 5437425.8739  28.6498 0.1538994 1.240173 3
4595575.6502 5437426.0163  26.1460 0.0195400 0.875911 3
4595576.5943 5437423.8495   0.3665 0.0974301 0.972912 3
4595576.5216 5437422.0632  28.8077 0.1744351 1.035878 1
4595576.6028 5437421.8417  26.8520 0.0554997 1.312113 3
4595576.4200 5437422.5755  29.8032 0.0338560 1.224499 1
4595576.4759 5437422.4239  28.4523 0.0870451 1.161322 2
4595576.5331 5437422.2688  27.0695 0.0223044 1.023912 2
4595576.6209 5437422.0309  24.9487 0.0296929 1.379885 3
4595576.2780 5437423.1951  31.7886 0.0795664 0.917386 1
4595576.3114 5437423.1049  30.9769 0.0605826 1.075304 2
4595576.3876 5437422.8995  29.1285 0.0341880 1.183632 2
4595576.4270 5437422.7933  28.1733 0.0203773 1.019932 3
4595576.1792 5437423.6966  32.7542 0.0986338 0.992478 1
4595576.2143 5437423.6024  31.8895 0.0569262 1.232065 2
4595576.2423 5437423.5273  31.2005 0.0390835 1.038628 3
4595576.1283 5437424.0690  32.5692 0.1811478 1.099994 1
4595576.2746 5437423.6791  28.9568 0.0445911 1.047308 2
4595576.4393 5437423.2400  24.9120 0.0477993 1.113806 3
4595576.1439 5437424.2662  30.7347 0.2146704 1.323449 0
4595576.0643 5437424.7158  31.2724 0.1382203 1.195743 0
4595576.0400 5437425.0198  30.4388 0.1306055 1.058316 1
4595576.2125 5437424.5680  26.0956 0.0366976 1.252081 3
4595575.9856 5437425.4032  30.3596 0.1041014 1.130457 1
4595576.0708 5437425.1815  28.2064 0.0545101 1.199829 2
4595576.0170 5437425.5644  28.1072 0.0371515 0.927869 1
4595576.0818 5437425.3968  26.4631 0.0599578 1.063752 2
4595576.1590 5437425.1971  24.5048 0.0421136 0.929324 3
4595575.9417 5437426.0038  28.5524 0.1106409 1.054021 0
4595575.8540 5437426.4737  29.3160 0.0444846 1.266642 1
4595575.9024 5437426.3499  28.0786 0.1183173 1.202242 3
4595575.8225 5437426.8000  28.6301 0.0548845 1.155574 2
4595575.8493 5437426.7320  27.9460 0.0477706 1.452277 3
4595576.6243 5437426.0895   0.1068 0.1559353 1.116284 3
4595576.4375 5437427.3583   0.1104 0.0430532 1.002490 3
4595576.9125 5437421.5776  31.3993 0.0482853 1.191795 1
4595576.9851 5437421.6154  28.2428 0.0344649 1.002631 1
4595576.9999 5437421.8129  26.4466 0.1383752 1.309314 1
4595577.0470 5437421.6856  25.3212 0.0700374 1.170323 3
4595576.7539 5437422.7150  30.9022 0.0910490 1.093943 1
4595576.9189 5437422.2705  26.9426 0.1071551 1.093401 2
4595576.9884 5437422.0833  25.2737 0.0246166 1.195562 3
4595576.6124 5437423.3320  32.8576 0.1055322 1.032563 1
4595576.6798 5437423.1515  31.2371 0.0802073 1.558542 3
4595576.5071 5437423.8495  33.9866 0.1735256 1.014367 1
4595576.5369 5437423.7703  33.2609 0.0388786 1.259618 3
4595576.5346 5437424.0140  31.8958 0.0838088 1.093802 1
4595576.5702 5437423.9196  31.0229 0.0734117 1.026495 2
4595576.6468 5437423.7169  29.1497 0.0230197 0.835229 3
4595576.4246 5437424.5436  33.1668 0.2882546 1.114081 0
4595576.3630 5437424.9440  33.2834 0.0827572 1.271633 1
4595576.4580 5437424.6954  30.9183 0.1077212 1.140345 3
4595576.3425 5437425.2380  32.3732 0.1707318 1.055073 0
4595576.2996 5437425.5908  32.0179 0.1949489 1.339781 0
4595576.3375 5437425.7370  29.6263 0.2135509 1.291739 0
4595576.2458 5437426.2166  30.4985 0.0251702 1.080976 1
4595576.2877 5437426.1098  29.4402 0.1078212 1.177678 2
4595576.4256 5437425.7576  25.9471 0.0559918 1.100572 2
4595577.4573 5437423.1238   0.0505 0.0502358 0.974226 3
4595576.2580 5437426.4317  28.7374 0.1165731 1.290746 1
4595576.2960 5437426.3354  27.7741 0.0273715 1.356101 3
4595576.1360 5437426.9872  30.3564 0.1259985 1.150471 1
4595576.3309 5437426.4961  25.4186 0.0544705 0.859748 2
4595576.3527 5437426.4410  24.8612 0.0497874 2.205870 3
4595576.2383 5437427.2306  24.7827 0.0386164 0.967972 3
4595577.1391 5437425.2584   0.0696 0.0821258 1.033187 3
4595577.1328 5437421.4973  31.7234 0.1029022 2.081234 1
4595577.1414 5437421.9431  28.6587 0.0312995 1.094456 1
4595577.2350 5437421.6879  26.4106 0.0695610 1.214736 2
4595576.9846 5437422.6047  30.9819 0.1780772 1.104525 1
4595577.2172 5437421.9749  25.3862 0.0321399 1.020177 3
4595576.8419 5437423.2255  32.9791 0.1301750 1.077588 0
4595576.7116 5437423.8104  34.7088 0.0301585 1.140133 1
4595576.7601 5437423.6807  33.5261 0.0860026 0.940221 3
4595576.6510 5437424.2082  34.7680 0.0937035 0.999071 0
4595576.6208 5437424.5250  34.0864 0.1482528 1.347764 0
4595576.6095 5437424.7921  32.9483 0.2173234 1.153465 0
4595576.5704 5437425.1342  32.4991 0.1480633 2.321804 0
4595576.5368 5437425.4624  31.9080 0.1659541 1.281167 0
4595576.4622 5437425.8978  32.3579 0.0333060 0.952806 1
4595576.5464 5437425.6801  30.2254 0.1434903 1.410891 2
4595577.7514 5437422.5656   0.0798 0.0314526 0.822537 3
4595576.5285 5437425.9701  29.2324 0.1591696 1.157735 1
4595576.7230 5437425.4704  24.2858 0.0331493 1.080250 3
4595576.4687 5437426.3680  29.3021 0.0428672 1.483781 2
4595576.7542 5437425.6394  22.0157 0.0253575 0.930495 2
4595576.3687 5437426.8686  30.3699 0.2422717 1.217074 0
4595576.3217 5437427.2340  30.0907 0.0362138 1.015600 1
4595576.3585 5437427.1410  29.1506 0.1249723 1.007435 2
4595576.3909 5437427.0595  28.3253 0.0458332 1.154098 3
4595576.3966 5437427.2938  26.6900 0.0674524 0.973058 2
4595576.4743 5437427.0994  24.7017 0.0196242 1.000275 3
4595576.4199 5437427.4874  24.5837 0.0351821 1.395719 3
4595577.3655 5437421.4830  31.7540 0.0761902 1.957512 1
4595577.4310 5437421.7732  27.3174 0.1498257 1.126001 1
4595577.4661 5437421.6774  26.4739 0.0404341 2.016804 3
4595577.3144 5437422.3274  28.6826 0.0440274 1.074907 1
4595577.1724 5437422.9491  30.6625 0.1837800 1.100677 0
4595576.9553 5437423.7703  34.4885 0.0745190 1.024239 1
4595577.0081 5437423.6286  33.1998 0.1080853 1.239162 3
4595576.9024 5437424.1472  34.3616 0.2457162 1.149979 0
4595576.8543 5437424.5123  34.1127 0.2020200 1.243887 1
4595576.9806 5437424.1767  30.9974 0.0210056 0.956990 3
4595576.8328 5437424.8068  33.2244 0.1747078 1.112052 1
4595576.9960 5437424.3759  29.1640 0.0253812 0.996106 3
4595576.7947 5437425.1460  32.7460 0.0647853 0.932885 1
4595576.8252 5437425.0659  31.9814 0.0955568 1.671980 3
4595576.8403 5437425.2672  30.1628 0.1572965 1.613589 0
4595576.7033 5437425.8660  32.1849 0.1251266 1.001538 1
4595576.7309 5437425.7944  31.4837 0.0824671 2.063541 3
4595576.6715 5437426.1905  31.5527 0.1804437 1.078596 1
4595576.7219 5437426.0606  30.2682 0.0510696 1.321867 3
4595576.6662 5437426.4481  30.2387 0.1975447 1.262012 0
4595576.6088 5437426.8400  30.2360 0.2125009 1.365788 0
4595576.5422 5437427.2550  30.4616 0.0932670 1.036337 1
4595576.6232 5437427.0502  28.3868 0.0637682 1.078512 3
4595576.5074 5437427.5899  29.8699 0.1231800 1.115533 1
4595576.5672 5437427.4397  28.3344 0.0820384 2.005638 3
4595576.6619 5437427.4533  24.3941 0.0759777 1.039154 3
4595577.5388 5437425.5333   0.0712 0.0412140 0.999623 3
4595577.7393 5437421.5734  27.9028 0.1254411 1.076944 1
4595577.6333 5437422.1001  29.0229 0.0225824 0.854005 1
4595577.4310 5437422.8862  32.4696 0.1946930 1.055374 0
4595577.3863 5437423.2428  32.1111 0.2331409 1.310876 0
4595577.2736 5437423.7821  33.4138 0.1424047 1.063930 1
4595577.3041 5437423.7005  32.6706 0.0280274 1.088213 3
4595577.2057 5437424.2001  33.6478 0.0850882 1.254171 1
4595577.2936 5437423.9659  31.4943 0.0513888 1.173593 3
4595577.1622 5437424.5539  33.2848 0.0918253 1.050596 1
4595577.2062 5437424.4373  32.1976 0.0409608 1.252887 2
4595577.2542 5437424.3101  31.0159 0.0243871 1.089993 2
4595577.2789 5437424.2447  30.4079 0.0193120 1.019055 3
4595577.1656 5437424.7840  31.7726 0.1876468 1.326878 0
4595577.0853 5437425.2353  32.3442 0.1262557 1.188204 1
4595577.1278 5437425.1240  31.2798 0.0612383 1.182805 3
4595577.0235 5437425.6378  32.4649 0.1969803 1.201600 1
4595577.0895 5437425.4659  30.7973 0.0484747 2.057773 3
4595577.0086 5437425.9182  31.4134 0.1857896 1.128291 1
4595578.2592 5437422.6846   0.0507 0.0430139 1.180374 3
4595576.9510 5437426.3106  31.4360 0.1365787 1.189350 1
4595576.9985 5437426.1884  30.2253 0.0637514 1.470683 2
4595577.0735 5437425.9957  28.3152 0.0339109 1.330097 3
4595576.9404 5437426.5825  30.2576 0.0544365 1.116643 1
4595577.0956 5437426.1863  26.2928 0.0929285 1.137751 2
4595577.1898 5437425.9456  23.8837 0.0363000 1.241252 3
4595577.0302 5437426.6013  26.4954 0.1041687 1.034431 1
4595577.6370 5437425.0620  10.9679 0.0331307 1.165580 3
4595576.8608 5437427.2781  29.3564 0.0918842 1.171127 1
4595576.9154 5437427.1407  27.9587 0.0484867 1.136322 2
4595576.9797 5437426.9785  26.3073 0.0346971 1.577325 3
4595576.7757 5437427.7400  30.0617 0.2011703 1.567444 1
4595576.8977 5437427.4345  26.9298 0.0241941 0.977727 3
4595576.8333 5437427.8467  27.0852 0.0300325 0.982011 2
4595577.0893 5437427.2100  20.4822 0.0215227 0.807214 3
4595577.0054 5437427.6741  21.1288 0.0648547 1.365157 3
4595577.9116 5437422.0121  28.7569 0.0596151 1.225209 1
4595578.0404 5437421.6603  25.6400 0.1054504 1.028357 2
4595578.1298 5437421.4163  23.4772 0.0295513 1.329328 3
4595577.6997 5437422.8250  32.4516 0.1858520 1.400256 0
4595577.5819 5437423.3794  33.8747 0.1668866 1.086246 0
4595577.5408 5437423.7257  33.4464 0.0696703 1.289704 1
4595577.5869 5437423.6020  32.3235 0.0598913 1.253569 2
4595577.9320 5437422.6752  23.9190 0.0534241 1.035500 3
4595577.5034 5437424.0622  32.9320 0.0914365 1.555133 1
4595577.5581 5437423.9162  31.5927 0.1002035 1.041970 3
4595577.5462 5437424.1875  30.4406 0.0428028 1.258880 1
4595577.6351 5437423.9515  28.2551 0.0440524 1.279853 2
4595577.6855 5437423.8177  27.0165 0.0305398 1.160162 2
4595577.7275 5437423.7061  25.9843 0.0526361 1.482669 2
4595577.4809 5437424.6004  30.6031 0.0734899 1.440573 1
4595577.5294 5437424.4726  29.4018 0.0305027 1.115466 2
4595577.6633 5437424.1193  26.0975 0.0340729 1.020023 3
4595577.3135 5437425.2809  33.3443 0.1519153 1.368703 0
4595577.2460 5437425.6975  33.6140 0.0433343 0.935333 1
4595577.2803 5437425.6080  32.7464 0.0985573 1.087704 2
4595577.3772 5437425.3554  30.3084 0.0302051 0.975958 3
4595577.2890 5437425.8274  31.0970 0.1194915 1.021020 1
4595577.3315 5437425.7172  30.0187 0.0828882 1.145534 2
4595577.4325 5437425.4555  27.4617 0.0477434 1.336911 3
4595577.2212 5437426.2464  31.3813 0.1537515 1.191296 1
4595577.2790 5437426.0975  29.9095 0.0268472 1.352279 3
4595577.2826 5437426.3335  28.3699 0.1286798 1.079151 1
4595577.1767 5437426.8503  29.6179 0.1237975 1.016437 1
4595577.3029 5437426.5294  26.3867 0.1164302 1.168304 3
4595577.2609 5437426.8853  25.9886 0.1308509 1.978767 1
4595577.3075 5437426.7673  24.7886 0.0333479 0.805165 3
4595577.0515 5437427.6620  29.8853 0.0702342 1.030487 1
4595577.1253 5437427.4769  27.9936 0.1178422 1.057513 3
4595577.0650 5437427.8780  28.0518 0.0541787 1.124498 1
4595577.1122 5437427.7603  26.8365 0.0561534 1.084136 2
4595577.3583 5437427.1466  20.4808 0.0778414 1.262320 2
4595577.4321 5437426.9626  18.5689 0.0530659 1.116745 3
4595578.0836 5437425.6066   0.0899 0.0822641 1.091930 3
4595578.3165 5437421.5133  25.0889 0.1886259 1.183735 0
4595577.9663 5437422.7069  32.1579 0.1571954 1.566000 1
4595578.0701 5437422.4239  29.6392 0.0276891 1.035455 3
4595577.8684 5437423.2086  33.1059 0.1841955 1.171901 0
4595577.8198 5437423.5756  32.8581 0.1286916 1.886740 0
4595577.7769 5437423.9273  32.4753 0.2235823 1.654782 0
4595577.7089 5437424.3472  32.7048 0.1712038 1.552654 1
4595577.8721 5437423.9123  28.6916 0.0368237 1.029346 3
4595577.6624 5437424.7094  32.4220 0.0288495 0.877341 1
4595577.7049 5437424.5968  31.3655 0.1076614 1.951671 3
4595578.0097 5437424.0342  22.3530 0.1191663 1.310931 0
4595577.5082 5437425.5946  33.4098 0.2026690 1.284574 0
4595577.5063 5437425.8403  32.0339 0.0183372 0.936899 1
4595577.5506 5437425.7250  30.9093 0.0364293 1.113633 2
4595577.5935 5437425.6134  29.8206 0.0851835 1.124857 3
4595577.4667 5437426.1855  31.6053 0.0641220 1.151148 1
4595577.5654 5437425.9305  29.0928 0.0643721 1.101598 2
4595577.6007 5437425.8393  28.1943 0.0340105 1.258664 3
4595577.7269 5437425.7617  23.5104 0.0846050 2.174448 1
4595577.7833 5437425.6166  22.0676 0.0373366 0.831954 2
4595578.6521 5437423.3847   0.1182 0.0381761 1.009729 3
4595577.4125 5437426.8140  30.0979 0.2258787 1.228514 0
4595577.3587 5437427.1974  30.0206 0.2104425 1.440713 0
4595577.2995 5437427.5949  30.0715 0.1209208 1.041172 1
4595577.3294 5437427.5195  29.3033 0.0521438 1.171009 2
4595577.4270 5437427.2736  26.7862 0.0214561 1.090685 3
4595578.4008 5437425.0871   0.0752 0.0478861 1.038765 3
4595578.4089 5437422.0949  30.1952 0.1588334 1.052795 1
4595578.6394 5437421.4643  24.6022 0.0561179 1.200368 3
4595578.2901 5437422.6550  31.6583 0.0856166 1.049749 1
4595578.3319 5437422.5411  30.6434 0.1334056 1.014656 3
4595578.2683 5437422.9506  30.7662 0.1395967 1.394953 1
4595578.4968 5437422.3324  25.2056 0.0302393 1.096302 3
4595578.1719 5437423.4482  31.6868 0.0194731 0.832709 1
4595578.1952 5437423.3854  31.1180 0.0661069 1.778535 2
4595578.2394 5437423.2665  30.0413 0.0241162 0.963148 2
4595578.1733 5437423.6825  30.2199 0.1821077 1.207569 1
4595578.2074 5437423.5912  29.3877 0.0481699 1.039086 2
4595578.3998 5437423.0766  24.6824 0.0204304 0.990526 3
4595577.9946 5437424.3984  33.1515 0.2464843 1.104250 0
4595577.9325 5437424.8016  33.2556 0.2056134 1.927446 0
4595577.8698 5437425.2064  33.3841 0.2180256 1.396056 0
4595577.8296 5437425.5522  32.9576 0.0839825 0.988426 1
4595577.8590 5437425.4754  32.2190 0.0311631 1.104853 2
4595577.9249 5437425.3033  30.5728 0.0690345 1.818181 3
4595577.7915 5437425.8932  32.5015 0.1227703 1.487252 1
4595577.8902 5437425.6370  30.0043 0.0231851 1.103580 2
4595577.9264 5437425.5430  29.0884 0.0383210 1.096430 2
4595577.9963 5437425.3614  27.3317 0.0374248 1.365918 3
4595577.7576 5437426.2239  31.9340 0.1552435 1.118296 1
4595577.8839 5437425.8978  28.7247 0.0318782 1.034742 2
4595577.9232 5437425.7965  27.7277 0.0173291 0.850841 3
4595577.7523 5437426.4817  30.6306 0.1531052 1.100403 1
4595577.7832 5437426.4025  29.8428 0.0421716 1.519656 3
4595577.6744 5437426.9261  31.1794 0.2936506 1.089998 0
4595577.6437 5437427.2506  30.5172 0.1474531 1.078482 1
4595577.6758 5437427.1694  29.6929 0.0600305 1.086904 2
4595577.8883 5437426.6313  24.2339 0.0228352 0.996838 3
4595577.6723 5437427.4271  28.3162 0.0186188 0.892768 1
4595577.7342 5437427.2716  26.7217 0.0847691 0.985358 2
4595577.8669 5437426.9377  23.2986 0.0216598 0.922402 3
4595577.5114 5437428.0798  30.9781 0.0979888 1.057631 1
4595577.6850 5437427.6459  26.5060 0.0258528 0.949039 2
4595577.9944 5437426.8729  18.5059 0.0314008 1.092450 3
4595577.8373 5437427.5207  21.0688 0.0315195 1.002733 3
4595578.6891 5437422.1236  30.1426 0.0858714 1.098616 1
4595578.9156 5437421.5043  24.6352 0.0909301 1.183521 2
4595578.5577 5437422.7178  31.9272 0.0762631 1.156631 1
4595578.6199 5437422.5486  30.4130 0.1294473 1.316671 3
4595578.5042 5437423.0985  31.8208 0.0780486 1.088761 1
4595578.5451 5437422.9880  30.8220 0.0605810 1.734724 2
4595578.6127 5437422.8051  29.1685 0.0810739 1.128013 3
4595578.5470 5437423.2210  29.3508 0.1387277 1.346542 1
4595578.3806 5437423.9059  31.9756 0.0465360 0.981270 1
4595578.2642 5437424.4545  33.3857 0.0267176 0.870247 1
4595578.2948 5437424.3731  32.6362 0.1372457 1.029710 2
4595578.4887 5437423.8578  27.8911 0.0290627 1.322809 3
4595578.1711 5437424.9393  34.2614 0.2198232 1.140446 0
4595578.1318 5437425.2818  33.8079 0.1758750 1.269743 0
4595578.0852 5437425.6445  33.5469 0.1337033 1.201996 0
4595578.0779 5437425.9043  32.3135 0.1737894 1.203371 1
4595578.1297 5437425.7701  31.0055 0.0391827 1.424135 3
4595578.0456 5437426.2314  31.7034 0.1010732 1.020306 1
4595578.0750 5437426.1557  30.9577 0.1034007 2.101928 3
4595578.0229 5437426.5341  30.8442 0.2643156 1.133726 0
4595577.9548 5437426.9537  31.1375 0.2174943 1.212519 0
4595577.9349 5437427.2504  30.1980 0.1851905 1.934467 0
4595577.8674 5437427.6683  30.4681 0.0452720 1.059886 1
4595578.0958 5437427.0945  24.5951 0.0251123 1.220452 2
4595578.1503 5437426.9574  23.1915 0.0311691 0.981165 3
4595577.9678 5437427.6673  26.4057 0.0947932 1.049952 1
4595578.9828 5437425.1329   0.1882 0.0619953 1.309551 3
4595578.9272 5437425.5400   0.0236 0.0815551 1.114801 3
4595579.1336 5437421.4188  24.5059 0.1229803 1.662340 0
4595578.7740 5437422.6412  31.8746 0.1593317 1.027277 1
4595578.8082 5437422.5477  31.0397 0.0451483 2.005982 3
4595578.7646 5437422.9028  30.6870 0.1522805 1.283025 0
4595578.7074 5437423.2950  30.6617 0.0167553 0.836836 1
4595578.7585 5437423.1569  29.4048 0.1304596 1.287652 2
4595578.5957 5437423.8335  31.9783 0.1761823 1.086543 1
4595578.6832 5437423.5980  29.8246 0.0666336 1.179969 2
4595578.5074 5437424.3081  32.7121 0.2292555 1.090543 0
4595578.3891 5437424.8614  34.2012 0.1358547 1.051425 1
4595578.4599 5437424.6730  32.4451 0.0307924 1.012326 2
4595578.5373 5437424.4673  30.5251 0.0340783 1.115792 3
4595578.3565 5437425.1861  33.5768 0.2313966 1.275817 0
4595578.2926 5437425.5938  33.7427 0.1771598 1.131947 0
4595578.2771 5437425.8745  32.7165 0.2402629 1.547815 0
4595578.3004 5437426.0566  30.6898 0.1317753 1.235721 1
4595578.3437 5437425.9441  29.5865 0.0412788 1.487252 3
4595578.2392 5437426.4583  30.8121 0.1623896 1.240732 1
4595578.2843 5437426.3420  29.6589 0.0345608 1.724828 3
4595578.1653 5437426.8929  31.2537 0.2257488 1.080269 1
4595578.2946 5437426.5617  27.9412 0.0213894 1.047346 3
4595578.1531 5437427.1700  30.1125 0.1971440 1.243845 1
4595578.2294 5437426.9758  28.1498 0.0273331 1.068444 3
4595578.0824 5437427.5968  30.4680 0.1462367 1.101310 1
4595578.1726 5437427.3687  28.1409 0.0333092 1.010733 3
4595578.1169 5437427.7585  28.0957 0.0632314 1.115207 1
4595578.1827 5437427.5932  26.3960 0.0658594 1.005944 2
4595579.1957 5437425.0476   0.1323 0.0624420 1.105655 3
4595578.0884 5437428.0803  27.3378 0.0400577 1.110602 1
4595579.1401 5437425.4555  -0.0269 0.0905728 1.034117 3
4595579.0785 5437425.8780  -0.0068 0.0298277 1.010813 3
4595579.1942 5437421.4585  31.6172 0.0617314 1.071802 1
4595579.2309 5437421.5905  29.3198 0.0509349 1.166477 1
4595579.4086 5437421.3365  23.5555 0.1119091 1.132076 1
4595579.0498 5437422.5597  30.9364 0.0822576 1.183622 1
4595578.9831 5437422.9779  31.1490 0.1387399 1.079469 1
4595579.0227 5437422.8699  30.1771 0.0629777 1.217817 3
4595578.9206 5437423.3848  31.2620 0.1234120 1.127563 1
4595578.8072 5437423.9280  32.6228 0.2426694 1.139148 0
4595578.7619 5437424.2875  32.2997 0.2103212 1.471949 0
4595578.7071 5437424.6725  32.2247 0.1831464 1.398086 0
4595578.5994 5437425.1976  33.4822 0.0406238 1.040163 1
4595578.7184 5437424.8823  30.5026 0.0842953 1.125657 3
4595578.6083 5437425.4139  31.8168 0.0993239 0.949380 1
4595578.6524 5437425.2979  30.7109 0.1067889 1.314175 3
4595578.5242 5437425.8755  32.5216 0.2273380 1.133482 0
4595578.5277 5437426.1093  31.0021 0.0446522 1.036108 1
4595578.5594 5437426.0268  30.1927 0.0766224 1.099796 2
4595578.5895 5437425.9486  29.4252 0.0758462 1.211585 3
4595578.4911 5437426.4479  30.4958 0.2016720 1.116042 1
4595578.5870 5437426.2000  28.0401 0.0208243 0.969028 3
4595578.4835 5437426.7126  29.2404 0.1606757 1.083935 1
4595578.5402 5437426.5671  27.7875 0.0283153 1.110153 2
4595578.7155 5437426.1169  23.2825 0.0334568 1.068377 3
4595578.3916 5437427.1942  30.1428 0.0481571 0.985725 1
4595578.4235 5437427.1129  29.3226 0.1183403 1.126844 2
4595578.4803 5437426.9680  27.8589 0.0359561 1.735878 3
4595578.5743 5437426.9786  23.9528 0.0352709 1.086761 1
4595578.6296 5437426.8385  22.5246 0.0293068 1.151500 2
4595579.4970 5437424.6398   0.0716 0.0748972 1.151709 3
4595578.2965 5437427.9312  29.6530 0.1564071 1.144191 0
4595579.3752 5437425.4823   0.0497 0.0361061 0.973350 3
4595579.6178 5437421.3014  26.6484 0.1005078 1.385986 1
4595579.6756 5437421.3799  23.8226 0.0316717 0.894840 1
4595579.3024 5437422.6423  31.5259 0.0395908 1.113210 1
4595579.3881 5437422.4075  29.4283 0.0235281 1.061625 2
4595579.3024 5437422.8782  30.1054 0.0459767 1.161982 1
4595579.4021 5437422.6064  27.6592 0.0597644 1.076557 2
4595579.2852 5437423.1622  29.1013 0.0443012 1.099452 1
4595579.4747 5437422.6486  24.4366 0.1210180 1.112659 2
4595579.0773 5437423.9614  32.7843 0.1244302 1.013610 1
4595579.1450 5437423.7789  31.1159 0.0428589 1.214427 2
4595579.0293 5437424.3280  32.5290 0.0494682 1.293646 1
4595579.1773 5437423.9316  28.8712 0.0598959 1.055197 3
4595578.9819 5437424.6931  32.2776 0.0674731 1.036852 1
4595579.0368 5437424.5468  30.9032 0.0756555 1.255804 2
4595578.9679 5437424.9698  31.1960 0.0343691 1.096056 1
4595579.0175 5437424.8385  29.9520 0.1587696 1.201983 2
4595578.9183 5437425.3415  31.0011 0.0898180 1.243939 1
4595578.9713 5437425.2020  29.6685 0.0256878 1.247837 2
4595579.1140 5437424.8266  26.0760 0.0445256 1.061185 2
4595579.1985 5437424.6041  23.9429 0.0258081 0.836275 3
4595578.8361 5437425.7990  31.6537 0.2093675 1.474406 0
4595578.7816 5437426.1835  31.6149 0.1312285 1.063439 0
4595578.7773 5437426.4379  30.2911 0.1252816 1.088163 1
4595578.8171 5437426.3350  29.2716 0.0294675 1.039128 2
4595578.8780 5437426.1778  27.7137 0.0521830 1.778269 3
4595578.7664 5437426.7114  29.1172 0.1206962 1.106466 1
4595578.8224 5437426.5677  27.6844 0.0593843 1.159703 2
4595579.9053 5437423.7874   0.0166 0.0311121 0.982469 3
4595578.7616 5437426.9713  27.7720 0.1185797 1.161254 1
4595578.7978 5437426.8789  26.8408 0.0268649 1.014829 3
4595578.6980 5437427.3810  27.9392 0.0551063 1.038819 1
4595578.7390 5437427.2773  26.8821 0.0389628 1.151846 2
4595579.7732 5437424.6562   0.1574 0.1390956 1.093236 3
4595579.2762 5437426.1757  11.4673 0.1020735 1.007193 1
4595579.6789 5437425.1617   1.0029 0.0213516 0.962029 2
4595579.7127 5437425.0767   0.1310 0.2277765 1.071211 3
4595579.6410 5437421.4600  31.6670 0.0292308 0.930086 1
4595579.4752 5437422.6192  31.5031 0.1587002 1.067964 0
4595579.4755 5437422.8529  30.0694 0.0987213 1.189109 1
4595579.5765 5437422.5756  27.5858 0.0429507 1.054903 2
4595579.4578 5437423.1380  29.0647 0.0934153 1.187370 1
4595579.6455 5437422.6256  24.4339 0.0909325 1.077024 3
4595579.3001 5437423.8040  31.5267 0.1100502 1.090229 1
4595579.3602 5437423.6408  30.0369 0.0516996 1.592400 3
4595579.2248 5437424.2447  31.9482 0.0614389 1.061931 1
4595579.3435 5437423.9242  28.9945 0.1554040 2.072882 2
4595579.2102 5437424.5215  30.8574 0.1253294 1.108122 1
4595579.1935 5437424.8055  29.8383 0.1099977 1.141096 1
4595579.4016 5437424.2504  24.5936 0.0219875 0.832100 3
4595579.0876 5437425.3275  31.0719 0.1430345 1.547422 1
4595579.2837 5437424.8074  26.0975 0.0256312 1.064310 3
4595579.0033 5437425.7902  31.7855 0.2685290 1.221077 0
4595578.9528 5437426.1645  31.6429 0.0527050 1.117111 1
4595579.0123 5437426.0087  30.1150 0.1033076 1.496346 2
4595579.1259 5437425.7110  27.1935 0.0487773 1.000779 3
4595578.9452 5437426.4269  30.3961 0.1730311 1.039755 1
4595578.9892 5437426.3122  29.2606 0.0308434 1.207269 3
4595578.9371 5437426.6921  29.1407 0.1664938 1.121481 1
4595578.9941 5437426.5448  27.6751 0.0601148 1.485069 3
4595578.9330 5437426.9487  27.7706 0.2233614 1.248251 0
4595578.8676 5437427.3633  27.9838 0.0851636 1.223777 1
4595578.9136 5437427.2457  26.7889 0.0265763 1.082786 2
4595579.9378 5437424.6295   0.1657 0.1177542 1.021510 3
4595579.4424 5437426.1536  11.4949 0.1094142 1.064913 1
4595579.8424 5437425.1386   1.0478 0.0347654 0.980865 2
4595579.8780 5437425.0482   0.1218 0.1674588 1.120492 3
4595579.7722 5437421.9491  29.0283 0.0434285 1.103633 1
4595579.6098 5437422.6358  31.6180 0.1181681 1.133384 1
4595579.6415 5437422.7814  29.4016 0.1321705 1.117201 1
4595579.7134 5437422.5823  27.6187 0.0371106 1.164754 2
4595579.8610 5437422.1735  23.9487 0.0435711 1.542703 2
4595579.5901 5437423.1590  29.2313 0.0578243 1.227830 1
4595579.4457 5437423.7920  31.3685 0.1155072 1.326674 1
4595579.5068 5437423.6246  29.8438 0.0666725 2.382835 3
4595579.3626 5437424.2550  31.9943 0.0640048 1.068642 1
4595579.3510 5437424.5229  30.8278 0.1019088 1.178076 1
4595579.3991 5437424.3927  29.6151 0.0389435 1.014972 2
4595579.4785 5437424.1775  27.6146 0.0244696 1.173022 3
4595579.2832 5437424.9439  31.1104 0.1006605 1.120595 1
4595579.3416 5437424.7868  29.6211 0.0969670 1.201128 3
4595579.1992 5437425.4085  31.8039 0.0901351 0.959068 1
4595579.2304 5437425.3249  31.0057 0.1174897 1.172989 3
4595579.1353 5437425.8180  32.0139 0.1478058 1.100773 1
4595579.2027 5437425.6387  30.2723 0.0792099 1.331660 3
4595579.1481 5437426.0251  30.2377 0.1713099 1.138789 1
4595579.2612 5437425.7259  27.3021 0.0616538 1.562886 3
4595579.0877 5437426.4264  30.3537 0.0460956 1.108728 1
4595579.1350 5437426.3022  29.1233 0.1192573 1.161896 3
4595579.0795 5437426.6908  29.0965 0.1227460 1.066772 1
4595579.0233 5437427.0819  29.0757 0.1583203 0.970890 1
4595579.0533 5437427.0040  28.2932 0.0123071 0.662567 3
4595579.0372 5437427.2927  27.2189 0.1302669 1.429878 0
4595578.9884 5437427.6659  26.9894 0.0743985 1.128150 1
4595578.8524 5437428.2613  29.0475 0.0664728 1.360574 1
4595578.9335 5437428.0550  26.9133 0.0548308 1.221544 2
4595579.9509 5437425.4660   0.0629 0.0596286 1.151016 3
4595579.8293 5437426.3090   0.0845 0.1592243 1.079762 3
4595579.7663 5437426.7355   0.1382 0.0446757 0.977709 3
4595579.9442 5437422.8008  28.3126 0.0701475 1.169340 1
4595579.8292 5437423.3545  29.7334 0.0862685 1.126538 1
4595579.7207 5437424.1254  29.5080 0.1071760 1.150324 1
4595579.7957 5437423.9214  27.6401 0.0310636 1.105407 2
4595579.9360 5437423.5400  24.1499 0.0806840 1.059371 2
4595579.6503 5437424.5541  29.8057 0.1301310 1.062086 1
4595579.5576 5437425.0426  30.7175 0.2047118 1.114943 1
4595579.7717 5437424.4675  25.2736 0.0248554 1.184684 3
4595579.5019 5437425.4314  30.6922 0.1704981 1.041912 1
4595579.7799 5437424.6890  23.5931 0.0301671 1.129764 3
4595579.4448 5437425.8242  30.7252 0.1890236 1.205413 0
4595579.3918 5437426.2057  30.6575 0.2282768 1.105353 0
4595579.3553 5437426.5439  30.1580 0.2398523 1.882748 0
4595579.3688 5437426.7528  28.3321 0.0723750 1.318576 1
4595579.4152 5437426.6319  27.1285 0.1072596 1.533882 2
4595579.3606 5437427.0199  27.0537 0.1560930 1.107004 1
4595579.3918 5437426.9392  26.2414 0.0660872 1.087987 2
4595579.2729 5437427.4936  27.8505 0.1419889 1.557359 1
4595579.3198 5437427.3728  26.6213 0.0569570 1.077325 3
4595579.1986 5437427.9317  28.2820 0.0556300 1.090125 1
4595579.2561 5437427.7848  26.7768 0.0511206 1.422577 2
4595579.1952 5437428.1897  26.8504 0.0867284 1.090317 1
4595579.9673 5437424.1609  29.7450 0.2503509 1.761164 1
4595579.9020 5437424.5760  29.9137 0.1896295 1.174499 0
4595579.8784 5437424.8783  29.0719 0.0650042 1.157887 1
4595579.9356 5437424.7244  27.6148 0.0625208 1.106587 2
4595579.7549 5437425.4495  30.7712 0.1374539 1.070342 1
4595579.8137 5437425.2923  29.2686 0.0537085 1.446003 2
4595579.7124 5437425.8030  30.4261 0.1279504 1.014121 1
4595579.7444 5437425.7180  29.6011 0.0464842 1.367773 2
4595579.7868 5437425.6052  28.5060 0.0260500 0.949131 2
4595579.8895 5437425.3322  25.8642 0.0238452 1.041173 2
4595579.6801 5437426.1299  29.8171 0.0914510 1.008278 1
4595579.7410 5437425.9691  28.2394 0.1228224 1.692808 2
4595579.8107 5437425.7851  26.4346 0.0356664 0.963957 3
4595579.5961 5437426.5930  30.5449 0.2823215 1.090643 0
4595579.6040 5437426.8158  28.8618 0.1682525 1.099179 1
4595579.6408 5437426.7198  27.9091 0.0441291 1.133931 2
4595579.5933 5437427.0893  27.6471 0.0725274 1.118606 1
4595579.6253 5437427.0064  26.8160 0.0902379 0.953705 2
4595579.5181 5437427.5300  28.1132 0.0513705 1.020601 1
4595579.5813 5437427.3670  26.4630 0.0894789 1.034787 2
4595579.4754 5437427.8874  27.7092 0.1055352 1.077283 1
4595579.9380 5437425.6275  29.4997 0.0290564 1.054582 1
4595579.9731 5437425.5334  28.5893 0.0757671 1.057254 2
4595579.8705 5437426.0487  29.8040 0.1295978 1.113955 1
4595579.9155 5437425.9289  28.6316 0.0353690 1.339428 2
4595579.9501 5437425.8367  27.7305 0.0185940 0.889890 2
4595579.7907 5437426.5019  30.4301 0.1973150 1.074993 1
4595579.9431 5437426.0986  26.4461 0.0341214 1.077048 3
4595579.7861 5437426.7568  29.0671 0.2453989 1.237496 0
4595579.7286 5437427.1511  29.0776 0.0255834 0.829941 1
4595579.7596 5437427.0702  28.2682 0.1855687 1.137922 2
4595579.7889 5437426.9935  27.5016 0.0263831 0.902948 3
4595579.7246 5437427.4073  27.6806 0.0998776 1.186291 1
4595579.6664 5437427.8047  27.6893 0.0877751 0.987061 1
4595579.7041 5437427.7074  26.7000 0.0857632 1.132569 2
4595579.6371 5437428.1276  26.9357 0.0430772 1.165816 1
4595579.9594 5437428.0563  26.6276 0.1603093 1.060345 1
4595579.7302 5437428.0756   0.0373 0.1699948 0.998917 3
4595579.7387 5437427.5935   0.1585 0.0532202 1.039567 3
4595579.7376 5437427.1331   0.1266 0.2248670 1.141915 0
4595579.7362 5437426.6721   0.0868 0.1510329 1.116777 3
4595579.7354 5437426.2105   0.0302 0.1102653 1.085865 0
4595579.7380 5437425.7420   0.0062 0.1714871 1.057513 3
4595579.7423 5437425.2710   0.0197 0.1376028 1.031318 3
4595579.7490 5437424.7944   0.0836 0.0446332 1.170439 3
4595579.7467 5437424.3359   0.0402 0.2083371 1.035112 3
4595579.7447 5437423.8779   0.0393 0.1715196 1.091077 3
4595579.7434 5437423.4193   0.0424 0.0999911 1.034373 3
4595579.7428 5437422.9586   0.0351 0.2528410 1.158127 3
4595579.7437 5437422.4947   0.0502 0.1938620 1.086611 3
4595579.7487 5437422.0224   0.1129 0.1991986 1.048997 3
4595579.7475 5437421.5633   0.0873 0.3061613 1.082660 3
4595579.2008 5437428.1220   0.1790 0.1217894 1.062119 3
4595579.1974 5437427.6672   0.1165 0.0755571 1.067983 3
4595579.1969 5437427.2064   0.0813 0.2760235 1.070727 3
4595579.1966 5437426.7452   0.0428 0.4268198 1.031673 3
4595579.1960 5437426.2855  -0.0148 0.0958850 1.102895 3
4595579.2036 5437425.8072   0.0248 0.2221327 1.099547 3
4595579.2147 5437425.3229   0.1273 0.1542138 1.078747 3
4595579.2164 5437424.8583   0.1227 0.0941786 1.029400 3
4595579.2187 5437424.3936   0.1359 0.2193789 1.144020 0
4595579.2140 5437423.9424   0.0847 0.1908620 1.047541 3
4595579.2107 5437423.4877   0.0525 0.6030833 1.082630 0
4595579.2111 5437423.0271   0.0587 0.2084477 1.091193 3
4595579.2117 5437422.5649   0.0670 0.1626914 1.003565 3
4595579.2128 5437422.1032   0.0682 0.2260740 1.068148 3
4595579.2618 5437421.5466   0.7473 0.0555069 0.949339 2
4595579.2231 5437421.6227   0.1990 0.0579125 1.514870 3
4595578.7263 5437428.0408   0.1627 0.0533599 1.076538 3
4595578.7273 5437427.5758   0.1469 0.0940351 1.026777 3
4595579.8399 5437424.7337  15.7777 0.0784997 1.188050 1
4595579.4820 5437425.4994  10.7028 0.0526909 1.320652 2
4595578.7300 5437427.1083   0.1412 0.1099444 1.015823 3
4595578.7269 5437426.6534   0.0506 0.0398611 0.948734 3
4595578.7295 5437426.1863   0.0301 0.2133310 1.100450 3
4595578.7339 5437425.7164   0.0289 0.1587009 1.053065 3
4595578.7464 5437424.3076   0.1464 0.0808807 1.090998 3
4595578.7408 5437423.8574   0.0775 0.1948459 1.089107 3
4595578.7411 5437423.3969   0.0882 0.1374187 1.073633 3
4595578.7389 5437422.9408   0.0506 0.0802948 1.092873 3
4595578.7416 5437422.4742   0.0818 0.0363729 1.065885 3
4595578.7430 5437422.0122   0.0884 0.1134656 0.996583 3
4595578.7419 5437421.5542   0.0610 0.4125912 1.046824 0
4595579.8972 5437428.2370  26.8597 0.1407836 1.084637 1
4595579.8858 5437427.8297  26.6756 0.0667513 1.330591 3
4595579.9536 5437427.2424  27.6033 0.0328688 1.262444 3
4595579.8259 5437424.4939  25.4313 0.0394925 1.124752 3
4595579.7635 5437424.1947  24.5488 0.0328313 1.121064 2
4595578.0139 5437427.9443   0.1334 0.1724948 1.052091 3
4595579.7673 5437423.7516  24.6104 0.0476054 1.255426 3
4595579.7513 5437423.3512  24.3801 0.0765963 1.208384 1
4595579.3186 5437424.2653  18.2333 0.0192225 0.555520 2
4595578.0138 5437427.0218   0.0322 0.0611797 1.182511 3
4595579.9698 5437422.4592  27.4438 0.0399913 1.015545 1
4595579.7140 5437422.9957  23.8351 0.0503110 1.131041 2
4595579.1201 5437424.2414  15.4365 0.0577822 1.296602 2
4595578.8424 5437424.8237  11.5400 0.0676073 1.345977 3
4595579.9006 5437422.1717  26.4451 0.0321947 1.180417 2
4595579.7522 5437422.4807  24.3562 0.0542066 1.136789 2
4595579.7374 5437422.0773  24.1205 0.0362624 1.174745 2
4595578.0293 5437425.6075   0.0609 0.0597864 1.081848 3
4595578.0311 5437425.1437   0.0533 0.2342563 1.056613 3
4595578.0324 5437424.6809   0.0493 0.1615375 1.081357 0
4595578.0329 5437424.2207   0.0476 0.1011930 1.067849 3
4595578.0327 5437423.7604   0.0456 0.2315807 1.051651 3
4595578.0320 5437423.3021   0.0349 0.3122686 1.048317 0
4595578.0309 5437422.8445   0.0195 0.4173826 1.035583 3
4595578.0287 5437422.3901  -0.0143 0.5927008 1.073863 0
4595578.0276 5437421.9320  -0.0351 0.5428747 1.046606 0
4595579.3279 5437427.8079  28.2159 0.0373082 1.185272 1
4595579.2287 5437428.0325  26.8376 0.0572106 1.167356 2
4595579.2973 5437427.4472  27.7578 0.1966341 1.782108 0
4595579.5027 5437426.5577  30.5512 0.0325883 1.184006 1
4595579.2517 5437427.1188  27.0756 0.0600921 1.339165 2
4595579.4674 5437426.2082  29.9867 0.1710726 1.492028 0
4595579.5327 5437425.6371  30.7944 0.2020549 1.091325 1
4595579.4415 5437425.8382  29.5475 0.0591783 1.523030 3
4595579.5293 5437425.2173  30.6809 0.1712692 1.014593 1
4595579.4419 5437425.4087  29.4741 0.0086541 0.691128 3
4595579.5329 5437424.7828  30.6744 0.1437483 0.981936 0
4595579.4819 5437424.4673  29.9169 0.0938229 1.184913 1
4595579.3396 5437424.3446  27.9246 0.0343392 1.040732 1
4595579.2092 5437424.6242  26.1156 0.0311885 0.993458 2
4595578.8975 5437425.2926  21.8076 0.0490159 1.126220 2
4595578.8114 5437425.4773  20.6113 0.0475473 1.126154 3
4595579.4632 5437423.6528  29.6461 0.0702533 1.119031 1
4595579.4088 5437423.7686  28.8863 0.0866564 1.238172 3
4595579.4371 5437423.2802  29.2690 0.1486660 1.147286 0
4595579.4710 5437422.7813  29.7230 0.1569477 1.346672 1
4595579.1259 5437423.5059  24.9243 0.0383638 1.194478 3
4595579.4531 5437422.3917  29.4498 0.0901375 1.083275 1
4595578.1149 5437425.1812  10.7813 0.0534049 1.332031 3
4595579.4213 5437422.0311  28.9728 0.0400411 1.426969 1
4595579.1337 5437422.6263  24.9929 0.0694252 1.222478 2
4595577.3415 5437426.3353   0.0392 0.1147871 1.137467 3
4595578.6422 5437423.2036  18.1392 0.0652881 1.313445 1
4595578.4699 5437423.5574  15.7401 0.0393893 1.161246 2
4595577.3433 5437425.8721  -0.0117 0.1377003 1.071973 3
4595579.0840 5437421.8633  24.2428 0.0624447 1.002251 1
4595577.3497 5437425.4003   0.0078 0.2565940 1.080008 3
4595577.3562 5437424.9296   0.0516 0.4830252 1.060798 0
4595577.3640 5437424.4556   0.1175 0.0451931 1.053481 3
4595577.3644 5437423.9960   0.1055 0.0380610 0.996486 3
4595577.3691 5437423.5295   0.1541 0.0393833 1.140948 3
4595577.3629 5437423.0831   0.0688 0.0828467 0.983187 3
4595577.3609 5437422.6298   0.0445 0.0813260 1.033388 3
4595577.3601 5437421.7152   0.0255 0.3873172 1.040400 3
4595578.8725 5437428.1484  27.0015 0.1125600 1.083395 0
4595578.9752 5437427.4856  28.3799 0.1343920 0.998610 1
4595578.9195 5437427.6111  27.6082 0.0563645 1.455123 3
4595579.0906 5437426.7968  29.9141 0.1191895 1.024809 1
4595579.1409 5437426.2579  30.5363 0.1603812 1.053938 1
4595579.0489 5437426.4628  29.2756 0.0596900 1.431213 3
4595579.1481 5437425.8147  30.5477 0.1721807 1.259003 1
4595579.1781 5437425.3228  30.8871 0.1726710 1.123600 1
4595579.0491 5437425.6061  29.1095 0.0323678 0.961144 2
4595578.9229 5437425.8832  27.3823 0.0386510 1.438594 3
4595579.1879 5437424.8753  30.9717 0.1948366 1.198315 1
4595579.1027 5437425.0612  29.7945 0.0715871 1.451624 3
4595579.1980 5437424.4269  31.0662 0.0322467 0.888732 1
4595579.1163 5437424.6038  29.9344 0.1603967 1.123145 3
4595578.9435 5437424.5486  27.5032 0.1125736 1.036721 0
4595579.1338 5437423.7129  30.1473 0.1040553 1.156736 1
4595578.8632 5437424.2905  26.3683 0.0575809 1.363477 3
4595579.0812 5437423.3987  29.3982 0.1013359 1.098837 1
4595579.0278 5437423.5119  28.6559 0.0375908 1.126953 2
4595578.8597 5437423.8683  26.3073 0.0481265 1.046869 3
4595579.2460 5437422.6246  31.6653 0.1434864 1.098908 1
4595579.1330 5437422.8625  30.0934 0.0472025 1.574065 3
4595579.0955 5437422.5139  29.5461 0.1067977 1.058232 1
4595576.9767 5437426.9422   0.0784 0.0412775 0.997860 3
4595578.7863 5437422.7286  25.2214 0.0585776 0.998593 1
4595578.5602 5437423.1979  22.0784 0.0304202 0.911277 2
4595576.9828 5437426.4712   0.0920 0.1141544 1.063959 3
4595579.0859 5437421.6801  29.3386 0.0510381 1.129847 1
4595576.9881 5437426.0018   0.0821 0.2389971 1.057622 3
4595578.7353 5437421.9705  24.4505 0.0652717 1.019127 1
4595576.9954 5437425.5287   0.0994 0.2973560 1.042119 3
4595578.7579 5437421.4933  24.7318 0.0887210 1.010469 1
4595578.7004 5437421.6099  23.9361 0.0645983 2.044508 2
4595578.6010 5437421.8117  22.5585 0.0270043 1.162001 2
4595576.9997 5437425.0626   0.0983 0.0798822 1.196558 3
4595577.0071 5437424.5898   0.1404 0.1670366 1.119446 0
4595577.0269 5437424.0925   0.3827 0.0933622 1.070358 3
4595577.0381 5437423.6121   0.5110 0.0867739 1.054355 3
4595577.0124 5437423.2055   0.1385 0.1703587 1.050210 3
4595577.0096 5437422.7536   0.0981 0.0544467 0.944944 3
4595577.0022 5437422.3106  -0.0111 0.0930086 1.079029 3
4595577.0059 5437421.8467   0.0346 0.2369055 1.048826 3
4595578.5465 5437428.1261  29.4804 0.1522327 1.207375 0
4595578.4234 5437427.5468  27.6742 0.0351310 1.137588 1
4595578.6527 5437426.6054  30.7489 0.1413624 1.071845 1
4595578.7588 5437425.9447  32.1208 0.1844904 1.199458 0
4595578.7198 5437425.1800  31.4564 0.0236240 0.835619 1
4595578.6725 5437425.2832  30.8025 0.0746528 1.226443 2
4595578.4427 5437425.7850  27.6428 0.0318152 1.163426 2
4595578.3286 5437426.0342  26.0826 0.0363193 1.260892 3
4595578.7808 5437424.6226  32.2590 0.2240016 1.141219 1
4595578.6561 5437424.8931  30.5375 0.0522321 1.168628 3
4595578.8086 5437424.1387  32.6227 0.2492940 1.210410 0
4595578.8020 5437423.7300  32.5166 0.0429898 1.047245 1
4595578.7270 5437423.8904  31.4741 0.1149477 1.567877 2
4595578.6637 5437424.0258  30.5938 0.0137991 0.818619 3
4595578.7224 5437423.4747  31.3943 0.1558973 1.078754 1
4595578.6862 5437423.1261  30.8643 0.1474159 1.207023 1
4595578.5834 5437423.3430  29.4430 0.0513204 1.423172 3
4595578.7736 5437422.5179  32.0430 0.0359956 0.998900 1
4595578.6749 5437422.7248  30.6763 0.1256993 1.610866 3
4595578.6388 5437422.3745  30.1455 0.0589549 1.146116 1
4595578.5540 5437422.5508  28.9731 0.0778612 1.337981 2
4595576.4753 5437426.8728   0.1384 0.0801484 1.416010 3
4595578.6400 5437421.9467  30.1288 0.0701635 1.075630 1
4595577.2529 5437424.8101  10.7546 0.0382704 1.076831 3
4595578.1989 5437422.4242  23.9716 0.0709820 1.243436 1
4595576.4814 5437425.9440   0.0668 0.0744332 0.983144 3
4595576.4935 5437425.0040   0.0688 0.0422833 1.015988 3
4595576.5176 5437424.0416   0.2838 0.1218520 1.086421 3
4595576.5141 5437423.5909   0.1913 0.0452396 0.977228 3
4595576.5048 5437422.2377   0.0430 0.2416945 1.032973 0
4595576.5061 5437421.7790   0.0551 0.2958921 1.099371 0
4595577.9778 5437426.8691  31.2431 0.2335414 1.355125 0
4595577.9596 5437426.4855  30.9155 0.2054922 1.376942 0
4595578.1816 5437425.5752  33.8274 0.0652313 1.076869 1
4595578.0798 5437425.7977  32.4521 0.1094045 1.118078 2
4595578.0214 5437425.9253  31.6635 0.0327021 1.026922 3
4595578.1975 5437425.1193  33.9952 0.1758049 1.180879 0
4595578.1300 5437424.8439  33.0226 0.1065660 1.881288 3
4595578.0648 5437424.5624  32.0803 0.1625733 1.225914 0
4595578.0215 5437423.8085  31.4236 0.1145387 1.020205 1
4595578.0486 5437423.3276  31.7728 0.1930649 1.100480 0
4595578.0307 5437422.9428  31.4969 0.1678361 1.349170 1
4595577.9652 5437423.0791  30.5900 0.0190389 0.930768 3
4595577.9029 5437422.7832  29.7020 0.0254733 0.994282 3
4595577.9041 5437422.3558  29.6927 0.1724211 1.063916 1
4595577.8436 5437422.4800  28.8572 0.0482892 1.322863 3
4595577.7453 5437422.2547  27.4713 0.1307783 1.084762 1
4595577.6063 5437422.5379  25.5490 0.0258990 1.182141 3
4595577.7359 5437421.8473  27.3151 0.0934669 1.188410 2
4595577.6592 5437422.0025  26.2559 0.0409658 1.133870 3
4595575.7672 5437424.9184  -0.0065 0.0986928 1.106969 3
4595575.7804 5437423.9804   0.0397 0.1475512 1.045445 3
4595575.7857 5437423.5136   0.0611 0.0914498 1.093496 3
4595575.7909 5437423.0487   0.1151 0.3371737 1.111956 0
4595575.7874 5437422.5992   0.0487 0.1790450 1.082393 3
4595575.7896 5437422.1395   0.0557 0.1023284 1.038738 3
4595575.7888 5437421.6863   0.0202 0.0672997 1.088769 3
4595577.5398 5437427.4317  30.8171 0.1383059 1.099824 1
4595577.5857 5437426.9051  31.3437 0.1874571 1.042148 1
4595577.5270 5437427.0350  30.5527 0.0289860 1.006251 3
4595577.5165 5437426.6337  30.3192 0.0415536 1.186795 2
4595577.7338 5437425.7345  33.1586 0.1235335 1.138759 1
4595577.5774 5437426.0763  31.0477 0.0330400 1.053433 2
4595577.3914 5437426.4827  28.5394 0.0421065 1.012505 3
4595577.7707 5437425.2340  33.5862 0.1079126 1.085389 1
4595577.7035 5437425.3798  32.6672 0.0349709 1.748058 3
4595577.7619 5437424.8322  33.4089 0.1939624 1.787278 0
4595577.7244 5437424.4910  32.8372 0.1478201 1.583120 1
4595577.5932 5437424.7719  31.0391 0.0600037 1.681554 3
4595577.6984 5437424.1258  32.4420 0.2345441 1.266114 0
4595577.7176 5437423.6629  32.6732 0.0568949 1.140901 1
4595577.6806 5437423.7412  32.1597 0.0397001 1.015543 2
4595577.6373 5437423.8326  31.5605 0.1135827 1.539046 3
4595577.7599 5437423.1528  33.2313 0.1075384 1.088090 1
4595577.7079 5437423.2619  32.5091 0.0649105 1.143522 2
4595577.6534 5437423.3763  31.7510 0.0319244 1.116495 3
4595577.6909 5437422.8766  32.2480 0.1621127 1.245576 0
4595577.6681 5437422.5023  31.9071 0.1276647 1.091548 1
4595577.4373 5437422.5535  28.6798 0.0444294 1.101654 2
4595577.3426 5437422.3221  27.3354 0.1113114 1.115721 1
4595577.2274 5437422.5569  25.7314 0.0295304 1.377510 3
4595577.3811 5437421.8175  27.8436 0.1577334 1.203268 0
4595577.1085 5437421.5086  23.9982 0.0464202 1.205691 3
4595575.3868 5437424.4873   0.0778 0.1867862 1.054111 3
4595575.4044 5437423.5427   0.2036 0.1099570 1.265594 3
4595575.4058 5437423.0852   0.1924 0.0866940 1.195588 3
4595575.4010 5437422.6398   0.0984 0.0915990 0.991068 3
4595575.4043 5437422.1793   0.1115 0.1565676 1.285445 3
4595577.1794 5437427.8071  30.1750 0.1319124 1.175310 0
4595577.1802 5437427.3796  30.1115 0.1836575 1.298593 0
4595577.1481 5437427.0258  29.5875 0.0840926 1.224825 1
4595577.0062 5437427.3400  27.6600 0.0417270 0.997493 2
4595577.3074 5437426.2504  31.6519 0.1281448 1.073588 1
4595577.0943 5437426.7190  28.7697 0.0263115 0.968745 3
4595577.4304 5437425.5594  33.2195 0.2042625 1.137735 1
4595577.3380 5437425.7614  31.9698 0.0448186 1.169823 3
4595577.1943 5437425.6506  29.9329 0.1671704 1.635669 0
4595577.2410 5437425.1257  30.4894 0.1827501 1.085546 1
4595577.1793 5437425.2585  29.6473 0.0276071 0.948892 3
4595577.4236 5437424.3110  32.9349 0.2012458 1.437964 1
4595577.2755 5437424.6281  30.8914 0.0630846 1.094701 3
4595577.4558 5437423.8209  33.3398 0.1831744 1.355796 1
4595577.2489 5437424.2608  30.4708 0.0294456 1.106630 3
4595577.5078 5437423.2907  34.0306 0.1592578 1.268689 0
4595577.3818 5437423.1350  32.2469 0.1945824 1.425254 0
4595577.4027 5437422.6699  32.5171 0.0375543 1.204087 1
4595577.2484 5437422.9911  30.3587 0.0899363 1.053433 2
4595576.9807 5437423.5484  26.6155 0.0358710 1.106734 2
4595577.0008 5437423.0795  26.8723 0.2181921 1.435340 0
4595577.1256 5437422.3969  28.5961 0.1302564 1.156394 1
4595577.0043 5437422.6459  26.9008 0.0692865 1.335046 3
4595576.9648 5437421.8719  26.2972 0.0709587 1.592281 3
4595576.8926 5437421.5893  25.2629 0.1382578 1.000913 1
4595576.8273 5437421.7205  24.3518 0.0524055 1.295855 2
4595575.0741 5437425.2412   0.0840 0.0456773 1.077479 3
4595575.0837 5437424.7670   0.1237 0.1435454 1.129475 0
4595575.0990 5437423.3713   0.1418 0.0583454 1.099258 3
4595575.0994 5437422.9156   0.1170 0.0990177 1.039750 3
4595575.1053 5437421.9949   0.1220 0.1880365 1.021745 3
4595576.4866 5437427.0939  30.4052 0.0856302 1.009418 1
4595576.3637 5437427.3637  28.7408 0.0872930 1.536563 3
4595576.4931 5437426.6568  30.4135 0.2028956 1.134915 0
4595576.4836 5437426.2532  30.1912 0.0410602 1.209447 1
4595576.0802 5437427.1267  24.7435 0.1429760 1.393806 2
4595576.6545 5437425.4616  32.3691 0.1516640 1.110239 1
4595576.4991 5437425.7960  30.2941 0.0537268 1.395893 3
4595576.6791 5437424.9887  32.6119 0.2800917 1.285547 0
4595576.7795 5437424.3544  33.8873 0.2020136 1.485113 0
4595576.8125 5437423.8670  34.2789 0.1913187 1.383588 0
4595576.7633 5437423.5509  33.5485 0.1064796 1.110161 1
4595576.6325 5437423.8246  31.7624 0.0583806 1.451859 3
4595576.7072 5437423.2486  32.7418 0.1640520 1.048230 0
4595576.5836 5437423.0844  31.0065 0.1791004 1.707669 1
4595576.4329 5437423.3955  28.9238 0.0418274 1.160481 3
4595576.5826 5437422.6650  30.9664 0.1198607 1.027732 1
4595576.4347 5437422.9682  28.9220 0.0657559 1.144079 3
4595576.3945 5437422.6256  28.3406 0.0573953 1.571034 1
4595576.2848 5437422.8489  26.8258 0.0528414 1.051581 2
4595576.1268 5437423.1705  24.6462 0.0432350 1.994114 3
4595576.4006 5437422.1890  28.3951 0.1142294 1.097161 1
4595576.3110 5437422.3702  27.1580 0.0659950 2.215211 3
4595576.2924 5437421.9829  26.8691 0.1289136 1.349488 2
4595574.3474 5437424.0691   0.0081 0.0791996 1.140029 3
4595574.3490 5437423.6120  -0.0378 0.1794674 1.132572 3
4595574.3523 5437423.1521  -0.0417 0.1906633 1.077583 3
4595574.3569 5437422.6897  -0.0208 0.1327705 1.094453 3
4595574.3675 5437422.2168   0.0723 0.0660310 1.044191 3
4595575.9304 5437426.9694  30.0970 0.0520602 1.231305 1
4595575.9080 5437426.5944  29.7123 0.1993497 1.116825 0
4595576.1094 5437425.7394  32.3041 0.0317580 1.032217 1
4595575.8366 5437425.9006  28.5612 0.0695790 1.187908 1
4595575.7480 5437426.0896  27.3767 0.0663017 1.141718 2
4595576.2031 5437424.7005  33.3560 0.1998562 1.112274 0
4595576.1220 5437424.4518  32.1767 0.0554014 0.987762 1
4595576.0553 5437424.5923  31.2814 0.0928692 1.036106 3
4595576.1508 5437423.9717  32.4980 0.1632802 1.156708 1
4595576.0124 5437424.2610  30.6268 0.0969882 1.204326 3
4595576.1721 5437423.5081  32.7175 0.0460026 0.970732 1
4595575.9945 5437423.8767  30.3162 0.0540950 0.937066 2
4595575.9476 5437423.9741  29.6820 0.0945011 2.461929 3
4595576.0991 5437423.2394  31.6841 0.0697272 1.608936 1
4595575.9104 5437423.6284  29.1104 0.0930370 1.051231 2
4595575.8555 5437423.7416  28.3672 0.0355375 1.125506 3
4595575.9232 5437423.1793  29.2399 0.1573767 1.106781 1
4595575.8122 5437423.4066  27.7197 0.0619582 1.500763 3
4595575.9422 5437422.7185  29.4656 0.0661415 1.225982 1
4595575.8791 5437422.8469  28.6007 0.0612552 1.162585 2
4595575.9616 5437422.2563  29.6920 0.0564687 1.023262 1
4595575.8973 5437421.9637  28.7700 0.1669989 1.075772 0
4595575.8234 5437421.6870  27.7143 0.1994570 1.352164 0
4595573.8086 5437423.4309  -0.0278 0.2117039 1.055987 3
4595573.8123 5437422.9714  -0.0266 0.0791040 1.195833 3
4595573.8193 5437422.5045   0.0184 0.2796552 0.998775 0
4595575.8534 5437425.7701  32.4592 0.0345810 1.092916 1
4595575.5931 5437425.9096  28.8608 0.1891514 1.533240 0
4595575.9591 5437424.7074  33.6584 0.1521569 1.043184 1
4595575.7919 5437425.0636  31.4174 0.0671496 1.212336 3
4595575.7764 5437424.6769  31.1008 0.1049379 1.135847 1
4595575.6929 5437424.8534  29.9825 0.0592667 1.265748 3
4595575.9034 5437423.9905  32.7338 0.1833427 1.057802 1
4595575.7654 5437424.2804  30.8611 0.0593753 1.641002 3
4595575.6862 5437424.0266  29.7089 0.2023322 1.081503 1
4595575.6055 5437424.1949  28.6140 0.0538357 2.255004 3
4595575.6720 5437423.6345  29.4387 0.0719057 1.070759 1
4595575.6031 5437423.7772  28.5033 0.1035079 1.056670 3
4595575.6518 5437423.2556  29.1049 0.1656813 1.130543 0
4595575.6279 5437422.8822  28.7302 0.0447910 1.115013 1
4595575.5696 5437423.0012  27.9302 0.0297889 1.005327 2
4595575.7175 5437422.2787  29.9125 0.0833547 1.016444 1
4595575.6336 5437422.4490  28.7606 0.0643981 1.256189 2
4595575.6042 5437422.0865  28.3022 0.0943113 1.516380 1
4595575.5478 5437422.2000  27.5290 0.1373267 1.262170 3
4595575.5392 5437421.7949  27.3555 0.0326142 1.027159 1
4595575.4673 5437421.9388  26.3685 0.0595870 1.354963 2
4595573.5705 5437423.0227   0.0507 0.2561970 1.048179 3
4595573.5754 5437422.5627   0.0573 0.1448980 1.016117 3
4595574.8623 5437425.3917  26.6603 0.0409728 1.092126 1
4595575.1208 5437424.0073  29.9279 0.2170887 1.055404 1
4595574.9932 5437424.2716  28.2118 0.0385228 1.250533 3
4595574.5486 5437424.7630  22.1602 0.1704703 1.263295 1
4595575.0540 5437423.3014  28.8828 0.0530432 1.004455 1
4595574.9911 5437423.4300  28.0273 0.1450919 1.253351 3
4595575.0690 5437422.8492  29.0349 0.1391080 1.116206 1
4595575.0825 5437422.4012  29.1630 0.1241813 1.103184 1
4595575.0902 5437421.9645  29.2031 0.2158076 2.047293 1
4595574.3833 5437423.2146  27.8528 0.1278611 1.272178 1
4595573.9194 5437423.2956  21.4739 0.1110225 1.407468 1
4595573.9072 5437422.8904  21.2461 0.2542988 1.404880 1
4595573.9323 5437422.4122  21.5198 0.1568232 1.080943 1
4595574.1600 5437423.3057  27.9978 0.1940584 1.048051 1
4595573.7019 5437423.3841  21.6508 0.2107965 1.490643 1
4595573.6713 5437423.0183  21.1627 0.2019407 1.503412 1
4595573.6575 5437422.6183  20.9021 0.1099748 1.106304 1
4595573.7580 5437422.5741  21.1163 0.0955546 2.001245 2
4595573.7190 5437423.1474  20.8063 0.0317108 1.075743 2
4595573.8821 5437422.8071  20.9880 0.1458362 1.322852 1
4595573.8488 5437423.2392  21.0161 0.0698019 1.172563 2
4595573.8314 5437423.3032  21.9216 0.0430694 0.997901 1
4595574.2128 5437422.7266  20.7811 0.0856793 1.557042 2
4595574.1872 5437422.9780  21.2390 0.1286581 1.244771 2
4595574.1279 5437423.6689  21.7159 0.0546235 1.028117 1
4595574.0933 5437424.1313  21.6948 0.0872612 2.131115 1
4595574.4776 5437422.7869  22.2277 0.0392771 1.186424 2
4595574.4631 5437423.1321  21.4008 0.0808886 1.130917 2
4595574.4317 5437423.5150  21.5447 0.1425555 1.159587 1
4595574.3992 5437423.9228  21.6517 0.2423206 1.504141 0
4595574.3673 5437424.3184  21.7855 0.1592121 1.688129 1
4595574.3786 5437422.9922  27.9952 0.1050322 1.017234 1
4595574.3514 5437423.2823  28.3400 0.0349715 1.185192 1
4595574.7828 5437425.2730  -0.0202 0.0540549 1.142180 3
4595574.6755 5437422.4608  22.2230 0.0535219 1.194056 2
4595574.6634 5437422.7464  21.5382 0.0834086 1.008689 3
4595574.6382 5437422.9802  22.0382 0.1260891 1.575413 3
4595574.5934 5437423.6736  21.4473 0.0470823 0.952541 1
4595574.5261 5437424.5363  21.5569 0.1366082 1.050910 1
4595574.9041 5437422.5216  20.7947 0.0413030 1.179505 3
4595574.9000 5437422.2544  22.4938 0.0915856 1.031695 2
4595574.8004 5437424.6044  16.9219 0.0330042 1.083656 3
4595574.8552 5437422.9499  21.8890 0.1193870 1.858461 2
4595574.7726 5437424.8930  17.3354 0.0587514 0.981927 3
4595574.8140 5437423.5568  21.4969 0.2131990 1.082670 2
4595574.7457 5437424.4383  21.5613 0.1681894 1.387710 1
4595574.7198 5437424.6860  22.0494 0.1640769 1.613153 1
4595574.6857 5437425.1270  22.1024 0.1596972 1.266793 1
4595574.7614 5437423.0198  27.9842 0.1674487 1.081521 1
4595574.7298 5437423.4062  28.1021 0.1748909 1.107693 1
4595575.4359 5437423.6072   0.1044 0.1335861 1.133257 3
4595575.1946 5437421.9423  25.1855 0.0262123 0.977435 1
4595575.1287 5437423.5089  21.4449 0.0506115 1.026969 2
4595575.1769 5437421.9987  26.0950 0.0419188 0.990512 2
4595575.0991 5437423.8425  21.7236 0.0348951 1.285293 2
4595575.0585 5437424.4374  21.3982 0.0494419 1.072323 1
4595575.1276 5437422.0819  29.0063 0.1208494 1.110846 1
4595575.1004 5437422.3650  29.3709 0.0584918 1.153351 1
4595575.0742 5437422.9800  27.9216 0.0717679 1.299553 2
4595575.0650 5437422.8424  29.2708 0.1230947 1.070795 1
4595575.0424 5437423.3710  28.0257 0.0667058 1.202951 3
4595575.0079 5437423.8251  28.0063 0.1019857 1.042869 1
4595574.9803 5437424.1183  28.3616 0.0705081 1.063233 1
4595575.4451 5437421.7680  24.9359 0.0413962 1.047377 1
4595575.3969 5437422.9149  22.1930 0.0461436 1.773710 2
4595575.3113 5437424.2023  21.2682 0.1248818 1.081119 1
4595575.2486 5437425.6880  17.8989 0.0525873 1.049287 2
4595575.2885 5437424.3714  21.9303 0.0241208 2.154161 1
4595575.2808 5437424.5519  21.5161 0.0995355 1.332191 2
4595575.3822 5437421.7910  29.0376 0.1208200 1.405949 1
4595575.3261 5437422.7517  27.8028 0.1011147 1.025805 1
4595575.3152 5437422.6479  29.0764 0.0951909 1.078667 1
4595575.2931 5437423.1661  27.8519 0.0799306 1.180826 2
4595575.2596 5437423.5931  27.8782 0.1385214 1.080180 1
4595575.1561 5437425.6580  24.2659 0.0301544 1.047140 1
4595575.1900 5437424.5082  27.8402 0.0585035 1.084795 1
4595575.1646 5437425.0988  26.5359 0.1291324 1.054745 2
4595575.1988 5437423.9504  30.1255 0.0313699 0.980928 1
4595575.6326 5437421.7046  24.8374 0.0325341 1.246832 2
4595575.5197 5437424.3776  18.4709 0.0449113 1.092342 2
4595575.5060 5437424.7024  17.7276 0.0355878 1.014324 3
4595575.6152 5437421.7471  25.7853 0.0855409 1.089067 1
4595575.5983 5437422.1480  24.8286 0.0619846 1.249344 2
4595575.5442 5437423.4244  21.7673 0.0307385 1.167576 2
4595575.4361 5437425.6011  17.8407 0.1440346 1.049362 1
4595575.5780 5437421.8969  27.5080 0.0617404 1.221619 3
4595575.5614 5437421.9251  28.4767 0.0481213 1.118126 2
4595575.5498 5437422.1968  27.8343 0.0484657 1.305002 2
4595575.5465 5437421.9151  29.5289 0.0352159 1.218028 1
4595575.5296 5437422.3119  28.5936 0.0791461 1.026617 2
4595575.5172 5437422.6021  27.9078 0.0543592 1.135296 2
4595575.5050 5437422.5305  29.1046 0.1095797 1.013780 1
4595575.4836 5437423.0302  27.9214 0.0616508 1.171411 2
4595575.4398 5437424.0515  25.5429 0.0618088 1.418907 3
4595575.4700 5437422.9912  29.0422 0.1521246 1.015376 1
4595575.4505 5437423.4457  27.9697 0.0720651 1.485477 2
4595575.3736 5437424.8770  25.7503 0.1790819 1.071759 1
4595575.3852 5437424.2540  28.1700 0.1459262 1.094283 1
4595575.3441 5437425.2079  26.0502 0.0381175 1.038129 2
4595575.3091 5437426.0170  24.2571 0.0570083 1.150633 3
4595575.3832 5437423.9511  29.8779 0.1621770 1.156964 1
4595575.3193 5437425.4271  26.5942 0.0560837 1.202948 3
4595575.2838 5437425.8955  26.5829 0.1759112 1.069305 1
4595575.2670 5437425.9352  27.5145 0.1144981 1.008143 1
4595576.0711 5437424.6782   0.0329 0.1167756 1.125796 3
4595576.0334 5437425.1826  -0.0026 0.0331765 1.003860 3
4595575.9244 5437426.5997   0.1180 0.0331466 1.017539 3
4595575.8100 5437423.7806  22.0839 0.0621887 1.221570 2
4595575.7457 5437425.3111  18.5888 0.0341237 1.403017 3
4595575.8538 5437421.9990  28.4078 0.0390981 1.080071 1
4595575.7427 5437424.6317  22.2258 0.0501618 1.319403 2
4595575.8227 5437422.3708  28.5574 0.1413946 1.420444 1
4595575.8046 5437422.4360  29.4306 0.1669849 1.055811 1
4595575.7759 5437423.1117  27.8273 0.0933425 1.298963 3
4595575.7526 5437423.2985  28.4122 0.1278170 1.576808 1
4595575.7416 5437423.5567  27.8055 0.0358706 0.895323 2
4595575.7398 5437423.2418  29.5695 0.2243080 1.105731 0
4595575.7059 5437423.6781  29.5744 0.2047228 1.168255 0
4595575.6740 5437424.0667  29.7079 0.0588073 1.054020 1
4595575.6532 5437424.5529  28.6080 0.1621152 1.058019 2
4595575.6399 5437424.8641  27.9255 0.0288990 1.062915 3
4595575.6441 5437424.4115  29.9411 0.1260654 1.120354 1
4595575.6073 5437425.2682  28.0615 0.0546038 0.991510 3
4595575.6324 5437424.3315  31.1330 0.1391467 1.055276 1
4595575.5872 5437425.3829  28.8284 0.0406309 0.987021 3
4595575.6023 5437424.6820  31.3622 0.1112151 0.987407 1
4595575.5515 5437425.8592  28.7990 0.0632337 1.045427 3
4595576.4804 5437423.5432   0.0801 0.0455968 1.424862 3
4595576.4064 5437424.5231  -0.0045 0.0448239 1.342198 3
4595576.3291 5437421.7612  19.1274 0.0373347 1.045286 2
4595576.2144 5437421.7983  26.4560 0.0635829 1.027359 1
4595576.1420 5437423.5459  22.2532 0.0400129 1.036129 2
4595576.2032 5437421.6874  27.7586 0.1099462 1.213244 3
4595576.1839 5437421.7718  28.5923 0.1141627 1.289206 1
4595576.1695 5437422.1178  27.7668 0.0899023 1.502547 3
4595576.1389 5437422.0984  29.8705 0.0178630 0.833627 1
4595576.1158 5437422.6515  28.5573 0.0514335 1.075493 2
4595576.0593 5437424.0018  25.3807 0.0625373 1.339771 2
4595576.0679 5437423.4206  27.7532 0.1397830 1.056667 1
4595576.0243 5437424.4620  25.3579 0.0501979 1.292864 3
4595576.0613 5437423.2056  29.2899 0.2190855 1.094235 1
4595576.0458 5437423.5756  28.4195 0.0297364 1.026173 3
4595576.0260 5437423.6756  29.2134 0.1598365 1.154587 0
4595575.9988 5437423.9520  29.6006 0.1650876 0.950518 1
4595575.9849 5437424.2821  28.8498 0.0688059 2.220743 3
4595575.9581 5437424.5488  29.2668 0.0946230 1.068743 1
4595575.9311 5437425.1845  27.8734 0.0170276 0.913971 2
4595575.9046 5437425.8107  26.5011 0.0333611 1.028477 3
4595575.9555 5437424.2459  30.9616 0.1157197 1.093798 1
4595575.8847 5437425.9143  27.2964 0.0306648 1.024735 3
4595575.9243 5437424.6180  31.1384 0.1753436 1.002665 1
4595575.8767 5437425.7368  28.7010 0.0787799 1.149667 3
4595575.8957 5437424.9309  31.4628 0.0284141 1.025279 1
4595575.8205 5437426.6927  27.6252 0.1816874 1.174723 3
4595575.8330 5437426.0412  30.0574 0.1409303 1.058218 1
4595575.8015 5437426.4177  30.2482 0.1740414 1.128670 0
4595575.7703 5437426.7893  30.4361 0.1504736 1.149177 1
4595576.7533 5437422.8307   0.0041 0.1574185 1.028892 3
4595576.6835 5437423.6950   0.1371 0.0440824 1.045477 3
4595576.4167 5437421.9301  26.5365 0.0567834 1.214624 3
4595576.4042 5437421.8471  27.7740 0.1373815 1.400862 2
4595576.3491 5437423.1690  24.5989 0.0537213 1.147187 3
4595576.3874 5437421.8716  28.7485 0.0857181 1.149654 3
4595576.3631 5437422.0734  29.2959 0.1867898 1.396644 1
4595576.3172 5437422.7932  28.6082 0.1442528 1.070397 1
4595576.3039 5437423.1099  27.8525 0.0582172 0.962320 2
4595576.2700 5437423.9178  25.9617 0.0331308 1.305067 3
4595576.2345 5437424.3854  25.9227 0.0635127 1.484637 1
4595576.1957 5437425.3065  23.8701 0.0599020 1.196097 2
4595576.1778 5437425.7315  22.9305 0.0449163 1.212926 2
4595576.2595 5437423.4178  29.1715 0.1805537 1.093575 1
4595576.2442 5437423.7789  28.3393 0.0355164 1.527095 2
4595576.2000 5437424.8277  25.9661 0.0551857 1.226609 3
4595576.2228 5437423.9148  29.0512 0.1288926 1.007603 1
4595576.2078 5437424.2708  28.2399 0.0447033 1.108430 3
4595576.1839 5437424.4670  28.8122 0.1484186 1.415008 0
4595576.1866 5437424.0343  30.8110 0.1326271 1.076111 0
4595576.1560 5437424.3908  31.0142 0.1429854 1.112899 1
4595576.0838 5437426.0867  27.3058 0.0576051 1.216287 2
4595576.0537 5437426.7917  25.7570 0.0424562 1.018757 3
4595576.1242 5437424.7730  31.1800 0.0399141 1.170662 1
4595576.0800 5437425.8103  28.9232 0.1605138 1.374620 2
4595576.0584 5437426.3142  27.8294 0.0401623 1.559931 3
4595576.0179 5437426.8988  27.5583 0.0544362 1.308163 1
4595576.0325 5437426.1972  30.1044 0.0332989 1.144583 1
4595575.9963 5437427.0411  28.2566 0.0587511 1.736635 2
4595575.9976 5437426.6491  30.1276 0.1436007 1.427945 1
4595575.9737 5437426.8487  30.6909 0.2465875 1.357553 0
4595576.6882 5437427.5427   0.1015 0.0321235 0.909490 3
4595576.8599 5437421.5343  18.9274 0.0622941 1.252760 1
4595576.8305 5437421.8502  19.2325 0.0522045 1.134136 1
4595576.7424 5437421.6023  26.2036 0.0426920 1.044480 3
4595576.6907 5437422.0758  27.1501 0.1062771 1.155228 1
4595576.6634 5437422.7393  25.5563 0.0598317 1.102104 3
4595576.6544 5437422.5673  27.0095 0.0405763 1.150543 3
4595576.6461 5437422.3830  28.4817 0.1402997 1.202826 3
4595576.6196 5437422.6406  28.8948 0.1235731 1.034275 1
4595576.6040 5437423.0167  27.9957 0.0847566 1.225365 3
4595576.5945 5437422.8636  29.3890 0.2415231 1.848562 0
4595576.5009 5437424.7292  26.0975 0.0594372 1.000036 2
4595576.4690 5437425.4923  24.4062 0.0478488 1.046778 3
4595576.5549 5437423.0585  30.9634 0.1274991 1.058462 1
4595576.5192 5437423.9122  28.9756 0.0458592 1.092460 2
4595576.5024 5437424.3127  28.0618 0.0282374 1.136710 2
4595576.4721 5437425.0360  26.4503 0.0261744 0.962894 3
4595576.5358 5437423.1419  31.7784 0.1155142 1.139720 0
4595576.5012 5437423.5952  31.7256 0.0490176 1.671540 1
4595576.4691 5437424.3567  29.9995 0.0731532 1.445101 2
4595576.4309 5437425.2667  27.9907 0.0859995 1.088485 3
4595576.4841 5437423.6330  32.6467 0.2109285 1.110971 0
4595576.4443 5437424.2086  32.3515 0.1440063 1.226950 1
4595576.4023 5437425.2024  30.1614 0.0226608 1.043129 3
4595576.3375 5437426.3654  28.6578 0.2135948 1.438913 0
4595576.3976 5437424.5824  33.5170 0.1409530 1.067562 1
4595576.3156 5437426.5144  29.3466 0.0306890 1.485028 3
4595576.3382 5437425.6181  32.2722 0.0582457 0.975161 1
4595576.2912 5437426.7232  29.8923 0.1290265 1.076788 3
4595576.2602 5437427.0868  30.0977 0.0616999 1.095084 1
4595576.2364 5437427.2822  30.6707 0.1628257 1.068145 1
4595577.0597 5437425.3150  10.7844 0.1009545 1.176386 1
4595577.0881 5437422.0249  25.0988 0.0304782 1.292698 3
4595577.0771 5437421.8866  26.4764 0.0912080 1.189394 3
4595577.0530 5437422.0735  27.0692 0.1162318 1.085717 3
4595576.9650 5437423.0281  27.8886 0.1050511 1.335228 1
4595576.8937 5437424.7821  23.8069 0.0685139 1.217749 2
4595576.8608 5437425.5890  21.9963 0.0358982 1.264176 3
4595576.8982 5437424.2662  26.0199 0.0367187 0.953326 2
4595576.8156 5437426.2904  21.5013 0.0732591 2.340371 3
4595576.9495 5437422.6125  30.9249 0.0809147 1.140100 1
4595576.9182 5437423.3766  29.1100 0.0853682 1.166619 3
4595576.9161 5437423.0337  30.9418 0.1636848 1.271201 1
4595576.8660 5437424.2553  28.1016 0.0432452 1.908972 3
4595576.8894 5437423.2899  31.3488 0.0716581 1.075558 1
4595576.7893 5437425.7263  25.8497 0.0359903 1.041281 3
4595576.8850 5437423.0094  33.0190 0.2072814 1.071281 0
4595576.8367 5437423.7921  32.2018 0.0408202 1.616187 1
4595576.8139 5437424.3451  30.9432 0.1158916 1.130159 2
4595576.7646 5437425.5387  28.3022 0.0262719 0.955361 2
4595576.6971 5437427.1725  24.7376 0.0490973 1.798277 3
4595576.8224 5437423.7544  33.2902 0.1714922 1.747751 0
4595576.7962 5437424.0012  33.7316 0.1464966 1.062395 1
4595576.7795 5437424.4033  32.8224 0.0833705 1.101591 3
4595576.7494 5437424.7468  33.0631 0.2388765 1.169141 0
4595576.7172 5437425.1400  33.2029 0.0259515 0.931630 1
4595576.6533 5437426.6697  29.9132 0.0837248 0.932964 3
4595576.6269 5437426.9206  30.3699 0.0970545 1.260604 1
4595576.5832 5437427.5852  29.9218 0.0666556 1.234433 1
4595577.4570 5437421.6182  18.3877 0.0628638 1.357485 2
4595577.4316 5437421.8242  18.9647 0.0363505 1.085631 1
4595577.3993 5437422.2041  19.1189 0.0343966 0.985470 3
4595577.3283 5437421.8515  25.2850 0.0967384 1.211648 3
4595577.3117 5437421.8489  26.3392 0.0537576 1.302857 3
4595577.2851 5437422.0953  26.7899 0.0260680 1.356697 2
4595577.2641 5437422.6175  25.5399 0.0190073 0.899483 2
4595577.2529 5437422.8945  24.8730 0.0325163 1.188216 3
4595577.2545 5437422.4427  26.9995 0.1114200 1.065181 3
4595577.2604 5437421.4839  31.3358 0.0627728 1.497369 1
4595577.2003 5437422.9628  27.8229 0.0481707 1.050263 2
4595577.0814 5437425.8871  21.0911 0.0291878 1.036137 3
4595577.1850 5437422.5322  30.8985 0.1369393 1.118666 0
4595577.1486 5437423.0254  30.7457 0.1747440 1.087906 1
4595577.1128 5437423.8976  28.7029 0.0470731 1.204800 2
4595577.0974 5437424.2737  27.8349 0.0274372 1.333411 3
4595577.1233 5437423.2456  31.2391 0.1136121 1.056931 1
4595577.0808 5437424.2799  28.8430 0.0443010 1.053215 3
4595577.1179 5437422.9849  32.8619 0.1580420 1.077853 1
4595577.0812 5437423.8768  30.7834 0.0212901 0.957533 2
4595576.9674 5437426.6384  24.6494 0.0366657 1.207520 3
4595577.0755 5437423.6234  32.3748 0.0271076 0.739763 1
4595577.0660 5437423.8538  31.8476 0.1031915 2.441401 3
4595577.0589 5437423.6356  33.3499 0.2396407 1.277924 0
4595577.0297 5437423.9544  33.6235 0.2077489 1.090198 0
4595577.0152 5437423.9211  34.6932 0.0381877 0.923340 1
4595577.0036 5437424.1996  34.0624 0.1050794 1.628343 2
4595576.9824 5437424.7103  32.9196 0.0435665 1.269108 3
4595576.9344 5437425.4780  32.2352 0.1396643 1.650098 1
4595576.8869 5437426.6167  29.7932 0.0514493 1.043446 3
4595576.8566 5437426.9573  30.0586 0.1289379 1.090689 1
4595576.8201 5437427.8293  28.1541 0.0532523 0.925012 3
4595576.8170 5437427.5198  29.8405 0.0904814 1.104985 1
4595576.7902 5437427.7765  30.2809 0.1412524 0.971494 1
4595577.5513 5437421.7814  25.2742 0.0678988 1.644399 3
4595577.5336 5437421.8083  26.2591 0.1125879 1.183232 3
4595577.3585 5437425.7319  18.0651 0.0220200 0.816214 3
4595577.5006 5437421.8067  28.3449 0.0849153 1.030791 2
4595577.4636 5437422.7196  26.1678 0.0408673 2.218480 2
4595577.4395 5437423.3149  24.7385 0.0506430 1.079761 2
4595577.4034 5437424.2070  22.6277 0.0321831 1.190138 3
4595577.4732 5437422.0769  28.7357 0.0267457 1.333917 3
4595577.4828 5437421.4401  31.2684 0.0591576 1.061448 1
4595577.4014 5437423.4393  26.5178 0.0554420 1.065217 3
4595577.4600 5437421.6017  31.9092 0.0660056 1.174809 1
4595577.3712 5437423.7763  26.7623 0.0729318 1.314449 2
4595577.3537 5437424.2051  25.7614 0.0347028 1.016959 3
4595577.4078 5437422.4813  30.8541 0.0759839 1.083883 1
4595577.2602 5437426.0883  22.5545 0.1049224 1.011072 3
4595577.3706 5437422.9953  30.6536 0.1525794 1.070102 1
4595577.3453 5437423.6115  29.1997 0.0597996 2.086040 3
4595577.3412 5437423.3194  30.9016 0.1149838 1.142633 1
4595577.3074 5437424.1410  28.9926 0.1136047 1.210983 2
4595577.2486 5437425.5699  25.7638 0.0341626 1.031544 3
4595577.2635 5437424.8125  28.4847 0.0981837 1.006303 1
4595577.2197 5437425.8728  26.1342 0.0462280 1.042475 3
4595577.3061 5437423.3917  32.7523 0.2811778 1.181546 0
4595577.2759 5437423.7343  32.9648 0.2228761 1.681609 0
4595577.2491 5437423.9984  33.3599 0.0791692 1.978143 1
4595577.2301 5437424.4563  32.3146 0.0145487 0.777487 2
4595577.2184 5437424.7371  31.6888 0.0316416 1.251308 2
4595577.1869 5437425.4954  30.0081 0.0400756 1.678146 3
4595577.2324 5437424.0178  34.3150 0.2334929 1.175255 0
4595577.1545 5437425.5054  31.9999 0.2420549 1.479835 1
4595577.1182 5437426.3740  30.1378 0.0358001 1.231207 3
4595577.0780 5437426.9528  29.8928 0.1730070 1.751025 0
4595577.0396 5437427.4887  29.7408 0.1091142 1.147812 1
4595577.0160 5437427.6724  30.3386 0.2223771 1.037059 0
4595577.8301 5437425.4543  11.3087 0.0935598 1.126276 1
4595577.9098 5437421.6334  24.7681 0.0420444 1.132390 3
4595577.8665 5437421.8678  26.3082 0.0497979 1.659784 3
4595577.8544 5437421.7487  27.6339 0.0832735 1.400009 3
4595577.8071 5437422.0945  28.8887 0.1342093 1.061174 2
4595577.6631 5437425.7027  20.4548 0.0315955 0.996127 3
4595577.8177 5437421.4126  31.5193 0.0981865 1.342430 2
4595577.7813 5437422.3234  29.3797 0.0553814 1.097667 3
4595577.7949 5437421.5690  32.1755 0.0862221 1.049203 1
4595577.7095 5437423.6963  27.1704 0.0272786 1.290832 3
4595577.6257 5437425.3658  24.3505 0.0410226 0.882256 1
4595577.6138 5437425.6622  23.6885 0.0899763 1.132620 3
4595577.6928 5437423.2861  30.1836 0.1231966 1.004753 1
4595577.6647 5437423.9829  28.5558 0.0858898 0.980198 3
4595577.6979 5437422.7548  32.4461 0.2147408 1.229908 0
4595577.6428 5437423.7084  31.2277 0.0480194 0.937439 1
4595577.6279 5437424.0763  30.3763 0.1362001 1.068104 2
4595577.6138 5437424.4231  29.5739 0.0908899 1.141135 3
4595577.6310 5437423.5989  32.4884 0.0862574 1.147200 1
4595577.5909 5437424.5836  30.2217 0.0793853 2.053591 2
4595577.5743 5437424.9906  29.3069 0.0320388 1.400421 3
4595577.6182 5437423.5136  33.6902 0.2030943 1.603935 0
4595577.5816 5437424.0119  33.5455 0.0651440 1.249316 1
4595577.5550 5437424.6617  32.0651 0.0645233 1.440752 2
4595577.5164 5437425.6055  29.9661 0.0541202 1.560428 2
4595577.5043 5437425.5037  31.1914 0.0896715 1.134534 1
4595577.4563 5437426.6752  28.6688 0.0556611 1.101163 3
4595577.4931 5437425.3819  32.4659 0.1268591 1.391262 1
4595577.4667 5437426.0238  31.0797 0.0424481 1.117530 3
4595577.4774 5437425.3692  33.4910 0.1582718 1.040730 1
4595577.4648 5437425.6771  32.8228 0.0473092 1.033268 3
4595577.3759 5437427.4379  30.0547 0.1491858 1.030588 1
4595577.3405 5437427.9024  30.0411 0.1208200 1.029312 1
4595578.2356 5437422.1404  21.4935 0.0342630 1.222260 2
4595578.1749 5437421.9156  26.2561 0.0324746 0.871665 3
4595578.1410 5437422.3431  26.2901 0.0512121 1.924746 3
4595578.1241 5437422.3380  27.3424 0.0398968 1.288663 3
4595578.1142 5437422.1569  28.8044 0.0480483 0.947584 3
4595578.0768 5437422.6772  28.6151 0.0377803 1.418595 3
4595578.0590 5437422.6997  29.5900 0.1336696 1.142343 3
4595578.0238 5437423.1623  29.5288 0.0823880 1.031943 1
4595577.9764 5437424.3568  26.7325 0.0825100 1.100441 3
4595577.9673 5437424.1609  28.2179 0.0928604 1.204746 1
4595577.9570 5437424.4176  27.6187 0.1007342 1.139209 3
4595578.0042 5437422.8141  32.3768 0.1517525 1.336955 1
4595577.9698 5437423.6771  30.3675 0.0270936 1.105597 3
4595577.9731 5437423.1784  32.5377 0.1557898 1.155257 1
4595577.9514 5437423.3060  33.2495 0.2031993 1.651215 0
4595577.9014 5437424.1384  32.3297 0.1670283 1.158204 3
4595577.8686 5437424.5430  32.4041 0.1529465 1.261793 1
4595577.8334 5437425.4147  30.4471 0.0601740 1.881234 3
4595577.8369 5437424.9200  32.5605 0.1545036 1.068234 1
4595577.8056 5437425.6920  30.8497 0.0455176 1.066188 2
4595577.8097 5437425.1868  32.9620 0.2132327 1.138081 0
4595577.7833 5437425.4318  33.4147 0.1061735 1.144311 0
4595577.6802 5437427.5602  29.8517 0.1591752 1.198129 1
4595577.6262 5437428.0780  30.7203 0.1854914 1.402998 0
4595578.4946 5437421.4566  23.2061 0.1022420 1.510617 2
4595578.4695 5437422.1078  21.6567 0.0716594 2.084687 3
4595578.4612 5437421.4232  25.4030 0.0592737 1.057114 2
4595578.4514 5437421.6781  24.7982 0.0240706 1.000804 3
4595578.3585 5437422.3006  27.5194 0.0501027 1.296322 2
4595578.2779 5437424.3548  22.6754 0.0254047 1.006094 3
4595578.3244 5437422.7365  27.5356 0.0322576 1.003726 1
4595578.2639 5437424.2728  23.9179 0.1088643 1.038779 3
4595578.3247 5437422.2998  29.5871 0.1256914 1.092058 0
4595578.2886 5437422.7872  29.4768 0.1553226 1.080077 1
4595578.2330 5437424.1916  26.1878 0.0488546 2.312714 2
4595578.1943 5437425.1700  23.9178 0.0572285 1.429878 3
4595578.2916 5437422.2909  31.6538 0.1013191 1.246729 1
4595578.2305 5437423.8288  28.0729 0.0597291 1.191488 3
4595578.2647 5437422.5479  32.0748 0.0905137 1.197623 1
4595578.2418 5437423.1228  30.7422 0.0408838 1.452565 2
4595578.2229 5437423.5977  29.6382 0.0236545 1.098855 2
4595578.1951 5437424.2949  28.0076 0.0998317 1.319884 3
4595578.2128 5437423.0186  33.0086 0.2011837 1.327125 0
4595578.1682 5437423.7192  32.3967 0.1934223 1.529941 0
4595578.1447 5437423.8939  32.9973 0.1569108 1.370335 0
4595578.1062 5437424.4416  32.7363 0.1608179 1.335246 1
4595578.0699 5437425.3389  30.7106 0.0471098 1.422882 3
4595578.0584 5437425.2163  31.9904 0.1710661 1.710607 1
4595578.0365 5437425.7581  30.7974 0.0338169 1.001325 3
4595578.0383 5437425.3082  32.7869 0.1106573 1.118315 1
4595577.9581 5437426.8781  30.4020 0.1351983 1.126917 1
4595577.9290 5437427.1900  30.7358 0.0765133 1.067497 1
4595577.9145 5437427.5462  29.9706 0.0296119 1.199706 2
4595577.8938 5437427.6512  30.7435 0.0279305 0.931042 1
4595577.8561 5437428.1737  30.6017 0.1538768 1.153867 0
4595578.6672 5437424.7650  13.5466 0.0930866 1.066893 3
4595578.6317 5437424.7592  15.7421 0.0596137 1.294785 3
4595578.7421 5437421.4312  24.7272 0.0435022 1.169689 3
4595578.5992 5437424.6874  18.0728 0.0870806 1.054970 3
4595578.6595 5437422.2329  26.0027 0.0799369 1.043862 1
4595578.6326 5437422.9261  24.3789 0.0656446 1.054579 2
4595578.5642 5437424.6899  20.2050 0.0312820 1.045976 3
4595578.5616 5437424.3106  22.1578 0.0642706 1.908396 2
4595578.5318 5437425.0773  20.3599 0.0333633 1.105184 3
4595578.5897 5437422.7154  28.0009 0.0499958 1.045722 2
4595578.5208 5437424.4762  23.8700 0.0355020 0.912679 3
4595578.5247 5437423.9434  26.1709 0.0889220 1.086934 1
4595578.4972 5437424.6431  24.5272 0.0331600 1.038213 2
4595578.4730 5437425.2602  23.0950 0.0457637 1.235539 2
4595578.4566 5437425.6769  22.1478 0.0967858 1.557920 3
4595578.5634 5437422.5318  30.4838 0.1207605 1.004472 1
4595578.4444 5437425.5546  23.4612 0.0345147 0.985492 3
4595578.5528 5437422.3778  31.8596 0.0920449 1.038745 1
4595578.5264 5437423.0461  30.3203 0.0707841 1.378070 3
4595578.5022 5437423.2364  30.9048 0.0637956 1.425430 1
4595578.4874 5437423.6092  30.0424 0.0411997 1.031768 3
4595578.4779 5437423.4318  31.4685 0.1971751 1.206375 1
4595578.4322 5437424.5830  28.7864 0.0339172 1.158333 3
4595578.4107 5437424.7025  29.5332 0.1544734 1.188917 1
4595578.3960 5437425.0726  28.6877 0.0830768 1.087446 2
4595578.3897 5437424.4010  32.2453 0.2427934 1.713709 0
4595578.3398 5437424.8303  33.2708 0.2118271 1.536781 0
4595578.3095 5437425.1770  33.4888 0.2144512 1.515599 0
4595578.2625 5437425.9366  32.8251 0.2400533 1.137655 0
4595578.1839 5437427.4746  30.5265 0.0392397 0.954397 1
4595579.3933 5437423.4649   0.0134 0.0589334 1.142470 3
4595579.1578 5437421.6821  22.2438 0.0526576 1.143025 2
4595579.0888 5437423.5379  17.8456 0.0594463 1.072008 2
4595579.1254 5437421.5957  24.5706 0.1055404 1.180605 0
4595579.0594 5437422.4130  24.7749 0.0884583 1.399567 1
4595579.0167 5437422.1569  28.4992 0.0576840 1.001467 3
4595579.0070 5437421.9583  29.9889 0.0367635 1.068090 2
4595578.9869 5437422.4858  28.7744 0.0984612 1.078632 3
4595578.9750 5437422.3478  30.1191 0.0894917 1.065609 1
4595578.9560 5437422.8426  28.9745 0.0447074 1.699332 2
4595578.9119 5437423.9966  26.2795 0.0757763 1.147218 3
4595578.9447 5437422.6889  30.3589 0.1760057 1.306552 0
4595578.9347 5437422.5032  31.8082 0.1979300 1.076096 0
4595578.9007 5437422.9468  31.8011 0.0578332 1.066306 1
4595578.8701 5437423.7405  29.9673 0.1139070 1.093299 2
4595578.8337 5437424.6827  27.7790 0.0270280 0.991368 3
4595578.8347 5437424.2141  29.8846 0.0880707 1.046471 1
4595578.7664 5437425.9785  25.9135 0.0296104 1.189023 3
4595578.8337 5437423.8012  31.8599 0.1658970 1.098383 1
4595578.8211 5437424.1244  31.1093 0.0287657 1.163949 2
4595578.8101 5437424.4093  30.4477 0.0148441 0.775119 2
4595578.7946 5437424.8075  29.5424 0.0371630 1.140280 3
4595578.8017 5437424.1888  31.9694 0.0404018 1.042101 1
4595578.7774 5437424.8150  30.5386 0.1142018 1.171512 3
4595578.7721 5437424.5167  32.2216 0.1316898 1.095834 1
4595578.7569 5437424.9063  31.3456 0.0299318 1.200872 3
4595578.7043 5437425.8202  30.3300 0.1247608 1.091568 0
4595578.7210 5437424.9636  33.2245 0.2237354 1.342854 0
4595578.6915 5437425.2882  33.4952 0.1253950 1.008911 1
4595578.6718 5437425.7896  32.4028 0.0410200 1.210422 3
4595578.5976 5437427.2480  30.2665 0.0750647 0.985359 1
4595578.5808 5437427.6747  29.3395 0.0717853 1.292415 3
4595578.5463 5437428.1197  29.3740 0.1579515 1.129564 0
4595579.3004 5437424.9625  17.6667 0.0788413 1.071688 1
4595579.2694 5437424.8214  20.1282 0.0380108 1.048396 1
4595579.2420 5437425.5560  18.4544 0.0287839 0.946182 2
4595579.3073 5437423.3223  24.7138 0.1104208 1.037428 1
4595579.2901 5437423.3083  25.7927 0.0884087 1.114476 2
4595579.2755 5437423.6994  24.8719 0.0453601 1.198813 3
4595579.3151 5437422.1738  29.4647 0.0946444 1.126497 3
4595579.2780 5437422.6962  29.2918 0.2246283 1.419868 0
4595579.2691 5437422.4728  30.8348 0.0279777 0.932275 1
4595579.2367 5437422.8706  30.9350 0.1731052 1.020864 1
