    X-Koord.     Y-Koord. Z-Koord.      Int.   Pulsb. W
4595559.0134 5437412.9767   0.0062 0.6075454 1.028435 0
4595559.0426 5437412.4670   0.0132 0.4278841 1.045597 3
4595559.0686 5437411.9343  -0.0399 0.2510745 1.063338 3
4595559.0991 5437411.4345   0.0028 0.1071604 1.071496 3
4595558.0500 5437413.0728   0.0285 0.1723406 1.065002 3
4595558.0811 5437412.5761   0.0648 0.0395403 0.877505 3
4595557.2974 5437413.4797   0.3677 0.2096126 1.958656 3
4595557.3469 5437413.1116   0.7722 0.1014698 1.688822 3
4595558.8557 5437412.0637  22.0287 0.1156535 1.052888 1
4595556.4522 5437412.7573  -0.0865 0.3870214 1.037714 0
4595556.4829 5437412.2570  -0.0519 0.3029662 1.032966 3
4595556.5096 5437411.7259  -0.0612 0.2890336 1.058738 3
4595556.5384 5437411.2106  -0.0328 0.6199952 1.015849 0
4595558.1777 5437413.1456  25.1747 0.1067531 1.375468 1
4595558.2231 5437412.7893  25.5355 0.0415981 0.980044 1
4595558.4301 5437410.8643  26.9738 0.0925542 1.108878 1
4595558.6336 5437411.7282  30.6055 0.1414089 1.145889 0
4595558.3946 5437409.1812  25.1366 0.0763271 1.003057 1
4595555.4527 5437413.2329   0.0322 0.3679675 1.055295 0
4595555.4826 5437412.7248   0.0513 0.4356445 1.078792 0
4595555.5115 5437412.2096   0.0366 0.2978203 1.028030 3
4595555.5406 5437411.6955   0.0173 0.5816954 1.061731 0
4595555.5786 5437411.2411   0.1494 0.4750881 1.032831 0
4595555.6117 5437410.7547   0.1691 0.3632916 1.095745 3
4595555.6301 5437410.1638  -0.0393 0.1404852 1.025916 3
4595555.6628 5437409.6740   0.0867 0.3419708 1.054570 0
4595557.0831 5437411.9576  22.0098 0.1910438 1.355018 0
4595557.2697 5437412.6241  25.1663 0.2121249 1.061181 0
4595557.2965 5437412.1253  25.1555 0.0736387 1.195680 1
4595557.0935 5437410.6351  21.1694 0.0516202 0.968832 3
4595557.0797 5437409.8297  20.3552 0.1087254 1.245938 1
4595557.2401 5437409.6097  22.4489 0.1528865 1.060644 1
4595557.5091 5437410.9173  27.2483 0.1789598 1.178003 1
4595557.2648 5437409.0906  22.3962 0.0301552 1.011808 2
4595557.6929 5437411.5997  30.3637 0.0808915 1.096699 1
4595557.4551 5437409.8132  25.6420 0.0632706 1.096014 3
4595557.7305 5437411.1889  30.5855 0.1555192 1.135360 1
4595557.5257 5437408.9391  25.9509 0.0923943 1.293300 1
4595557.5784 5437407.9289  25.8895 0.0566389 1.102069 1
4595554.6786 5437413.5298   0.0665 0.4835745 1.070399 0
4595554.7053 5437412.9992   0.0126 0.3882311 1.067632 0
4595554.7664 5437411.9886   0.0460 0.3934657 1.033283 3
4595554.8020 5437411.5160   0.1536 0.5879700 1.039415 0
4595554.8547 5437411.1585   0.5336 0.4031638 1.038363 0
4595554.9473 5437411.0731   1.7408 0.4128951 1.065994 0
4595555.0464 5437411.0323   3.0828 0.4275294 1.105028 0
4595555.1428 5437410.9787   4.3760 0.2362275 1.135355 3
4595555.2317 5437410.8778   5.5205 0.0864245 1.215693 1
4595554.9846 5437409.1833   0.7502 0.1062753 1.014902 2
4595554.9451 5437408.9126  -0.0091 0.1203913 1.208678 3
4595555.0074 5437407.9037   0.0544 0.0730348 1.092498 3
4595556.0309 5437413.6045  18.9811 0.0684119 1.408133 3
4595556.0993 5437413.3905  19.7556 0.0586405 1.086761 3
4595556.3325 5437413.6524  23.2375 0.0387327 1.055971 1
4595556.2324 5437412.9434  21.2374 0.0751217 1.235924 2
4595556.3835 5437412.6331  23.0770 0.1950030 1.045951 0
4595556.5526 5437412.4620  25.2885 0.1616206 1.025321 0
4595556.5873 5437412.0211  25.4546 0.2522633 1.078162 0
4595556.5025 5437410.7080  23.2995 0.1648767 1.153856 0
4595556.5397 5437410.2806  23.4990 0.1015748 1.234406 1
4595556.6487 5437410.3811  25.0977 0.0818982 1.256723 1
4595556.5548 5437409.6908  23.2642 0.0463689 1.700248 3
4595556.8174 5437410.9276  27.8624 0.1525069 1.154642 1
4595556.7216 5437410.2197  25.9933 0.0568790 1.202363 3
4595556.8466 5437410.4479  27.9138 0.0748044 1.035485 0
4595556.9550 5437409.1618  28.4504 0.1135515 1.099308 1
4595556.9876 5437408.7070  28.5646 0.1384640 1.197151 0
4595557.1010 5437408.8645  30.2588 0.1932426 1.220512 0
4595557.1349 5437408.4220  30.3893 0.0530657 1.125843 1
4595557.0937 5437407.4032  28.9584 0.1509904 1.130743 0
4595557.5341 5437410.0863  37.2380 0.0460653 1.095710 1
4595557.1126 5437406.8420  28.7126 0.0953832 1.166475 3
4595557.3248 5437407.0701  31.8828 0.1968651 1.119221 0
4595553.9020 5437413.5156   0.1156 0.6105525 1.064241 0
4595553.9299 5437412.9924   0.0874 0.3761795 1.075706 0
4595553.9603 5437412.4857   0.1066 0.6178032 1.063574 0
4595553.9927 5437411.9917   0.1842 0.2117319 1.028412 3
4595554.0208 5437411.4702   0.1730 0.2604044 1.076310 0
4595554.0553 5437410.9893   0.1848 0.2721004 1.014474 3
4595554.0885 5437410.4986   0.1661 0.1544115 1.055929 3
4595554.2363 5437407.9228   0.1233 0.0817662 1.054017 3
4595555.2340 5437412.6540  17.7980 0.1045915 1.094828 0
4595555.3289 5437412.6195  19.0796 0.0594740 1.109728 3
4595555.4190 5437412.5542  20.2712 0.1799012 1.130121 1
4595555.3553 5437412.1096  19.0285 0.0612911 1.226778 3
4595555.3770 5437411.5658  18.8810 0.0839862 1.180345 3
4595555.6316 5437412.6615  23.2826 0.0382115 1.201634 2
4595555.6731 5437412.2655  23.5372 0.1519825 1.161623 1
4595555.8060 5437412.5169  25.5668 0.1059983 1.128970 1
4595555.7004 5437411.7665  23.5121 0.0324368 1.009545 3
4595555.9432 5437412.8066  27.6882 0.2141849 1.064488 0
4595555.9665 5437412.2874  27.5958 0.0922383 1.148901 1
4595555.8606 5437411.5276  25.5399 0.0505270 1.296447 2
4595555.7821 5437410.9638  23.9575 0.0494892 1.998656 3
4595555.9714 5437411.6322  27.1562 0.1116194 1.265118 0
4595556.1114 5437411.9552  29.3391 0.0446165 0.965392 1
4595556.0598 5437411.5812  28.3400 0.1675640 1.202606 3
4595556.3456 5437412.9693  33.3684 0.0659690 1.471037 1
4595555.9817 5437410.3221  26.2298 0.0445124 0.973673 3
4595556.3937 5437412.6360  33.7495 0.1410289 1.093949 0
4595556.2671 5437411.0212  30.7761 0.1415076 1.070740 0
4595556.1855 5437409.7277  28.6613 0.1072838 1.226481 0
4595556.2812 5437409.7417  30.0128 0.2135696 1.275550 1
4595556.2345 5437409.3958  29.1087 0.0346268 1.121252 3
4595556.4856 5437410.5673  33.4902 0.1302020 1.072066 1
4595556.3361 5437409.4543  30.5710 0.0500857 1.297564 3
4595556.4472 5437409.5875  32.2226 0.1522818 1.009135 0
4595556.4663 5437409.0358  32.0966 0.0634518 1.060031 1
4595556.5535 5437408.9974  33.2792 0.1890667 1.161200 0
4595556.7864 5437410.0666  37.2785 0.2321400 1.077012 0
4595556.8532 5437409.8855  38.0650 0.1112584 0.995782 0
4595552.8503 5437413.2702   0.0953 0.5715751 1.050276 0
4595552.8783 5437412.7465   0.0605 0.6229874 1.045356 0
4595552.9082 5437412.2367   0.0735 0.6692092 1.050545 0
4595552.9393 5437411.7311   0.1161 0.5373917 1.033114 0
4595552.9691 5437411.2188   0.1149 0.4872508 1.056535 0
4595553.0000 5437410.7129   0.1119 0.6009433 1.045610 0
4595553.0323 5437410.2169   0.1172 0.5977946 1.035934 0
4595553.0639 5437409.7132   0.0913 0.6994864 1.028663 0
4595553.0951 5437409.2084   0.0821 0.2357536 1.085560 3
4595553.1319 5437408.7395   0.1948 0.2352177 1.045653 0
4595554.8342 5437413.2516  26.8625 0.0823949 1.064950 1
4595554.6550 5437412.0151  23.4692 0.0616869 1.189299 3
4595554.8606 5437412.7535  26.8332 0.0778849 1.172750 1
4595554.8059 5437412.3747  25.7972 0.0487580 1.108479 3
4595554.8917 5437412.2863  26.8864 0.1921084 1.279078 0
4595555.0211 5437412.5045  28.8102 0.0683382 1.001789 1
4595554.9278 5437411.8525  27.0270 0.1371700 1.199270 3
4595554.9636 5437411.4176  27.1483 0.1259141 1.100416 1
4595554.9037 5437410.9967  25.9305 0.1184778 1.659818 3
4595555.1114 5437411.7741  29.4442 0.0634882 1.020220 1
4595555.1189 5437411.1408  28.9825 0.1489392 1.107278 1
4595555.0588 5437410.7146  27.7606 0.0733304 1.355233 3
4595555.1624 5437410.7638  29.2138 0.5331845 1.476809 0
4595555.2990 5437411.0532  31.3386 0.1794246 1.116470 1
4595555.2539 5437410.7300  30.4223 0.0324450 1.014990 3
4595555.4632 5437411.5470  34.0129 0.2954358 1.054685 0
4595555.4783 5437410.9746  33.6936 0.2253256 1.700865 0
4595555.7431 5437412.2105  38.3339 0.0765800 1.421486 1
4595555.5460 5437410.7803  34.4396 0.0735286 1.841602 3
4595555.7697 5437411.7246  38.3126 0.2417724 1.058728 0
4595555.7640 5437411.0035  37.6268 0.2088686 1.334900 0
4595555.7641 5437410.3203  37.0675 0.0564935 1.244645 1
4595553.3396 5437412.2113  19.7133 0.0511595 1.105914 2
4595553.4705 5437412.3959  21.5741 0.2087834 1.107708 0
4595553.6834 5437413.1351  24.9470 0.1789912 1.102933 0
4595553.7251 5437412.7367  25.1959 0.1595834 1.291191 0
4595553.8956 5437413.2062  27.8134 0.1669895 1.054707 0
4595553.9569 5437412.9431  28.4247 0.1649272 1.057622 1
4595553.7789 5437411.7375  25.1999 0.0483814 1.344855 3
4595554.0031 5437412.5818  28.7617 0.1318207 1.178501 1
4595553.9850 5437411.7779  27.9396 0.1055462 1.106946 3
4595554.0495 5437411.5414  28.6176 0.0881035 1.362667 0
4595554.3812 5437413.1470  34.2053 0.2350241 1.166965 0
4595554.4049 5437412.6381  34.1282 0.1777406 1.185000 0
4595554.2541 5437410.9130  30.7123 0.0385391 1.205450 1
4595554.1916 5437410.4782  29.4899 0.1287332 1.176317 3
4595554.8944 5437411.3671  39.6010 0.1258818 1.005865 1
4595554.8282 5437410.8936  38.2668 0.0992705 1.283124 3
4595554.9833 5437411.3304  40.7447 0.0854350 1.068651 1
4595554.9369 5437410.9973  39.8116 0.0774040 1.279496 3
4595554.9952 5437410.7406  40.3408 0.1570384 1.403478 0
4595555.0634 5437410.5588  41.0778 0.1560391 1.165515 1
4595552.8346 5437413.5001  24.2834 0.1918292 1.122904 0
4595552.8537 5437412.2666  23.5878 0.1488528 1.185304 1
4595553.0231 5437412.7089  26.1341 0.0970915 1.092131 1
4595553.1366 5437412.7867  27.6759 0.0515323 1.197683 1
4595553.1817 5437412.4112  27.9839 0.2873735 1.096554 1
4595553.4212 5437413.3435  31.8148 0.0893694 1.326961 1
4595553.2836 5437411.0600  28.3224 0.1155141 1.654482 0
4595553.3883 5437411.0914  29.7274 0.1484794 1.177560 0
4595553.4484 5437410.8218  30.2911 0.0775533 1.214234 1
4595553.6444 5437411.4900  33.4073 0.1220357 1.205986 0
4595553.5504 5437410.1610  31.0392 0.1221618 1.055255 1
4595553.7145 5437409.9368  32.9608 0.0543879 1.234486 1
4595554.0294 5437411.4608  38.3674 0.1502914 1.162757 0
4595553.9823 5437410.4540  36.8405 0.0934816 1.162518 1
4595554.1984 5437411.3030  40.4061 0.1315921 1.085113 1
4595554.1621 5437409.6929  38.5660 0.1088405 1.042443 1
4595552.3488 5437412.0299  28.9083 0.1887349 1.062687 0
4595552.3665 5437411.4715  28.6976 0.1172200 1.041581 1
4595552.3948 5437410.9830  28.6809 0.0770482 1.331025 1
4595552.5178 5437411.1278  30.3962 0.0888876 0.996394 1
4595552.4853 5437410.9108  29.8035 0.0520066 1.743487 2
4595552.7420 5437411.9558  33.9426 0.1393420 1.192625 0
4595552.8066 5437411.7195  34.6054 0.1544632 1.076979 0
4595552.6495 5437409.9824  31.1653 0.2027564 1.042426 0
4595553.0102 5437410.4134  36.2028 0.2078050 1.134782 0
4595552.8972 5437408.9577  33.5110 0.2204913 1.053964 0
4595553.0389 5437409.2587  35.5833 0.1270036 1.102633 1
4595552.4914 5437408.9756  35.9299 0.0884835 1.181346 1
4595552.5534 5437408.6379  33.5535 0.0407413 1.107043 2
4595552.3665 5437409.8861  31.1472 0.0752609 1.059039 1
4595552.5494 5437409.4665   0.1177 0.0426612 0.910723 3
4595552.4813 5437409.8992   0.1566 0.0496070 1.045127 3
4595552.4158 5437410.3181   0.0858 0.4507143 1.040557 3
4595552.3477 5437410.7513   0.1077 0.6097359 1.048724 0
4595552.8732 5437408.7847  35.8109 0.0423506 1.035868 1
4595552.8729 5437408.8460  33.4709 0.1581102 1.132701 0
4595552.6753 5437410.0317  36.3152 0.0959194 1.168645 1
4595552.6840 5437410.1065  31.1615 0.0383816 1.267318 1
4595552.8404 5437409.2657  25.0258 0.0345927 1.028965 2
4595552.5817 5437410.7799  30.2756 0.1655003 1.118407 0
4595552.4054 5437411.7880  34.7610 0.0569099 2.023026 1
4595552.5577 5437410.9718  28.7310 0.0945626 1.073407 3
4595552.5002 5437411.3432  28.5036 0.0277135 1.055841 1
4595552.5392 5437411.1345  26.9485 0.1312713 1.154853 3
4595552.4249 5437411.8096  28.9829 0.1484883 1.099165 0
4595552.3871 5437412.0756  27.9579 0.1451427 1.124483 0
4595552.4478 5437411.8828  20.2877 0.0517739 1.076433 2
4595552.9388 5437409.2679   0.0866 0.2222139 1.083740 3
4595552.8036 5437410.1278   0.1307 0.7189299 1.055559 0
4595552.7365 5437410.5551   0.1309 0.7181155 1.066797 0
4595552.6682 5437410.9890   0.1601 0.4109312 1.034220 3
4595552.6005 5437411.4191   0.1567 0.5547118 1.050273 0
4595552.5334 5437411.8466   0.1242 0.6144188 1.039608 0
4595552.4656 5437412.2771   0.1193 0.6161066 1.053269 0
4595552.3980 5437412.7073   0.1132 0.5228496 1.048789 0
4595552.3304 5437413.1369   0.1002 0.7761348 1.067478 0
4595553.1463 5437409.3220  35.3560 0.1014146 1.143399 0
4595553.2966 5437408.5813  27.2858 0.0686797 1.050852 1
4595553.0022 5437410.2188  36.1876 0.2471683 1.082501 0
4595553.0727 5437409.9066  31.0724 0.1479660 1.355297 1
4595552.9744 5437410.5605  30.0663 0.1252813 1.196418 0
4595552.7979 5437411.5651  34.5244 0.1658539 1.152853 0
4595552.8136 5437411.6136  28.9655 0.0362588 0.938532 1
4595552.7534 5437412.0003  28.8367 0.0514113 1.351641 1
4595553.4700 5437408.2058   0.1155 0.4249975 1.069407 3
4595552.7068 5437412.3142  28.1622 0.1620322 1.101579 0
4595552.6447 5437412.7110  28.1168 0.0894514 1.136995 1
4595552.6906 5437412.4687  26.2624 0.0680438 1.063398 3
4595552.6266 5437412.8750  26.2778 0.1487033 1.128703 1
4595553.2683 5437409.4913   0.0784 0.0505346 1.063238 3
4595552.5413 5437413.3942  27.1781 0.1847099 1.071239 0
4595552.5515 5437413.4106  24.1415 0.0240767 1.015579 2
4595553.1323 5437410.3562   0.1899 0.1302794 0.991908 3
4595553.0655 5437410.7823   0.1738 0.4982423 1.064438 0
4595552.9977 5437411.2135   0.1887 0.2829177 1.034499 3
4595552.9310 5437411.6388   0.1408 0.4620386 1.046764 3
4595552.8638 5437412.0669   0.1013 0.2153392 1.049203 3
4595552.7964 5437412.4965   0.0692 0.6747811 1.043233 0
4595552.7272 5437412.9349   0.1307 0.4194577 1.076831 3
4595552.6600 5437413.3632   0.1107 0.8573891 1.021961 0
4595553.5873 5437409.3465  39.0604 0.1660881 1.193227 1
4595553.5012 5437409.9362  37.7454 0.2139405 1.075882 0
4595553.5632 5437409.6808  33.0934 0.0458690 1.130834 1
4595553.6047 5437409.4632  31.5209 0.0626779 1.033711 2
4595553.7192 5437408.8627  27.2417 0.0572674 1.053634 3
4595553.4356 5437410.4193  35.6342 0.1401820 1.808067 0
4595553.2854 5437411.2752  39.0102 0.1210152 1.102233 0
4595553.4630 5437410.4186  29.8690 0.1058607 1.083539 1
4595553.6217 5437409.5901  23.7209 0.0591978 1.153139 3
4595553.3037 5437411.3220  33.6097 0.1977689 1.176050 0
4595553.3531 5437411.1371  29.2939 0.0322442 1.202569 1
4595553.2957 5437411.5094  29.0908 0.2059357 1.064701 0
4595553.2384 5437411.8806  28.8282 0.0287710 0.931102 1
4595553.2588 5437411.7751  28.0462 0.0790408 1.031242 2
4595553.3299 5437411.4054  25.2963 0.0456073 1.256457 3
4595553.3079 5437411.5949  23.6495 0.0653762 1.181813 0
4595553.0222 5437413.1502  32.3224 0.1186509 1.409499 0
4595553.1400 5437412.6165  25.1587 0.1222830 1.045707 1
4595553.1827 5437412.3953  23.4667 0.0533512 1.261817 3
4595553.0804 5437413.0004  24.9943 0.1921583 1.094291 1
4595553.1622 5437412.5783  21.7247 0.0235080 1.100452 3
4595552.9823 5437413.5835  26.3734 0.0928713 1.093874 1
4595553.6299 5437410.2456   0.2730 0.1535388 1.041291 3
4595553.5631 5437410.6717   0.2914 0.6336403 1.051872 0
4595553.4971 5437411.0943   0.2688 0.5402380 1.074166 0
4595553.4300 5437411.5222   0.2614 0.3693875 1.042459 3
4595553.3624 5437411.9525   0.2100 0.2556738 1.038709 3
4595553.2952 5437412.3811   0.1422 0.4254317 1.055426 3
4595553.2277 5437412.8107   0.1237 0.6062405 1.024247 0
4595553.1591 5437413.2465   0.1556 0.5184353 1.047048 0
4595554.1928 5437408.3336  35.9866 0.0578063 1.155830 1
4595554.1043 5437408.8651  36.9277 0.1696038 1.139849 0
4595553.9449 5437409.7635  40.4566 0.1061841 1.055545 1
4595553.9958 5437409.5002  38.6056 0.0488400 1.047454 3
4595554.1359 5437408.8486  31.2650 0.1391534 1.205238 1
4595554.1826 5437408.6068  29.5696 0.0406346 1.641848 3
4595553.8398 5437410.4523  39.8524 0.1244716 1.103869 1
4595553.9048 5437410.1165  37.4408 0.0799802 1.141734 3
4595553.8915 5437410.2594  35.6656 0.0825126 1.043121 1
4595553.9625 5437409.8932  33.0239 0.0543278 1.428476 3
4595553.7490 5437411.0680  38.7473 0.2469573 1.060207 0
4595553.8199 5437410.7782  33.7571 0.0849925 1.088736 1
4595553.8896 5437410.4196  31.1022 0.0390447 1.158748 3
4595553.7655 5437411.1336  33.5051 0.2555972 1.892468 0
4595553.8128 5437410.9678  29.3334 0.0729475 1.177488 1
4595553.8889 5437410.5775  26.3948 0.0682842 1.306650 2
4595553.9083 5437410.4777  25.6442 0.0252460 1.177630 3
4595553.6163 5437412.1292  32.0363 0.0655707 1.006929 1
4595553.7188 5437411.6047  28.1574 0.1202628 1.072056 3
4595553.5499 5437412.5461  32.1419 0.1679633 1.218062 0
4595553.5660 5437412.5426  29.0869 0.1418922 1.048161 0
4595553.5991 5437412.4543  25.3488 0.1585933 1.237112 0
4595553.5421 5437412.8249  25.0719 0.1578858 1.096371 0
4595554.0900 5437410.1268   0.8145 0.2054445 1.642004 0
4595554.0378 5437410.4787   0.2189 0.4853968 1.046145 0
4595553.9723 5437410.8975   0.1908 0.4025017 1.056453 3
4595553.9061 5437411.3203   0.1950 0.5272272 1.047658 0
4595553.8377 5437411.7537   0.2281 0.2780508 1.041845 3
4595553.7705 5437412.1816   0.1738 0.6159720 1.034958 0
4595553.7039 5437412.6063   0.0971 0.5591892 1.052191 3
4595553.6353 5437413.0411   0.1247 0.4170967 1.046694 3
4595553.5671 5437413.4732   0.1364 0.7029635 1.039496 0
4595554.4889 5437408.4377  36.6152 0.2056154 1.827844 0
4595554.4271 5437408.8302  36.5935 0.1090250 1.023608 1
4595554.2646 5437409.7423  40.1753 0.1659290 1.043107 1
4595554.3127 5437409.4943  38.4497 0.0537580 1.276510 3
4595554.4565 5437408.8277  31.0276 0.0759394 1.053824 1
4595554.4922 5437408.6441  29.7447 0.1145270 1.141172 3
4595554.2166 5437410.1377  37.4377 0.0232646 0.911653 1
4595554.2827 5437409.7976  35.0281 0.1797248 1.031993 3
4595554.0759 5437410.9351  40.4190 0.1715705 1.040809 0
4595554.0709 5437411.0356  38.3565 0.0835147 1.202852 1
4595554.2633 5437410.0490  31.1425 0.0259923 1.144598 2
4595554.3127 5437409.7956  29.3228 0.0538013 1.105701 3
4595554.1324 5437410.7964  33.7258 0.2580033 1.099807 0
4595554.0967 5437411.0562  32.7728 0.1128384 1.275394 1
4595554.2083 5437410.4854  28.4878 0.0801053 1.105489 3
4595553.8920 5437412.1793  38.1583 0.1763225 1.084039 0
4595553.9908 5437411.7526  32.1063 0.0267776 0.899828 1
4595553.8092 5437412.7561  36.5823 0.0248349 0.959873 1
4595553.9282 5437412.1504  32.0815 0.1591994 1.112463 3
4595553.9424 5437412.1572  29.1311 0.1627656 1.071125 0
4595553.7373 5437413.2789  34.5683 0.0555759 1.003616 1
4595554.0270 5437411.8083  23.4501 0.0873777 1.140931 3
4595553.8407 5437412.8346  28.1482 0.1768608 1.112782 0
4595553.8609 5437412.8140  24.8867 0.1589207 1.133223 0
4595553.8040 5437413.1842  24.6082 0.0825155 1.156794 1
4595554.4234 5437410.0561   0.1213 0.3187678 1.083275 3
4595553.8065 5437413.2550  21.9870 0.0366418 1.227746 1
4595554.3550 5437410.4891   0.1310 0.3363016 1.052926 3
4595553.7489 5437413.6296  21.7083 0.0781523 1.164126 2
4595554.2897 5437410.9070   0.1145 0.2807777 1.067524 3
4595554.2227 5437411.3334   0.1663 0.4471708 1.043124 3
4595554.1545 5437411.7660   0.2081 0.2821597 1.057515 3
4595554.0883 5437412.1884   0.1279 0.4920162 1.084876 3
4595554.0211 5437412.6157   0.0846 0.4453331 1.051966 3
4595553.9520 5437413.0525   0.1295 0.3864599 1.050162 3
4595553.8838 5437413.4847   0.1385 0.5073409 1.043573 0
4595554.7246 5437409.2976  38.5103 0.1259573 1.135412 1
4595554.7993 5437408.9159  35.8857 0.0274643 1.053287 2
4595554.6227 5437409.8946  39.8848 0.0399494 0.970214 1
4595554.6639 5437409.6845  38.4374 0.1165900 1.087014 3
4595554.5398 5437410.3946  40.6083 0.1465184 1.134332 0
4595554.4967 5437410.6918  39.9737 0.0950965 1.092745 1
4595554.5441 5437410.4508  38.2260 0.0456280 1.012755 2
4595554.5729 5437410.3043  37.2006 0.0992415 1.175299 3
4595554.4888 5437410.8106  38.0546 0.0398825 1.086927 1
4595554.5656 5437410.4209  35.2072 0.1012919 1.092992 3
4595554.4458 5437411.1083  37.4420 0.1568475 1.099861 1
4595554.4931 5437410.8684  35.6515 0.0449400 2.519686 3
4595554.3811 5437411.5157  37.6334 0.2139835 1.105986 0
4595554.3722 5437411.6413  35.6804 0.1885544 1.079125 0
4595554.3052 5437412.0608  35.8609 0.1718877 1.101088 0
4595554.2408 5437412.4671  35.9352 0.0442711 1.321175 1
4595554.2860 5437412.2392  34.2448 0.1207554 1.077167 3
4595554.2204 5437412.6522  34.3641 0.2119060 1.048358 0
4595554.1593 5437413.0419  34.3176 0.1748520 1.128002 1
4595554.4350 5437411.6572  23.8615 0.0247327 0.910842 3
4595554.2884 5437412.4780  27.0089 0.0874446 1.132645 1
4595554.3294 5437412.2725  25.4464 0.0249818 0.982617 2
4595554.3849 5437411.9946  23.3309 0.0681958 1.128709 3
4595554.2213 5437412.8999  27.1465 0.1390062 1.125831 1
4595554.3738 5437412.1364  21.2921 0.0258461 1.252996 3
4595554.1575 5437413.3047  27.1595 0.1492913 1.406688 0
4595554.1208 5437413.6625  23.6214 0.0723044 1.331769 2
4595554.6962 5437410.7969   0.9481 0.1551436 1.199365 3
4595554.6487 5437411.1264   0.2213 0.3692211 1.067375 3
4595554.5846 5437411.5393   0.1476 0.1531500 1.023150 3
4595554.5179 5437411.9644   0.1074 0.2124159 1.039750 3
4595554.4502 5437412.3949   0.1026 0.2530945 1.024418 0
4595554.3809 5437412.8332   0.1605 0.3714376 1.035694 3
4595554.3138 5437413.2607   0.1381 0.1705174 1.057675 0
4595555.2824 5437409.0843  35.1992 0.1203025 1.054348 1
4595555.0250 5437410.4523  41.8780 0.1587196 1.181778 0
4595554.9752 5437410.7841  41.5170 0.0436586 0.912970 1
4595554.9955 5437410.6831  40.7850 0.1151553 1.903122 3
4595554.9970 5437410.7600  38.5710 0.0145474 0.697008 1
4595555.0091 5437410.6997  38.1309 0.0250864 1.229195 2
4595555.0459 5437410.5169  36.7965 0.1993276 2.192412 3
4595554.9744 5437410.9577  37.2037 0.0484172 1.007211 1
4595555.0407 5437410.6290  34.7855 0.0124694 0.654956 2
4595555.0498 5437410.5839  34.4539 0.1089322 2.399771 3
4595554.9924 5437410.9550  34.3396 0.3220914 1.107710 1
4595555.0617 5437410.6116  31.7957 0.0163137 0.861734 3
4595554.9017 5437411.4913  35.4533 0.0247122 0.839428 1
4595554.9295 5437411.3537  34.4235 0.1434782 1.201789 3
4595554.8693 5437411.7388  34.3773 0.1125877 1.159762 1
4595554.9949 5437411.1188  29.7454 0.0221574 1.098034 2
4595555.0230 5437410.9801  28.7010 0.0476968 1.007949 3
4595554.9422 5437411.4681  29.4203 0.0285802 1.144801 1
4595554.9613 5437411.3740  28.7057 0.0484517 0.986980 2
4595555.0129 5437411.1200  26.7778 0.0560051 1.282499 3
4595554.8843 5437411.8430  29.2398 0.0981364 1.160244 1
4595554.9583 5437411.4793  26.5135 0.0270681 1.285372 3
4595554.8616 5437412.1373  25.3881 0.1161199 1.192312 1
4595554.9092 5437411.9039  23.6130 0.0473221 1.207910 3
4595554.7571 5437412.7414  26.9117 0.0787504 1.041200 1
4595554.7850 5437412.6050  25.8694 0.0462099 1.384990 2
4595554.8415 5437412.3282  23.7516 0.0242905 1.140978 3
4595554.7195 5437413.0179  25.9256 0.1085108 1.157569 1
4595554.7707 5437412.7679  23.9997 0.0584445 1.141701 3
4595554.6153 5437413.6198  27.4561 0.1320269 1.125051 0
4595554.8102 5437412.7654  17.6120 0.1479397 1.149829 1
4595555.2634 5437410.5600   0.1675 0.0593504 1.436700 3
4595555.1954 5437410.9913   0.2410 0.3652530 1.051775 3
4595555.1317 5437411.4016   0.1390 0.0618887 1.068163 3
4595555.0665 5437411.8197   0.0588 0.2172103 1.027378 3
4595554.9981 5437412.2529   0.0856 0.2280242 1.066998 3
4595554.9296 5437412.6868   0.1122 0.3714963 1.048766 0
4595554.8625 5437413.1133   0.0786 0.0856660 1.054654 3
4595554.7934 5437413.5501   0.1209 0.0811600 1.050666 3
4595555.8430 5437408.0896  32.9719 0.0724674 1.060564 1
4595555.7342 5437408.7156  34.5278 0.0282362 1.170714 1
4595555.5029 5437409.9453  40.1970 0.2198124 1.081047 0
4595555.3991 5437410.5436  41.5904 0.1057152 1.038628 1
4595555.4250 5437410.4162  40.6981 0.0325997 1.190407 2
4595555.3806 5437410.7217  40.1234 0.2012990 1.089244 1
4595555.4679 5437410.2921  37.0732 0.0614670 1.092548 3
4595555.3775 5437410.8250  38.0807 0.1328273 0.949403 1
4595555.3976 5437410.7259  37.3591 0.1839668 1.127175 2
4595555.4453 5437410.4915  35.6546 0.0553341 1.407340 3
4595555.4183 5437410.7135  34.4365 0.1636942 1.136359 0
4595555.2770 5437411.4957  37.3516 0.1966224 1.079932 0
4595555.2118 5437411.9043  37.4748 0.1775270 1.071613 0
4595555.1483 5437412.3043  37.5402 0.1535518 1.110151 0
4595555.1661 5437412.3088  34.6517 0.1241575 1.035745 1
4595555.2785 5437411.7612  30.5731 0.0306244 1.028873 2
4595555.3066 5437411.6246  29.5548 0.0536515 1.184034 3
4595555.0992 5437412.7263  34.8141 0.1855090 1.115763 0
4595555.0327 5437413.1416  34.9586 0.2026684 1.127639 0
4595554.9602 5437413.5861  35.3293 0.1421897 1.212255 0
4595555.1557 5437412.7343  25.7908 0.1669628 1.053342 1
4595555.2016 5437412.5122  24.0920 0.0500136 1.322101 3
4595555.0974 5437413.1124  25.5745 0.1030501 1.071674 0
4595555.0891 5437413.2493  23.4866 0.0441984 1.034651 1
4595555.2404 5437412.5209  17.8247 0.1148730 1.067840 3
4595555.6411 5437410.6941   0.1409 0.1358952 1.041730 0
4595555.5745 5437411.1181   0.1165 0.4139754 1.038234 3
4595555.5094 5437411.5354   0.0515 0.2491936 1.057444 3
4595555.4414 5437411.9662   0.0613 0.2004074 1.037181 3
4595555.3726 5437412.4009   0.1090 0.3567175 1.044304 3
4595555.3067 5437412.8215   0.0228 0.1102048 1.045978 3
4595555.2363 5437413.2642   0.1072 0.2751613 1.044793 0
4595556.0833 5437408.5012  34.7873 0.1751379 1.701253 0
4595555.8643 5437409.6684  40.0067 0.1755109 1.170181 0
4595555.8596 5437409.7803  38.0383 0.0394542 1.462093 1
4595555.8955 5437409.6037  36.8255 0.1189333 1.255092 3
4595555.7471 5437410.4217  39.7000 0.0351129 1.101361 1
4595555.7891 5437410.2155  38.2764 0.0920814 1.034293 2
4595555.8211 5437410.0586  37.1924 0.0525150 1.108407 3
4595555.6687 5437410.8948  40.2952 0.0840675 1.058576 1
4595555.7910 5437410.2961  36.0500 0.0905421 1.712604 3
4595555.7411 5437410.6310  35.5970 0.1171850 1.103178 0
4595555.6037 5437411.3928  38.3049 0.2367275 1.048775 0
4595555.5452 5437411.7695  38.2013 0.1129232 1.245258 1
4595555.6723 5437411.1501  33.6614 0.0699341 1.171139 3
4595555.6726 5437411.2412  31.4325 0.0464676 0.933510 1
4595555.6918 5437411.1482  30.7443 0.0365776 1.192860 2
4595555.7528 5437410.8515  28.5520 0.0509830 1.493748 2
4595555.8768 5437410.2482  24.1556 0.0428938 1.147851 3
4595555.6288 5437411.5483  30.7708 0.1123028 1.228823 1
4595555.6975 5437411.2146  28.2816 0.0889354 1.022762 3
4595555.5686 5437411.9347  30.6788 0.1152040 1.173624 1
4595555.6050 5437411.7582  29.3633 0.0280677 1.256313 3
4595555.5070 5437412.3280  30.6340 0.1717670 1.190979 0
4595555.4829 5437412.5402  29.2179 0.1469424 1.005847 0
4595555.4279 5437412.9019  28.9137 0.1885997 1.198228 0
4595555.4453 5437412.9159  25.9311 0.1187536 1.011413 1
4595555.6682 5437411.8438  17.6890 0.0997582 1.027705 3
4595555.3653 5437413.3985  26.5267 0.0461471 1.080779 1
4595555.5332 5437412.5926  20.2997 0.1947994 1.073687 3
4595555.5412 5437412.6551  17.5812 0.1038810 1.211064 1
4595555.5633 5437412.5491  16.7547 0.0267958 0.981732 2
4595556.0084 5437410.4167   0.0846 0.0766478 0.998933 3
4595555.4509 5437413.1888  18.5208 0.2216779 1.871888 1
4595555.4910 5437412.9973  17.0175 0.0253909 1.083504 2
4595555.9415 5437410.8427   0.0353 0.1968199 1.108645 3
4595555.3845 5437413.6082  18.5773 0.0993036 1.083606 2
4595555.8731 5437411.2763   0.0675 0.0374155 1.010125 3
4595555.8058 5437411.7048   0.0557 0.2986882 1.053784 0
4595555.7373 5437412.1389   0.0770 0.1466167 1.020780 3
4595555.6015 5437413.0011   0.0803 0.1060029 1.062850 3
4595555.5336 5437413.4320   0.0735 0.1831923 1.074230 3
4595556.7823 5437407.2669  29.1491 0.1515947 1.063946 1
4595556.5899 5437408.2949  33.5388 0.1357534 1.098889 0
4595556.5359 5437408.6509  33.2576 0.0348717 0.989114 1
4595556.3227 5437409.7757  38.2103 0.0941635 0.997728 1
4595556.5481 5437408.6873  30.7153 0.1703589 1.121659 3
4595556.2891 5437410.0325  37.2263 0.1485956 1.255741 1
4595556.5336 5437408.8537  29.0479 0.0525647 1.257202 3
4595556.6279 5437408.4971  23.6851 0.0975582 1.576479 1
4595556.6520 5437408.3808  22.8492 0.0597997 0.912371 3
4595556.2700 5437410.3156  33.5977 0.1674434 1.067243 0
4595556.3583 5437409.9895  28.4229 0.1771083 1.526517 0
4595556.2194 5437410.7534  30.9725 0.1501625 1.026955 0
4595556.3757 5437410.1055  23.3677 0.1319184 1.137413 0
4595556.0154 5437411.9253  33.6910 0.0668039 1.030445 1
4595556.1598 5437411.2369  28.6310 0.1002105 1.077516 3
4595555.9511 5437412.3310  33.7479 0.0979193 1.053585 1
4595556.0262 5437411.9732  31.0957 0.0303092 1.045846 3
4595556.0581 5437411.9223  27.7229 0.0622838 1.035228 1
4595556.1163 5437411.6460  25.6644 0.0730430 0.970135 2
4595556.1888 5437411.3015  23.0931 0.0203677 0.929298 3
4595555.9984 5437412.3072  27.5771 0.1318919 1.073586 1
4595556.0501 5437412.0623  25.7334 0.0327750 1.211426 3
4595555.9297 5437412.7349  27.7713 0.2439323 1.119977 0
4595555.8655 5437413.1413  27.8003 0.0538560 1.177617 1
4595555.9870 5437412.5675  23.3868 0.0917792 1.214388 2
4595556.0422 5437412.3068  21.3889 0.0373961 1.091478 2
4595556.6331 5437409.5165   0.1439 0.0493710 1.242920 3
4595555.7753 5437413.6701  28.7839 0.0809942 1.065619 1
4595555.9805 5437412.7033  21.2913 0.0802091 1.148906 3
4595555.8856 5437413.3619  20.0510 0.0539635 1.305453 3
4595556.3608 5437411.2439   0.0457 0.2322391 1.018638 3
4595556.2939 5437411.6706  -0.0118 0.2623456 1.031736 3
4595556.2235 5437412.1128   0.0570 0.0419779 1.059958 3
4595556.1573 5437412.5365  -0.0228 0.1377317 1.081524 3
4595556.0889 5437412.9696   0.0103 0.0815424 1.078806 3
4595557.1756 5437407.4794  28.9361 0.0806387 0.986696 1
4595557.0657 5437408.1036  30.4868 0.1425768 1.066455 0
4595556.7706 5437409.6104  38.1523 0.1652017 1.090352 1
4595556.7343 5437409.8812  37.2817 0.1612666 1.199973 0
4595556.8835 5437409.4737  25.8906 0.1705451 1.100883 0
4595556.7609 5437410.1557  27.8652 0.0815251 1.132603 1
4595556.9156 5437409.4247  22.6097 0.0782353 1.085987 3
4595556.6126 5437410.9589  30.7297 0.1657436 1.127833 0
4595556.8455 5437409.9650  20.5425 0.0869181 1.028338 0
4595556.7868 5437410.3472  20.3137 0.0674023 1.307356 1
4595557.3653 5437407.6294   0.2535 0.0365589 1.015185 3
4595556.3309 5437412.5917  33.8588 0.1957805 1.093829 0
4595556.2763 5437412.9509  33.6014 0.0480403 1.557765 1
4595556.5088 5437411.8628  25.4366 0.1382466 1.254615 3
4595556.4491 5437412.2485  25.2545 0.0721363 1.082645 1
4595556.5381 5437411.8331  22.1376 0.0947534 1.223853 2
4595557.1643 5437408.9086   0.1303 0.1818457 1.030193 3
4595556.3152 5437412.9796  27.7551 0.1653644 1.081430 1
4595556.4000 5437412.5844  24.7133 0.0277811 1.185497 3
4595556.2478 5437413.4002  27.9125 0.2213861 1.040716 0
4595556.3113 5437413.2133  23.3296 0.0406122 1.015371 1
4595556.3716 5437412.9336  21.1436 0.1123553 1.236040 3
4595556.4172 5437412.8328  17.1440 0.0552390 1.036774 2
4595556.4360 5437412.7455  16.4552 0.0357245 1.139832 3
4595556.8228 5437411.0710   0.0632 0.3715733 1.057498 3
4595556.7546 5437411.5025   0.0377 0.2198173 1.050001 3
4595556.6867 5437411.9332   0.0026 0.3740282 1.050821 0
4595556.6195 5437412.3605  -0.0614 0.0841345 1.142724 3
4595556.5471 5437412.8114   0.1061 0.0490418 1.427119 3
4595556.4830 5437413.2245  -0.0156 0.1854804 1.036290 3
4595556.4131 5437413.6641   0.0844 0.0437737 1.049002 3
4595557.4326 5437407.4265  30.4301 0.0435833 1.093997 1
4595557.3701 5437407.8244  30.4131 0.0448040 1.079838 1
4595557.3098 5437408.2122  30.3212 0.0605816 1.206343 1
4595557.2519 5437408.5879  30.1494 0.1224786 1.061353 1
4595557.3762 5437407.9947  25.9993 0.0398836 1.196579 3
4595557.1224 5437409.6088  25.9010 0.2262183 1.037557 0
4595556.9975 5437410.3028  27.9689 0.0916636 1.014543 1
4595557.1555 5437409.5559  22.5844 0.0576902 1.055987 3
4595556.9388 5437410.6836  27.7794 0.1401748 1.090927 0
4595557.0195 5437410.4074  22.7941 0.0585263 1.048756 1
4595557.6747 5437407.3217   0.1176 0.2514877 1.067031 3
4595557.0524 5437410.3589  19.4114 0.1111847 1.098132 1
4595557.6074 5437407.7499   0.1159 0.1519730 1.023137 3
4595556.5745 5437412.7082  33.7567 0.0799619 1.222490 1
4595556.8132 5437411.5882  25.4444 0.0482977 1.123767 2
4595556.8816 5437411.2675  23.0681 0.0350626 1.145593 3
4595556.5069 5437413.1291  33.9571 0.0362242 1.162045 1
4595556.7488 5437411.9963  25.4303 0.0775676 1.250313 2
4595556.8339 5437411.5983  22.4599 0.0378507 1.109894 3
4595556.7840 5437411.9390  21.9224 0.0433343 1.098424 1
4595557.4029 5437409.0475   0.1086 0.5223551 1.078780 3
4595556.5559 5437413.1108  27.7542 0.1249453 1.076667 1
4595557.3344 5437409.4815   0.1196 0.1213131 0.997885 3
4595556.4872 5437413.5379  27.9677 0.0523949 1.209798 1
4595557.2665 5437409.9129   0.1031 0.2105623 1.027881 3
4595556.7362 5437412.4904  16.6313 0.1474916 1.167620 0
4595556.6802 5437412.8618  16.3188 0.0934761 1.087049 1
4595557.1317 5437410.7702   0.0167 0.1075180 1.005202 3
4595557.0625 5437411.2077   0.0297 0.6584555 1.064844 0
4595556.9947 5437411.6384  -0.0020 0.5695137 1.045933 0
4595556.9271 5437412.0677  -0.0394 0.3362000 1.041999 3
4595556.8201 5437412.6784   1.3933 0.0546242 1.469574 2
4595556.8590 5437412.4996  -0.0640 0.0687058 1.157433 3
4595556.7716 5437413.0200   0.6852 0.0670106 1.061048 3
4595556.7230 5437413.3626  -0.0145 0.1681637 1.057403 3
4595557.5668 5437409.3974  25.6190 0.1666196 1.060745 1
4595557.2863 5437410.9220  30.7415 0.1015386 1.059435 1
4595557.3743 5437410.5116  27.7838 0.0637101 1.151967 3
4595557.3270 5437410.8391  27.2097 0.1547907 1.359711 1
4595557.9888 5437407.9880   0.0436 0.7542965 1.049310 0
4595557.9195 5437408.4263   0.0963 0.7125938 1.050824 0
4595557.1269 5437412.2046  25.2345 0.1481967 1.105277 0
4595557.0623 5437412.6141  25.2519 0.0455361 1.084391 1
4595557.1576 5437412.1745  21.9167 0.1221311 1.145309 3
4595557.7157 5437409.7214   0.0555 0.3830599 1.058468 0
4595557.6463 5437410.1597   0.0920 0.0301718 0.888077 3
4595557.5103 5437411.0236   0.0506 0.2723784 1.065759 3
4595557.4425 5437411.4548   0.0180 0.2601596 1.035652 3
4595557.3710 5437411.9022   0.1262 0.0726366 1.013808 3
4595557.3011 5437412.3427   0.1810 0.1932489 1.081061 3
4595557.2008 5437412.9204   1.3818 0.1201333 1.097534 3
4595557.1511 5437413.2693   0.7324 0.0623056 1.056846 3
4595558.1985 5437408.9234  25.3398 0.1057798 0.972594 1
4595558.1435 5437409.2881  25.0358 0.1520575 1.251999 1
4595558.0684 5437409.7452  25.3827 0.1297012 1.301443 1
4595557.7794 5437411.2887  30.6743 0.2125862 1.090159 0
4595558.4292 5437408.8247   0.0765 0.6844155 1.053482 0
4595557.6192 5437412.5916  25.3167 0.2023192 1.119846 0
4595557.6651 5437412.5042  21.5452 0.0316862 0.906926 1
4595558.2925 5437409.6907   0.0817 0.4167282 1.060582 3
4595557.4951 5437413.3851  25.2082 0.1901832 1.094971 0
4595558.1551 5437410.5596   0.0898 0.6656012 1.066973 0
4595558.0866 5437410.9932   0.0911 0.5931750 1.045817 0
4595558.0193 5437411.4214   0.0463 0.3350130 1.064438 3
4595557.9515 5437411.8517   0.0259 0.2264483 1.039401 3
4595557.8831 5437412.2843   0.0243 0.6684790 1.055207 0
4595557.8129 5437412.7249   0.1040 0.3487707 1.044548 0
4595557.6804 5437413.5722  -0.0002 0.2527615 1.029905 3
4595558.5663 5437408.9538  25.1449 0.1051784 1.323656 1
4595558.3003 5437410.5068  27.5276 0.1476848 1.077375 1
4595558.1445 5437411.3256  30.5389 0.1249229 1.312740 1
4595558.1619 5437411.7219  21.4408 0.0402413 1.017261 1
4595557.9770 5437412.6680  25.5010 0.1180466 1.042252 1
4595558.7293 5437409.3165   0.0781 0.1008128 1.034801 3
4595557.9370 5437412.9668  24.6898 0.0596265 1.144122 1
4595558.6586 5437409.7601   0.1599 0.2906011 1.139215 3
4595558.5915 5437410.1872   0.1160 0.6459238 1.050090 0
4595558.5242 5437410.6156   0.0735 0.4762547 1.071008 3
4595558.2518 5437412.3425   0.0635 0.6195450 1.047454 3
4595558.1816 5437412.7838   0.1407 0.5190614 1.055390 0
4595558.0506 5437413.6243  -0.0154 0.0394161 1.191747 3
4595558.6735 5437410.5466  27.3075 0.0946354 1.044328 1
