    X-Koord.     Y-Koord. Z-Koord.      Int.   Pulsb. W
4595573.4337 5437406.4559   0.0645 0.1048375 1.064370 3
4595573.4594 5437405.9207  -0.0193 0.1033219 1.082864 3
4595573.4907 5437405.4474   0.0795 0.0520623 1.313378 3
4595572.4775 5437408.4712   0.2262 0.0448446 0.983264 3
4595572.5053 5437407.9599   0.1885 0.3566229 1.111953 0
4595572.5336 5437407.4526   0.1687 0.2180603 1.063817 3
4595572.7287 5437403.8593   0.2261 0.2440554 1.044821 3
4595573.9219 5437405.3445  24.3500 0.0482466 1.383351 3
4595571.6766 5437408.6790   0.0869 0.0789155 1.040954 3
4595571.7038 5437408.1593  -0.0131 0.0795745 1.183188 3
4595571.7629 5437407.1694  -0.0591 0.4608748 1.073855 3
4595571.7958 5437406.7093   0.0875 0.1395078 1.023401 0
4595571.8211 5437406.1704   0.0522 0.2312583 1.033125 3
4595571.8454 5437405.6188   0.0107 0.1920536 1.029622 3
4595571.8999 5437404.5729  -0.0429 0.3851161 1.034629 0
4595571.9281 5437404.0612   0.0056 0.1836797 1.073379 3
4595572.7017 5437404.4922  14.9544 0.1027382 1.305052 1
4595573.1398 5437406.3054  24.9332 0.1592557 1.103665 3
4595573.0649 5437404.6278  21.8825 0.0783336 1.114252 1
4595573.2765 5437406.2990  27.4891 0.0745322 0.989438 1
4595573.2239 5437405.6816  25.8530 0.0869051 1.067005 3
4595573.4203 5437404.7911  28.6883 0.2608811 1.379982 0
4595573.4885 5437404.8037  29.9769 0.0848930 1.092642 1
4595573.6330 5437404.9411  32.8002 0.2444401 1.798163 0
4595571.1295 5437407.9085  -0.0363 0.0733685 1.027303 3
4595571.1567 5437407.3859  -0.1435 0.1315182 1.052430 3
4595571.1941 5437406.9691   0.1210 0.0626660 1.086359 3
4595571.2469 5437406.7139   0.8331 0.2046264 1.207035 3
4595571.3129 5437406.5982   1.9272 0.0748716 1.293248 2
4595571.2459 5437405.8954   0.0630 0.2433057 1.052215 3
4595571.2709 5437405.3477   0.0164 0.3340282 1.085046 3
4595571.2980 5437404.8203  -0.0435 0.5906055 1.040061 0
4595571.3261 5437404.3042  -0.0461 0.2718056 1.041926 3
4595571.3828 5437403.2741   0.0431 0.1499143 1.014085 3
4595572.6720 5437408.7168  29.5138 0.1796592 1.915194 0
4595572.5360 5437406.3662  24.4564 0.0901991 1.242292 1
4595572.5015 5437405.9704  23.4131 0.0927438 1.140977 2
4595572.7449 5437407.1789  29.1985 0.0337156 1.032745 1
4595572.6839 5437406.4719  27.3123 0.0765649 1.275482 3
4595572.8353 5437406.6384  30.3021 0.0325846 0.987651 1
4595572.8805 5437406.3703  30.8595 0.1496090 1.138328 0
4595572.8988 5437404.9831  29.8193 0.1436087 1.018535 1
4595573.0097 5437405.5002  32.3533 0.1640383 1.400920 0
4595573.0258 5437404.8885  32.0851 0.0469289 1.238397 1
4595573.0622 5437404.5213  32.4219 0.1030321 1.039409 1
4595570.3688 5437407.7528   0.1494 0.0701654 1.040088 3
4595570.4552 5437406.2335   0.2025 0.1000946 1.022938 3
4595570.4808 5437405.6941   0.1390 0.2287731 1.037254 3
4595570.5360 5437404.6506   0.2104 0.1633504 1.020805 3
4595570.5595 5437404.0852   0.0704 0.0700882 1.527262 3
4595570.8941 5437406.7888   8.7169 0.0232456 0.669400 2
4595570.8625 5437406.4562   7.8133 0.2955164 1.313227 3
4595570.9398 5437406.4739   9.2322 0.1101230 1.226723 3
4595571.1854 5437408.2800  15.6467 0.0774034 1.098320 2
4595571.0151 5437406.4721  10.5966 0.0753267 1.052619 3
4595571.6285 5437408.3370  23.8337 0.1035598 1.149280 1
4595571.5635 5437407.6249  21.7466 0.0460607 1.246875 3
4595571.6250 5437407.5111  22.7392 0.1335143 1.048557 1
4595571.7442 5437408.0391  25.5867 0.1418066 1.167476 3
4595571.7677 5437407.5123  25.3748 0.0496190 1.189471 1
4595571.5934 5437405.5748  20.3526 0.0668957 1.079288 2
4595571.6703 5437405.6343  21.8079 0.0513421 1.085804 1
4595571.9289 5437407.7393  28.6213 0.0754488 1.166644 1
4595571.9639 5437407.3460  28.8246 0.1554692 1.097548 1
4595571.9288 5437406.9498  27.7718 0.1087159 1.663621 3
4595572.0801 5437407.8754  31.5631 0.0881278 1.165636 1
4595571.9582 5437406.4925  27.8457 0.0553448 1.060439 3
4595572.1409 5437407.7810  32.5732 0.1990332 1.120581 0
4595572.0874 5437406.3814  30.1226 0.2770015 1.032206 0
4595572.0692 5437405.3778  28.8482 0.0957545 1.112338 1
4595572.0142 5437404.7440  27.2072 0.0509147 1.375670 3
4595572.1912 5437405.9915  31.6612 0.0447753 1.032903 1
4595572.0719 5437404.6097  28.1331 0.0951346 1.221205 3
4595572.2609 5437406.0074  32.9542 0.1925703 1.240914 0
4595572.2539 5437405.1301  31.9821 0.1099528 1.096377 1
4595572.1393 5437403.7898  28.5945 0.0386324 1.148768 3
4595572.2571 5437404.3685  31.3077 0.2304971 1.635897 0
4595572.3008 5437404.0835  31.8365 0.0689899 1.064846 0
4595572.3339 5437403.6713  32.0448 0.1769423 1.443701 0
4595569.5894 5437406.7018   0.0610 0.3160400 1.063832 3
4595569.6171 5437406.1838   0.0475 0.2114896 1.049473 3
4595569.6459 5437405.6779   0.0642 0.1663486 1.066741 3
4595569.6739 5437405.1607   0.0657 0.0809826 1.028414 3
4595569.7022 5437404.6456   0.0858 0.1747316 0.999972 0
4595569.7303 5437404.1286   0.0759 0.1122809 0.932957 3
4595570.5223 5437406.7828  16.8742 0.0289142 0.973050 2
4595570.7473 5437407.6042  21.7100 0.0407003 1.063570 2
4595570.8009 5437407.3954  22.4524 0.0563068 1.043578 3
4595571.0675 5437407.9373  27.8216 0.0963185 1.096923 1
4595570.9648 5437406.8192  24.8113 0.0686514 1.105090 3
4595571.0942 5437407.4488  27.7426 0.1847027 1.041059 1
4595571.0050 5437406.4733  25.1918 0.2523582 1.161228 3
4595571.2392 5437408.2622  31.2953 0.0592505 1.138986 1
4595571.1193 5437406.9434  27.6940 0.1198822 1.010187 2
4595571.1011 5437406.7430  27.1710 0.1005167 1.072438 3
4595571.2496 5437407.5997  30.6887 0.0937515 1.087108 1
4595571.1428 5437406.4194  27.6069 0.1648436 1.136716 3
4595571.2717 5437406.2847  29.7970 0.1103154 1.741978 3
4595571.3635 5437406.5266  31.6448 0.1773698 1.891764 1
4595571.2603 5437405.3684  28.7892 0.0639404 1.177405 3
4595571.5092 5437407.3855  35.0968 0.0396342 0.893085 1
4595571.4623 5437406.8563  33.7343 0.1154311 1.526167 3
4595571.5269 5437406.8061  34.8466 0.1458707 1.094577 1
4595571.4868 5437406.3523  33.7017 0.1235004 2.203479 3
4595571.5537 5437406.3303  34.8911 0.2640887 1.163736 0
4595571.6433 5437406.5701  36.7251 0.0673447 1.138392 1
4595571.6059 5437406.1423  35.6800 0.0922588 1.237915 3
4595571.4091 5437403.0929  29.2897 0.1732634 1.101198 3
4595569.0140 5437405.7447   0.0184 0.3283646 1.010291 3
4595569.0408 5437405.2145  -0.0309 0.0733415 1.039039 3
4595569.0709 5437404.7162   0.0154 0.2303310 1.032119 3
4595569.0981 5437404.1888  -0.0246 0.1647800 1.085738 3
4595570.3392 5437406.8040  24.6522 0.1305770 1.146518 3
4595570.4292 5437406.2088  25.6721 0.2250899 1.038142 1
4595570.2717 5437404.4980  21.3024 0.0747032 1.222859 3
4595570.5628 5437406.8819  28.6968 0.2741413 1.170707 1
4595570.5054 5437406.2556  27.0713 0.0621993 2.381574 3
4595570.7129 5437407.7445  32.2206 0.0395955 1.219436 2
4595570.7991 5437407.9171  33.9384 0.2310337 1.081213 0
4595570.8165 5437407.3344  33.6271 0.0254138 0.904121 1
4595570.7754 5437406.8797  32.4545 0.0766856 1.697151 2
4595570.7055 5437406.1048  30.4761 0.0834496 1.178262 3
4595570.7849 5437406.2025  31.9752 0.1344899 1.052443 1
4595570.6035 5437404.1823  26.8958 0.0373380 1.130353 3
4595570.8726 5437406.3992  33.7079 0.2631114 1.786545 0
4595570.9476 5437406.4605  35.0916 0.1575853 1.440260 1
4595570.9092 5437406.0281  34.0218 0.0483326 1.206763 3
4595571.0183 5437406.4770  36.3569 0.2313894 1.122043 0
4595571.0749 5437406.3387  37.2363 0.2517553 1.112798 0
4595570.9759 5437403.6346  32.9633 0.0696372 1.066509 0
4595568.3346 5437405.0320   0.0347 0.2487819 1.052843 3
4595569.7558 5437406.9958  27.0591 0.1468856 1.155475 1
4595569.6476 5437405.8451  24.0397 0.0656200 1.191568 3
4595569.8588 5437407.3190  29.1814 0.1031300 1.340244 3
4595569.9281 5437407.2887  30.3717 0.1698677 1.246143 1
4595569.9983 5437407.2712  31.5884 0.1032628 1.389450 1
4595569.9083 5437406.2995  29.0670 0.1040584 1.068182 3
4595570.0225 5437405.2026  30.0375 0.2233581 1.384305 0
4595570.2441 5437406.8588  35.5125 0.1479728 1.206750 0
4595570.3083 5437406.7944  36.5794 0.1746829 1.210917 0
4595570.4524 5437405.3006  37.7070 0.0542205 0.976426 1
4595570.4218 5437404.9548  36.8727 0.1642570 1.097622 3
4595568.9700 5437406.0635  27.6891 0.0344789 0.976511 2
4595569.1675 5437405.8335  30.8967 0.1007736 1.039933 1
4595569.1385 5437405.5268  30.0956 0.0899994 1.269485 3
4595569.3513 5437405.4877  33.7576 0.1503651 1.082456 1
4595569.3245 5437405.1993  33.0184 0.0676237 1.064771 2
4595569.2187 5437404.0608  30.0838 0.0487174 1.190331 3
4595569.3991 5437405.2336  34.3501 0.1635424 1.099162 1
4595568.4216 5437405.2676  31.2302 0.0623764 1.184277 1
4595568.6310 5437405.1696  34.7166 0.0962051 1.275869 1
4595568.5557 5437404.3726  32.6632 0.0391293 1.136605 2
4595567.9408 5437405.0325  35.2733 0.1706634 1.102531 1
4595567.9239 5437404.5416  35.2051 0.1428312 1.131606 0
4595568.0685 5437404.8045  23.9893 0.1626192 1.135233 1
4595568.5247 5437404.2775  32.6271 0.1215628 1.197823 1
4595568.3782 5437404.9958  34.6714 0.1694397 1.183659 0
4595568.4931 5437404.7274  30.4030 0.0843910 1.061375 1
4595568.6199 5437404.2498  27.3370 0.0500223 1.191211 2
4595568.3997 5437405.2453  31.1691 0.2383780 1.085147 0
4595568.8857 5437404.0263  32.6414 0.0499860 1.767895 2
4595568.7371 5437404.7522  34.7219 0.1499421 1.105855 0
4595568.6864 5437405.1081  34.4655 0.0767930 1.568008 1
4595568.9911 5437403.9617  27.1443 0.1455543 1.246717 3
4595568.7822 5437404.9144  30.6744 0.1540163 1.165792 0
4595568.7034 5437405.3777  31.0834 0.2214025 1.060470 0
4595568.7000 5437405.8996  26.6248 0.1352973 1.158886 3
4595569.4487 5437404.0400   0.0829 0.0336154 0.999561 3
4595569.1003 5437404.1962  32.8342 0.1149921 1.080528 1
4595568.9634 5437404.8784  34.6392 0.1834424 1.076662 0
4595568.9283 5437405.1754  34.0032 0.1515189 1.132217 0
4595569.0038 5437405.0582  30.6908 0.0897633 1.188889 0
4595568.8663 5437405.9083  31.0242 0.1472774 1.108706 1
4595569.0619 5437405.1780  26.2504 0.0429508 1.320162 3
4595568.8696 5437406.0647  29.4336 0.1223427 1.083988 1
4595568.9436 5437405.7890  27.6154 0.0261337 1.212663 3
4595569.0667 5437405.5037  23.0498 0.0437948 1.034798 2
4595569.7351 5437403.7546   0.0608 0.1812813 1.021968 3
4595569.6666 5437404.1917   0.1092 0.1701538 1.002295 3
4595569.5998 5437404.6233   0.1080 0.0525410 1.127586 3
4595569.3703 5437405.2748  34.3060 0.2821341 1.092896 0
4595569.4842 5437405.0218  30.1274 0.0786028 1.181366 1
4595569.6242 5437404.5026  26.7979 0.0864194 1.094083 3
4595569.2275 5437406.1433  34.7969 0.2490011 1.160988 0
4595569.3583 5437405.8312  30.1697 0.0535417 1.127793 1
4595569.5620 5437405.2551  23.7515 0.1354561 1.064251 1
4595569.4938 5437405.6817  23.8786 0.0879680 1.210830 3
4595569.4300 5437406.0921  23.9026 0.1195634 2.273344 3
4595569.3357 5437406.6137  24.6749 0.0287064 1.379136 3
4595570.1414 5437404.2443   0.0971 0.0631851 1.087791 3
4595569.9245 5437404.8296  32.3826 0.0754494 1.050627 1
4595569.9554 5437404.7158  31.6655 0.0749262 1.111582 2
4595570.2718 5437403.5502  24.2240 0.0777666 1.086725 3
4595569.7916 5437405.4907  34.0336 0.1219570 1.080752 1
4595569.8305 5437405.3477  33.1209 0.0408578 1.098808 3
4595569.7116 5437405.9558  34.4850 0.0918432 1.136021 1
4595569.7848 5437405.6879  32.7478 0.0507490 0.982384 2
4595569.8906 5437405.3005  30.2488 0.0373787 1.140133 3
4595569.8156 5437405.7495  30.5507 0.2206827 1.058086 1
4595569.9938 5437405.0990  26.3355 0.0352704 1.028915 3
4595570.0352 5437405.1257  23.8554 0.0937867 1.024671 1
4595569.5800 5437406.9571  33.2526 0.0845683 1.158659 1
4595569.6470 5437406.7138  31.6439 0.0631919 1.154486 3
4595569.6216 5437406.9819  30.7746 0.0697947 1.528627 3
4595569.8123 5437406.4711  24.6733 0.0180272 0.867674 3
4595569.7630 5437407.0113  22.8248 0.0397604 1.379475 2
4595570.6971 5437403.6630   0.1352 0.0503675 1.117601 3
4595570.6312 5437404.0916   0.1356 0.1880667 1.040615 3
4595570.3612 5437405.8306   0.1440 0.0545629 1.089596 3
4595570.2270 5437406.6970   0.1720 0.0392895 1.122689 3
4595570.0974 5437407.5469   0.0972 0.1555730 1.088795 3
4595570.2014 5437404.5318  37.0665 0.0922896 1.317065 0
4595570.1604 5437404.8528  36.5737 0.0487668 1.094916 1
4595570.5087 5437403.7411  27.0276 0.1436373 1.074371 1
4595570.6198 5437403.3322  24.4130 0.0402316 1.799513 3
4595570.2217 5437404.9699  32.2703 0.0322651 1.087852 1
4595569.9233 5437406.2348  37.8101 0.1313345 1.365382 1
4595570.1194 5437405.5174  33.1854 0.0569951 2.182053 3
4595570.0177 5437406.0624  34.1378 0.0419359 1.568531 1
4595570.1695 5437405.5086  30.5458 0.0926047 1.123886 3
4595569.8285 5437406.9243  37.1838 0.1900277 1.130269 0
4595569.9419 5437406.6862  33.0295 0.0592705 1.167127 1
4595570.0077 5437406.4478  31.4599 0.0770585 1.363653 2
4595570.1121 5437406.0689  28.9666 0.0669375 1.119449 2
4595569.9265 5437406.9176  31.9313 0.2174958 1.143407 0
4595569.9831 5437406.8902  29.0906 0.1779974 1.174090 1
4595570.0867 5437406.5169  26.5984 0.0329663 1.105816 3
4595570.0313 5437406.8959  26.4334 0.1149963 1.402291 3
4595571.0588 5437403.3955   0.1064 0.2213649 1.057970 3
4595570.9903 5437403.8340   0.1371 0.0421616 1.107392 3
4595570.9251 5437404.2600   0.0990 0.0564611 1.348939 3
4595570.7854 5437405.1460   0.2377 0.0929506 1.035581 3
4595570.7136 5437405.5951   0.3418 0.0695982 1.116928 3
4595570.4585 5437407.2799   0.0582 0.0853254 1.097953 3
4595570.3903 5437407.7162   0.1110 0.1108998 1.089247 3
4595570.9269 5437403.4413  33.0872 0.1925815 1.079392 0
4595570.8819 5437403.7796  32.7106 0.1492830 1.214173 0
4595570.6057 5437404.9616  37.6399 0.1201898 1.163069 1
4595570.8115 5437404.2112  32.9194 0.0383137 1.288723 3
4595570.5539 5437405.3230  37.4005 0.2168260 1.114522 0
4595570.4658 5437405.8166  38.0099 0.0206586 0.885690 1
4595570.5549 5437405.4938  35.9543 0.1154669 1.330619 2
4595570.4382 5437406.0906  37.2432 0.1794676 1.599566 0
4595570.4200 5437406.3315  36.2536 0.1466073 1.152038 1
4595570.5493 5437405.8655  33.2398 0.0594647 1.529758 3
4595570.4275 5437406.4804  34.6559 0.0965185 1.077224 1
4595570.4889 5437406.2596  33.2177 0.0234275 1.045850 2
4595570.6040 5437405.8465  30.5281 0.0351105 1.084111 3
4595570.4744 5437406.4901  32.1187 0.1981210 1.445760 0
4595570.6220 5437406.1429  27.1827 0.2520488 1.209126 1
4595570.7506 5437405.6835  24.1627 0.0209668 0.861974 2
4595570.5100 5437406.7237  28.3649 0.2119607 1.034926 1
4595570.5926 5437406.4298  26.4005 0.1747408 1.020836 3
4595570.4865 5437406.9896  27.4553 0.0572477 1.354175 1
4595570.5734 5437406.6812  25.3778 0.0387565 2.143517 2
4595570.6482 5437406.4160  23.5931 0.0688933 1.087098 2
4595570.8116 5437405.8363  19.7266 0.0353668 0.981934 3
4595570.9476 5437406.5077   7.1203 0.2103241 1.244793 3
4595570.9890 5437406.5618   4.5106 0.0586568 1.409489 3
4595571.0424 5437406.5769   1.5850 0.0581646 1.376152 3
4595571.0369 5437406.7971   0.0978 0.0308942 0.932090 3
4595570.9759 5437407.2099  -0.0260 0.3143953 1.053859 3
4595570.9097 5437407.6399  -0.0020 0.1606742 1.029132 3
4595570.8453 5437408.0642   0.0111 0.1437038 1.014120 3
4595571.1699 5437404.6460  36.6595 0.0370699 1.106102 1
4595571.3818 5437403.8827  31.8914 0.0417221 1.284824 2
4595571.1315 5437404.9603  36.1647 0.1750558 1.133795 0
4595570.9788 5437405.6844  38.2478 0.0547859 1.303479 1
4595571.1071 5437405.2250  35.3417 0.1054389 1.792117 3
4595570.9418 5437405.9929  37.6894 0.1867136 1.712442 0
4595570.9125 5437406.2751  36.9509 0.0527337 1.153603 1
4595570.9375 5437406.1862  36.3820 0.0386354 0.873192 2
4595570.9652 5437406.0879  35.7541 0.0496883 1.385226 3
4595570.8715 5437406.5995  36.4901 0.1572720 1.232538 0
4595570.7910 5437407.0634  36.9643 0.0748807 1.114360 1
4595570.9494 5437406.5030  33.2776 0.1330133 1.071589 3
4595570.7616 5437407.3472  36.2448 0.0430801 1.043892 1
4595570.8884 5437406.9003  33.2840 0.0526695 1.123498 2
4595571.0001 5437406.5065  30.6753 0.0642367 1.017824 3
4595570.9310 5437406.9326  30.8612 0.2004917 1.030219 1
4595571.1581 5437406.1346  25.5815 0.1141250 1.141844 2
4595571.2774 5437405.7151  22.8474 0.0472639 1.206785 3
4595570.8646 5437407.3493  30.9866 0.1496122 1.024739 1
4595570.8997 5437407.2264  30.1614 0.0424457 1.104774 2
4595571.1056 5437406.5051  25.3169 0.1229807 1.048015 2
4595571.1913 5437406.2050  23.3375 0.0544975 1.809113 3
4595570.9373 5437407.2798  27.8311 0.1161646 1.051638 1
4595571.0695 5437406.8181  24.7081 0.1210786 1.811987 2
4595571.1613 5437406.4978  22.5417 0.0365270 1.518382 3
4595570.8745 5437407.6854  27.8858 0.2096354 1.033195 0
4595570.8077 5437408.1047  28.0556 0.2482573 1.085342 0
4595570.9660 5437407.9368  21.3049 0.0399537 1.011004 2
4595570.9996 5437407.8211  20.4854 0.0443519 1.241688 2
4595571.1438 5437407.3244  16.9781 0.0290898 1.058637 3
4595571.7266 5437405.7205   0.0042 0.0314424 0.982089 3
4595571.6499 5437406.1873   0.1872 0.1279417 1.048176 3
4595571.5888 5437406.5997   0.0114 0.0694606 0.973976 3
4595571.5269 5437407.0161  -0.1028 0.1140426 1.020422 3
4595571.4606 5437407.4466  -0.1008 0.5394416 1.056053 3
4595571.3967 5437407.8689  -0.0541 0.3437108 1.049387 0
4595571.3309 5437408.2981   0.0350 0.2865218 1.043687 3
4595571.6826 5437403.7372  32.0345 0.1577939 1.153441 1
4595571.6297 5437404.1052  31.7916 0.0412021 0.878210 1
4595571.6573 5437404.0061  31.1816 0.0749633 1.506071 2
4595571.7715 5437403.5955  28.6448 0.0535609 1.432627 3
4595571.3934 5437405.1307  35.7636 0.0512464 1.055612 1
4595571.5751 5437404.4794  31.5809 0.1313469 1.071549 3
4595571.2822 5437405.7050  36.9092 0.0293631 1.127631 1
4595571.3447 5437405.4818  35.5117 0.1050287 1.293541 2
4595571.5340 5437404.8054  31.1357 0.0252417 1.064911 3
4595571.2132 5437406.1288  37.0468 0.2639108 1.298797 0
4595571.2407 5437406.2090  35.0084 0.0905286 1.120414 1
4595571.3640 5437405.7711  32.2278 0.0416212 1.144317 3
4595571.0986 5437406.8916  36.8630 0.1482795 1.230465 0
4595571.0838 5437407.1229  35.8030 0.1655594 1.146508 1
4595571.2818 5437406.4243  31.2015 0.0430764 1.100064 2
4595571.3566 5437406.1601  29.4977 0.0384215 1.201300 3
4595571.2954 5437406.5584  29.4434 0.1426031 1.086280 0
4595571.3314 5437406.6166  27.1548 0.1679878 1.069256 1
4595571.1016 5437407.6060  31.1351 0.2548245 1.050414 1
4595571.3469 5437406.7481  25.3337 0.0250596 0.930022 2
4595572.4318 5437402.9555   0.1323 0.0762778 1.043766 3
4595571.3180 5437407.0363  24.5509 0.0539579 1.346881 1
4595571.4011 5437406.7467  22.5856 0.0471497 1.202466 2
4595571.5829 5437406.1132  18.3685 0.0607507 1.101653 2
4595572.3636 5437403.3926   0.1624 0.1242936 1.087716 3
4595571.2305 5437407.5287  25.1603 0.0410923 1.114706 1
4595571.2764 5437407.3690  24.0624 0.1550028 1.308718 2
4595572.2940 5437403.8346   0.2211 0.1555841 1.053665 3
4595571.2112 5437407.7839  24.1952 0.0637006 1.562124 1
4595572.2350 5437404.2396   0.0259 0.2389260 1.027415 3
4595571.2432 5437407.8636  21.9584 0.0443441 0.988183 2
4595572.1692 5437404.6688  -0.0156 0.0601121 1.146871 3
4595571.9644 5437405.9801   0.0587 0.6088992 1.072471 3
4595571.8947 5437406.4216   0.0942 0.0684543 1.120263 3
4595571.8325 5437406.8382  -0.0202 0.0969065 1.038441 3
4595571.7012 5437407.6942  -0.0209 0.0370022 0.851296 3
4595571.6365 5437408.1188   0.0327 0.0843905 1.027511 3
4595571.5713 5437408.5451   0.1030 0.2213718 1.016261 3
4595572.0956 5437402.9478  32.2954 0.1730751 1.102746 1
4595572.0369 5437403.3376  32.2260 0.1646509 1.043772 1
4595571.9817 5437403.7141  32.0697 0.1554133 1.145666 1
4595572.1290 5437403.1835  28.7733 0.0650868 1.125023 3
4595571.9330 5437404.0679  31.7488 0.1015966 1.108068 1
4595572.0146 5437403.7750  29.9324 0.0793797 1.180450 3
4595572.0148 5437403.9542  28.5165 0.1235071 1.157151 1
4595571.8309 5437404.7925  31.2367 0.2724126 1.437309 0
4595571.5056 5437406.1312  37.1973 0.0882490 1.008989 0
4595571.5459 5437406.1662  34.8833 0.1028545 1.313039 1
4595571.6356 5437405.8482  32.8801 0.0478425 2.237261 3
4595571.7649 5437405.5723  28.5328 0.3179520 1.091957 0
4595571.4206 5437406.9702  34.9202 0.1634988 1.680917 0
4595571.3533 5437407.3884  35.0776 0.1283809 1.476934 1
4595571.5201 5437406.8025  31.1926 0.0523593 1.069381 3
4595571.5356 5437406.9320  29.4045 0.1792532 1.033295 1
4595571.7670 5437406.1214  24.0936 0.0203218 0.975482 3
4595571.6126 5437406.8483  26.1775 0.0701766 1.321769 1
4595571.7627 5437406.3243  22.7103 0.0895575 1.039853 2
4595572.0806 5437405.2138  15.3711 0.0425573 1.165362 3
4595571.8120 5437406.3418  20.0833 0.0476962 1.070577 1
4595571.8924 5437406.0622  18.2356 0.0494281 1.118131 2
4595572.6670 5437403.3660   0.1868 0.3194557 1.082323 3
4595571.2648 5437408.4322  31.6586 0.0870687 1.044177 1
4595571.5276 5437407.5203  25.2447 0.0686383 1.382698 2
4595572.5985 5437403.8049   0.2306 0.0967909 1.040976 3
4595571.4548 5437408.1515  24.1819 0.1030541 1.068503 1
4595572.4742 5437404.6384   0.0103 0.2623300 1.045844 3
4595571.5074 5437408.1623  21.4456 0.0476777 1.304468 1
4595571.6003 5437407.8435  19.1594 0.1099275 1.105856 2
4595572.3405 5437405.5040  -0.0211 0.0858978 1.002064 3
4595572.0724 5437407.2376   0.0086 0.2859880 1.027915 3
4595572.0075 5437407.6634   0.0046 0.1393955 1.050536 3
4595571.9425 5437408.0900   0.0421 0.6724286 1.053225 0
4595572.4469 5437403.3647  32.1473 0.2146346 1.081300 1
4595572.3941 5437403.7338  31.9514 0.2092434 1.079302 1
4595572.2801 5437404.5022  31.7272 0.0381383 1.362322 1
4595572.3627 5437404.2090  29.8879 0.1281350 1.100935 3
4595572.2040 5437404.9542  32.0406 0.1914250 1.146120 0
4595572.1329 5437405.3878  32.2531 0.0253337 1.193525 2
4595572.2422 5437405.0022  29.7880 0.0746589 1.164077 3
4595572.0395 5437405.8996  32.9611 0.1946389 1.064072 0
4595572.0479 5437406.0539  31.3654 0.0524873 1.120194 1
4595572.0420 5437406.2600  30.0795 0.3099421 1.137239 0
4595571.7280 5437407.7249  34.4988 0.0347459 0.994565 1
4595571.7676 5437407.5872  33.5588 0.0897398 1.109324 2
4595571.6520 5437408.1731  34.9539 0.1267744 1.598979 1
4595571.9230 5437407.2348  28.5544 0.0254035 1.117533 3
4595571.5697 5437408.6430  35.5395 0.1601614 1.064724 0
4595573.0185 5437403.8476   0.2527 0.6821727 1.090209 0
4595571.8701 5437407.9879  25.5582 0.0677288 1.033125 1
4595572.9552 5437404.2692   0.1868 0.1916551 1.094760 3
4595571.8045 5437408.4044  25.7243 0.0293147 0.980533 3
4595572.8275 5437405.1159   0.0236 0.2646834 1.072978 3
4595572.6281 5437406.4120   0.0257 0.3120018 1.050531 3
4595572.5598 5437406.8502   0.0900 0.1423225 1.041426 3
4595572.4261 5437407.7169   0.1688 0.0501480 1.146081 3
4595572.3627 5437408.1380   0.1438 0.4967489 1.063334 0
4595572.2985 5437408.5625   0.1390 0.1337707 0.990313 3
4595572.8162 5437403.2551  31.9614 0.0882771 1.054155 1
4595572.7556 5437403.6523  31.9497 0.1524127 1.144692 1
4595572.6232 5437404.4862  32.1680 0.1785474 1.115228 0
4595572.6621 5437404.5322  29.9196 0.2303695 1.075697 1
4595572.4853 5437405.3387  32.4514 0.1143139 1.097450 1
4595572.6201 5437404.8647  29.4525 0.0269428 1.040499 3
4595572.4050 5437405.8042  32.8718 0.1494809 1.247791 0
4595572.8248 5437404.5220  22.0471 0.0545087 1.060104 1
4595572.9285 5437404.1597  19.6978 0.0262555 1.080795 2
4595572.4012 5437406.1879  30.1786 0.1548472 1.139091 1
4595572.5874 5437405.5394  25.9438 0.0498956 1.016004 3
4595572.6120 5437405.6437  23.9615 0.1473119 1.250237 0
4595572.3339 5437406.7966  28.9020 0.1602557 1.464900 1
4595572.5065 5437406.1997  24.9517 0.0429729 1.174476 3
4595572.1141 5437407.7440  32.5771 0.1029980 1.076757 1
4595572.1494 5437407.6222  31.7501 0.0891398 1.306386 3
4595572.2060 5437407.6155  29.0391 0.2709754 1.076958 0
4595573.3795 5437403.7861   0.4537 0.4090938 1.016345 0
4595572.0612 5437408.4921  29.6697 0.0355428 1.048608 1
4595572.3907 5437407.3670  21.8844 0.0779011 1.034833 2
4595572.4855 5437407.0434  19.6765 0.0960962 1.214386 3
4595573.2627 5437404.5957   0.0904 0.0341902 0.956787 3
4595572.0982 5437408.7514  25.9313 0.0234552 1.085383 3
4595572.9981 5437406.3205   0.0338 0.0298644 0.945942 3
4595572.9334 5437406.7466   0.0156 0.0675752 0.967106 3
4595572.7962 5437407.6246   0.1796 0.1251471 1.092009 3
4595572.7306 5437408.0536   0.1992 0.0710707 1.019867 3
4595572.6666 5437408.4775   0.1833 0.0630988 1.118772 3
4595572.9746 5437404.1085  32.3218 0.1324402 1.337086 1
4595572.9181 5437404.4917  32.2174 0.0383460 1.189760 1
4595573.0287 5437404.1009  29.7493 0.1129610 1.633550 2
4595572.8393 5437404.9530  32.5749 0.0637947 1.142933 1
4595572.9585 5437404.5331  29.9415 0.1365082 1.157530 2
4595572.7806 5437405.3432  32.4899 0.0521271 1.104552 1
4595572.9572 5437404.7232  28.5737 0.0864972 1.244634 2
4595573.1765 5437404.1427  22.2584 0.1592303 1.147419 1
4595572.7179 5437405.9332  31.1420 0.1395844 1.297937 0
4595572.8950 5437405.5040  25.7208 0.0623965 1.254845 1
4595573.0724 5437404.8870  21.7433 0.0461392 1.297372 3
4595572.6495 5437406.5449  29.9214 0.0375137 1.263395 1
4595572.9038 5437405.6635  24.1127 0.0809752 1.071260 3
4595572.6161 5437406.8495  29.2952 0.0741923 1.140536 1
4595572.8077 5437406.1872  24.8925 0.0619651 1.088669 3
4595572.4097 5437407.7499  32.6647 0.0617995 1.229919 1
4595572.5791 5437407.1666  28.7496 0.0727512 1.159879 3
4595572.3472 5437408.1530  32.7396 0.1367135 1.128786 0
4595572.4304 5437408.0577  29.4011 0.0709840 1.128498 1
4595572.8393 5437406.6587  19.8644 0.0844312 1.081109 3
4595572.6897 5437407.3648  21.9120 0.0545323 1.117781 1
4595572.7865 5437407.0349  19.6508 0.1213040 1.193473 3
4595573.5626 5437404.5950   0.1158 0.1639790 1.072904 3
4595572.3998 5437408.7401  25.8671 0.0526184 1.163805 3
4595573.4301 5437405.4583   0.0472 0.1165989 1.028725 3
4595573.2997 5437406.3151   0.0424 0.0756596 1.079079 3
4595573.2327 5437406.7497   0.0821 0.3493548 1.071733 3
4595573.3799 5437404.1548  32.1736 0.1312387 1.489636 1
4595573.4074 5437404.2437  30.2186 0.1141290 1.095222 1
4595573.2255 5437405.0669  32.8480 0.1656238 1.066042 1
4595573.3730 5437404.5515  29.6176 0.0308979 1.193902 2
4595573.1235 5437405.9830  31.0245 0.1073055 1.500999 1
4595573.0981 5437406.2604  30.2292 0.1962752 1.173345 0
4595573.1615 5437406.2322  27.4134 0.1515655 1.048287 0
4595573.5135 5437405.2191  18.0191 0.0897372 1.092488 1
4595572.9599 5437407.3072  29.2454 0.2159732 1.135830 1
4595573.3580 5437405.9479  20.1220 0.0351116 0.917476 3
4595573.1884 5437406.7224  22.5972 0.0944886 1.039799 1
4595573.2904 5437406.3754  20.2515 0.0324457 1.054056 2
4595573.3828 5437406.0609  18.1263 0.1125462 1.079083 3
4595572.6710 5437408.6740  33.1574 0.1573930 1.180172 0
4595572.7458 5437408.6130  30.0363 0.1701945 1.202262 0
4595573.0164 5437407.8965  22.3173 0.0989667 1.245655 1
4595573.1425 5437407.4717  19.3771 0.0285448 1.230145 2
4595573.9696 5437404.6858   0.2077 0.0946963 1.103821 3
4595573.9053 5437405.1118   0.1459 0.2952438 1.045770 3
4595573.7117 5437406.3923   0.0878 0.2893102 1.038787 3
4595573.7231 5437404.7207  33.0897 0.1984673 1.251836 0
4595573.8495 5437404.4721  28.9844 0.2268162 1.074390 1
4595573.8810 5437404.9404  24.1586 0.0370311 1.344817 1
4595573.5302 5437406.3326  30.6078 0.0353666 1.171448 1
4595573.8165 5437405.3557  24.1821 0.0901037 1.174062 2
4595573.4745 5437406.7141  30.5093 0.0320313 1.148443 1
4595573.6140 5437406.2395  27.3652 0.0555685 1.145846 2
4595573.6493 5437406.1194  26.5681 0.0359245 1.155908 2
4595573.7217 5437405.8732  24.9327 0.0429270 1.324385 3
4595573.9913 5437405.1555  17.4778 0.0550144 1.063647 1
4595573.8153 5437405.9506  20.0365 0.1654533 1.159106 1
4595574.1220 5437404.4452  32.4348 0.0464487 1.298717 1
4595574.1763 5437405.2185  24.4521 0.0770915 1.167450 2
4595574.0255 5437405.4559   0.0428 0.1633508 1.091969 3
4595574.0318 5437404.9965   0.1015 0.5292841 1.090924 0
4595574.0351 5437404.5407   0.1172 0.6869867 1.048402 0
4595574.0402 5437404.0840   0.1230 0.4290666 1.053730 0
4595573.7972 5437405.9820   0.0664 0.5375454 1.044811 0
4595573.8039 5437405.5232   0.0508 0.1177904 1.040497 3
4595573.8109 5437405.0633   0.1091 0.3836227 1.104619 3
4595573.8162 5437404.6073   0.1476 0.5630877 1.082275 0
4595573.8241 5437404.1464   0.1886 0.6825618 1.042842 0
4595573.1972 5437407.3421   0.1410 0.0738877 1.024869 3
4595573.2014 5437406.8870   0.0994 0.0846738 1.112369 3
4595573.2060 5437406.4299   0.0627 0.6473618 1.064647 0
4595573.2097 5437405.9756   0.0203 0.6683485 1.076256 0
4595573.2142 5437405.5194  -0.0110 0.7042268 1.064844 0
4595573.2202 5437405.0612   0.0351 0.6863756 1.048178 0
4595573.2270 5437404.6016   0.0936 0.7068408 1.066141 0
4595573.2407 5437404.1335   0.2125 0.5716927 1.063372 0
4595573.2716 5437403.6435   0.5546 0.4733476 1.078948 0
4595573.2658 5437403.2015   0.3815 0.5724609 1.103705 0
4595572.5911 5437408.0132   0.1153 0.0469637 0.937756 3
4595573.9036 5437404.8486  17.5894 0.0950361 1.709423 1
4595572.6097 5437406.6384   0.0391 0.1472329 1.051535 3
4595572.6144 5437406.1826   0.0127 0.6077826 1.046928 0
4595572.6181 5437405.7282  -0.0214 0.7160452 1.037258 0
4595572.6237 5437405.2714  -0.0101 0.5356121 1.065204 0
4595572.6275 5437404.8170  -0.0035 0.6846650 1.047710 0
4595572.6346 5437404.3584   0.0378 0.6141034 1.052480 0
4595572.6578 5437403.8795   0.2749 0.4162389 1.079046 0
4595572.6498 5437403.4407   0.0868 0.6916921 1.054699 0
4595572.6526 5437402.9870   0.0453 0.5966828 1.034582 0
4595573.8555 5437406.0462  19.8978 0.0339185 1.039110 1
4595573.7186 5437406.2432  18.0455 0.0844257 1.094057 3
4595574.1313 5437404.8027  23.4814 0.1650118 1.182829 1
4595573.7269 5437405.3729  17.9451 0.0321487 1.258134 3
4595572.4219 5437406.7659   0.0881 0.7464262 1.043491 0
4595572.4260 5437406.3114   0.0432 0.6303617 1.042466 0
4595572.4291 5437405.8600  -0.0016 0.6588587 1.052428 0
4595572.4352 5437405.4030  -0.0001 0.5530893 1.066194 0
4595572.4415 5437404.9464   0.0254 0.7499155 1.046819 0
4595572.4503 5437404.4868   0.0854 0.6458981 1.049066 0
4595572.4681 5437404.0154   0.2443 0.5069944 1.064152 0
4595572.4654 5437403.5717   0.1219 0.6055406 1.068860 0
4595572.4705 5437403.1164   0.1078 0.8766679 1.053643 0
4595572.0627 5437408.6509   0.1469 0.0380477 1.036435 3
4595573.8567 5437405.6144  24.3448 0.0360817 0.943464 1
4595573.5483 5437406.0593  20.1717 0.1110200 1.086314 2
4595572.0705 5437408.1909   0.1000 0.0676571 1.160408 3
4595573.8540 5437405.1956  24.2352 0.1671173 1.182300 0
4595573.4063 5437405.4058  18.0339 0.1864152 1.099434 1
4595572.0884 5437407.2693   0.0349 0.1668157 1.099858 3
4595572.0962 5437406.8103   0.0324 0.4328454 1.061813 0
4595572.1068 5437406.3482   0.0836 0.7698725 1.057365 0
4595572.1111 5437405.8944   0.0756 0.5719820 1.050674 0
4595572.1129 5437405.4440   0.0295 0.6313040 1.040526 0
4595572.1189 5437404.9871   0.0213 0.7428142 1.061705 0
4595572.1241 5437404.5319   0.0045 0.5759375 1.070534 0
4595572.1348 5437404.0705   0.0798 0.5561616 1.044112 0
4595572.1451 5437403.6082   0.1499 0.5813484 1.087202 0
4595572.1483 5437403.1560   0.1088 0.8337491 1.056173 0
4595573.1888 5437407.0422  22.8803 0.1170213 1.158617 1
4595573.1016 5437407.1709  21.7028 0.1020948 1.183506 2
4595572.9369 5437407.4140  19.4778 0.0344837 1.138618 2
4595573.5416 5437406.1029  27.5322 0.1649477 1.051057 0
4595573.3587 5437405.9486  24.9521 0.0335722 0.928685 1
4595572.9852 5437406.4894  19.8994 0.0436415 1.090122 2
4595571.5107 5437408.6245   0.0512 0.1977952 1.059444 3
4595573.9743 5437404.6434  33.2357 0.2591597 1.224771 0
4595573.7017 5437404.6179  29.4694 0.1292653 1.102271 1
4595573.4294 5437405.0044  25.7530 0.0303294 1.139572 3
4595573.7538 5437404.1267  30.0877 0.1007002 1.059173 0
4595573.6161 5437403.9017  28.1364 0.0694853 1.106186 1
4595573.1546 5437404.5437  21.8832 0.0924129 1.264985 3
4595573.1697 5437404.0977  21.9973 0.1551856 1.114313 0
4595573.1700 5437403.6723  21.9051 0.0959674 1.064492 1
4595571.5727 5437405.8492   0.1398 0.1029898 1.087892 3
4595572.6614 5437403.9338  14.9102 0.0653569 0.976677 1
4595571.5711 5437405.4044   0.0662 0.4679071 1.054392 3
4595571.5770 5437404.9478   0.0125 0.6100833 1.046690 0
4595571.5825 5437404.4933  -0.0444 0.6300545 1.067502 0
4595571.5872 5437404.0391  -0.0215 0.6589666 1.053425 0
4595571.5934 5437403.5823   0.0225 0.6978071 1.054838 0
4595571.6035 5437403.1214   0.0754 0.8117575 1.058471 0
4595572.8014 5437407.8707  22.0720 0.1126383 1.048435 1
4595573.4406 5437406.4949  30.5901 0.1774529 1.142038 0
4595572.8719 5437406.9191  22.7731 0.0384801 0.989055 1
4595572.6483 5437407.2490  19.7473 0.1387657 1.142666 3
4595573.0418 5437406.2485  24.9570 0.2255495 1.031923 1
4595573.6424 5437404.9588  33.0309 0.1724913 1.181340 0
4595573.6142 5437404.5862  32.5858 0.2224222 1.077803 0
4595573.6004 5437404.1930  32.3062 0.1237901 1.176427 1
4595573.4511 5437404.4049  30.2858 0.0470303 1.132482 3
4595572.6958 5437405.0505  19.8723 0.1097869 1.316603 0
4595572.9468 5437404.2754  23.2308 0.1966880 1.105392 0
4595572.7258 5437404.1570  20.1248 0.1375373 1.093357 1
4595571.3135 5437406.1007   0.8080 0.1501731 1.055903 3
4595572.3741 5437404.2103  15.2286 0.2069091 1.159494 0
4595572.7174 5437403.3172  19.8096 0.0936366 1.171199 1
4595571.2717 5437405.2660   0.1009 0.3724699 1.059977 3
4595571.2778 5437404.8105   0.0576 0.3534510 1.072013 0
4595571.2828 5437404.3578   0.0186 0.9263907 1.055249 0
4595571.2888 5437403.9024   0.0368 0.7077040 1.057501 0
4595571.2970 5437403.4457   0.0820 0.6034499 1.060843 0
4595573.1368 5437407.2792  29.3322 0.1458368 1.156518 0
4595572.6040 5437407.6658  21.9619 0.1578065 1.032827 1
4595573.2259 5437406.3154  30.2946 0.1397407 1.237842 0
4595573.0297 5437406.1907  27.5016 0.2219436 1.076334 1
4595572.7759 5437406.1438  23.9235 0.0335002 1.045766 1
4595572.5043 5437406.5412  20.2122 0.0397081 0.983887 2
4595573.4406 5437404.7593  32.9501 0.0743310 1.230804 1
4595572.9217 5437405.5112  25.7969 0.0585126 1.148312 2
4595572.7837 5437405.7112  23.9167 0.0393005 1.070883 3
4595573.4184 5437404.3791  32.5667 0.1466198 1.105809 0
4595573.2482 5437404.2092  30.1345 0.0343293 0.984230 1
4595573.0241 5437404.5276  27.0688 0.0919521 1.102418 2
4595571.0450 5437407.3393  -0.1055 0.0338952 0.951759 3
4595573.2618 5437403.7744  30.2119 0.1248618 1.174630 0
4595572.7383 5437404.0884  22.9503 0.1516147 1.184394 0
4595572.5403 5437403.9387  20.1362 0.0447434 1.060070 1
4595572.1788 5437404.4368  15.1528 0.0798902 1.039498 2
4595571.1102 5437405.9094   0.4998 0.0608882 1.067646 3
4595572.5592 5437403.4875  20.2908 0.0896747 1.298589 1
4595572.1904 5437403.9905  15.2248 0.1152648 1.226838 3
4595572.5259 5437403.1072  19.7328 0.1107455 1.098984 1
4595571.0975 5437405.0347   0.1433 0.0886828 1.053938 3
4595571.1037 5437404.5802   0.1121 0.6575487 1.051066 0
4595571.1086 5437404.1275   0.0881 0.7269102 1.043407 0
4595571.1154 5437403.6722   0.0965 0.6061523 1.057918 0
4595571.1240 5437403.2146   0.1116 0.5181292 1.051678 0
4595572.7197 5437408.4607  29.7888 0.1210230 1.047316 1
4595572.4155 5437408.5151  25.5476 0.0574230 1.086517 1
4595572.2507 5437408.3469  23.1790 0.0511499 1.139626 1
4595572.1460 5437408.5070  21.7775 0.0938129 1.116494 2
4595572.2482 5437407.9284  22.9831 0.1701061 1.070523 1
4595571.7597 5437408.2397  16.2489 0.0353630 0.961807 1
4595572.7771 5437406.2975  29.9141 0.1532730 1.256484 0
4595572.6165 5437406.1190  27.6130 0.2396462 1.064899 0
4595572.9995 5437405.1418  32.7495 0.1965561 1.075838 0
4595572.6980 5437405.1654  28.5320 0.0538005 1.047453 1
4595572.5990 5437405.3085  27.1714 0.0568128 1.133604 2
4595572.9899 5437404.3310  32.4628 0.1680104 1.142947 0
4595572.6029 5437404.4674  27.0753 0.0526485 1.033873 1
4595572.2960 5437404.9022  22.8462 0.0542556 1.021857 2
4595571.3469 5437406.2468   9.8068 0.0527667 1.228906 3
4595572.7231 5437403.8806  28.6116 0.0856682 1.100229 1
4595572.6185 5437404.0273  27.1836 0.0463244 1.191332 3
4595572.3419 5437403.9924  23.2934 0.0933619 1.059379 1
4595570.6503 5437406.3409   0.1502 0.0817887 1.063864 3
4595572.1244 5437403.8691  20.2117 0.0694406 1.131575 1
4595570.6530 5437405.8909   0.0913 0.3417107 1.055043 3
4595572.0998 5437403.4772  19.7877 0.0453168 1.185509 1
4595570.6663 5437405.4265   0.1810 0.2801666 1.032837 3
4595570.6685 5437404.9772   0.1378 0.6517068 1.066041 0
4595570.6735 5437404.5250   0.1310 0.7008105 1.040482 0
4595570.6808 5437404.0688   0.1093 0.8034648 1.058993 0
4595570.6886 5437403.6121   0.0928 0.6892101 1.060676 0
4595572.5586 5437408.3164  33.0230 0.1955413 1.222905 0
4595572.5349 5437407.9428  32.5594 0.1013789 1.284520 1
4595572.4847 5437408.0206  31.8822 0.0628889 1.063361 3
4595572.2872 5437407.9123  29.0571 0.0639240 1.215904 1
4595572.0399 5437408.2923  25.7377 0.2285891 1.072499 3
4595572.2737 5437407.5171  28.7105 0.0778706 1.029750 1
4595571.8339 5437408.1868  22.7969 0.0328865 1.130984 2
4595571.8594 5437407.7268  22.9362 0.1349344 1.020214 1
4595571.7679 5437407.8648  21.7109 0.0677904 1.372632 2
4595571.5881 5437407.7109  19.0922 0.0390840 1.017176 1
4595572.6094 5437405.7737  32.9237 0.0649923 1.046089 1
4595572.4872 5437405.9546  31.2601 0.0415930 1.347913 2
4595572.5825 5437405.4021  32.4517 0.2074820 1.147740 0
4595572.5623 5437405.0198  32.0965 0.0317029 1.047910 1
4595572.3019 5437405.3980  28.5269 0.1075495 1.087514 3
4595572.5617 5437404.6088  32.0089 0.1211177 1.366184 1
4595572.3839 5437404.8645  29.5595 0.0254972 1.105806 3
4595571.9052 5437405.1322  22.9033 0.0558026 1.100579 1
4595571.8051 5437405.2748  21.5429 0.0635460 1.100347 2
4595571.7140 5437405.4046  20.3099 0.0640062 1.206008 3
4595572.5681 5437403.7762  31.8849 0.1896690 1.216004 0
4595572.5966 5437403.3234  32.1648 0.1729697 1.188672 1
4595572.3415 5437403.2645  28.5786 0.0626757 1.326346 1
4595570.2657 5437405.6864   0.1151 0.5103026 1.060695 0
4595570.2798 5437405.2227   0.2161 0.4225871 1.031716 0
4595570.2777 5437404.7801   0.1107 0.6922538 1.057811 0
4595570.2874 5437404.3218   0.1425 0.5973351 1.085274 0
4595570.2946 5437403.8669   0.0980 0.6174418 1.065456 0
4595572.3490 5437408.3379  32.9690 0.1276434 1.091239 1
4595572.3437 5437407.9355  32.7324 0.1420141 1.214084 0
4595571.8361 5437408.3103  25.7092 0.1330462 1.140370 1
4595572.0766 5437407.5242  28.7529 0.1510834 1.686517 1
4595571.8411 5437407.8850  25.5693 0.0293523 0.924406 3
4595571.5842 5437407.8582  21.9037 0.0831059 1.101527 1
4595571.6436 5437407.3471  22.5115 0.0838357 1.464802 1
4595572.2816 5437405.9750  31.2089 0.1041230 1.079287 1
4595572.3792 5437405.4197  32.4426 0.1812932 1.063212 0
4595572.3468 5437404.6443  31.8027 0.1303400 1.269016 0
4595572.3499 5437404.2292  31.7422 0.1326479 1.153514 1
4595572.0466 5437404.6640  27.5417 0.0413124 1.240793 3
4595572.3850 5437403.7678  32.1179 0.0464169 0.984535 1
4595572.3299 5437403.8459  31.3599 0.0838983 2.531107 2
4595572.2378 5437403.9767  30.0880 0.0244202 1.137826 3
4595572.3999 5437403.3349  32.2122 0.1070473 1.304184 1
4595572.2045 5437403.6094  29.5275 0.0277997 1.117836 2
4595572.1284 5437403.7164  28.4771 0.0672917 1.326161 3
4595572.1565 5437403.2622  28.7589 0.2008814 1.135086 1
4595570.0715 5437406.1621   0.1320 0.1678018 1.039241 3
4595570.0793 5437405.7068   0.1130 0.4751178 1.051281 0
4595570.0930 5437405.2435   0.1930 0.4301412 1.050345 0
4595570.0957 5437404.7954   0.1374 0.7480050 1.057340 0
4595570.1116 5437403.8851   0.0953 0.6568398 1.051377 0
4595572.0326 5437407.7653  32.5707 0.0559986 1.135778 1
4595572.0330 5437407.3536  32.4055 0.1741101 1.073472 1
4595571.9826 5437407.4314  31.7092 0.0381221 1.852126 3
4595571.5308 5437407.7121  25.3793 0.0649361 0.934442 1
4595571.4423 5437407.8476  24.2026 0.1221785 1.153326 3
4595571.7880 5437406.9035  28.7587 0.1561036 1.623288 0
4595572.1067 5437406.0103  33.0704 0.0555834 1.045702 1
4595572.0585 5437405.6720  32.3112 0.1431774 1.129905 1
4595571.8432 5437405.9923  29.3276 0.0246531 1.134069 3
4595572.0352 5437405.2955  31.8836 0.2358617 1.062325 0
4595571.7139 5437405.3529  27.3612 0.2338133 1.492188 0
4595571.9611 5437404.5802  30.6160 0.0240133 1.023208 3
4595572.0297 5437404.0686  31.4739 0.1067641 1.488024 0
4595572.0860 5437403.5776  32.1595 0.1838898 1.040387 0
4595569.7888 5437405.0542   0.0886 0.6121421 1.049694 0
4595569.7957 5437404.6001   0.0729 0.5514621 1.069129 0
4595569.8077 5437404.1394   0.0977 0.6214064 1.069927 0
4595569.8147 5437403.6860   0.0461 0.5836417 1.064521 0
4595571.7933 5437408.4464  35.2178 0.1092429 1.106539 0
4595571.7700 5437408.0759  34.6932 0.0848933 1.312598 1
4595571.7786 5437407.6543  34.5927 0.1344637 1.350134 1
4595571.7364 5437406.9044  33.7149 0.1255401 1.611212 0
4595571.6267 5437406.6624  32.0701 0.1439257 1.022152 1
4595571.5668 5437406.7534  31.2434 0.0998654 1.060430 3
4595571.9246 5437405.8031  36.1241 0.1864585 1.194467 0
4595571.6565 5437405.7974  32.3275 0.3696347 1.377918 0
4595571.5742 5437405.5080  31.1182 0.1454826 1.234471 1
4595571.3570 5437405.8287  28.0996 0.0221710 0.895444 2
4595571.6015 5437405.0566  31.3329 0.1303013 1.321627 1
4595571.6205 5437404.6185  31.4363 0.1025844 1.155743 1
4595571.4159 5437404.9149  28.6567 0.0680947 1.331009 3
4595571.6488 5437404.1668  31.7317 0.0509003 1.126075 1
4595571.1972 5437404.3964  25.4269 0.0367281 0.988444 2
4595571.1425 5437404.4742  24.6810 0.0805507 1.411424 3
4595571.1592 5437403.6148  24.7124 0.0420729 1.178677 1
4595569.3665 5437406.1098   0.0967 0.1489699 1.043298 3
4595569.3774 5437405.6508   0.1032 0.1282898 1.041711 3
4595569.3957 5437404.7374   0.0814 0.5277949 1.050007 0
4595569.4057 5437404.2801   0.0767 0.6811768 1.070020 0
4595569.4161 5437403.8229   0.0704 0.5840421 1.074713 0
4595571.5855 5437408.4641  35.4308 0.1709869 1.102231 0
4595571.3289 5437408.4652  31.7628 0.0329063 1.048695 3
4595571.5794 5437407.6617  34.8772 0.1702042 1.777440 0
4595571.5631 5437407.2815  34.4750 0.3176763 1.104595 0
4595571.5569 5437406.8844  34.2545 0.3169055 1.101739 0
4595571.4102 5437406.7011  32.1080 0.0909936 1.035720 1
4595570.8863 5437407.5023  24.9810 0.1206528 1.042012 3
4595571.6951 5437405.8610  35.9920 0.1853120 1.098154 0
4595571.4576 5437405.8114  32.5984 0.1673061 1.331349 0
4595571.2846 5437405.6597  30.1111 0.0492098 1.558988 3
4595571.3902 5437405.0926  31.4255 0.3311970 1.074791 0
4595571.2123 5437404.9418  28.8522 0.1839165 1.244741 0
4595571.2142 5437404.5268  28.7311 0.1729042 1.270110 0
4595571.4118 5437403.8305  31.3592 0.0305278 1.165305 1
4595571.2386 5437404.0782  28.9642 0.0980090 1.171470 3
4595571.2453 5437403.6564  28.9600 0.1796830 1.180061 0
4595570.8524 5437403.7939  23.4239 0.0272587 1.054247 3
4595569.2047 5437404.3318   0.0677 0.6036652 1.036042 0
4595569.2164 5437403.8738   0.0724 0.7388877 1.057943 0
4595571.4354 5437408.3831  35.3074 0.1493535 1.091145 0
4595571.5161 5437407.8486  36.1479 0.0801932 1.120085 1
4595571.4315 5437407.9836  35.0143 0.1012545 1.161171 3
4595571.4866 5437407.4910  35.5099 0.1888082 1.048325 0
4595571.4647 5437407.1192  35.0722 0.1758450 1.148897 0
4595571.4620 5437406.7174  34.8984 0.1681817 1.073375 1
4595571.4145 5437406.7911  34.2477 0.0574001 2.093863 3
4595571.5414 5437406.1896  35.9118 0.0779515 1.101094 1
4595571.4700 5437406.2993  34.9052 0.0861315 1.087154 3
4595571.5230 5437405.8115  35.5822 0.1114347 1.228402 0
4595571.3146 5437405.7205  32.5757 0.0261408 0.907383 1
4595571.2008 5437405.8924  30.9789 0.2118342 1.035716 2
4595571.1378 5437405.9877  30.0966 0.1067542 1.393979 3
4595571.2286 5437405.4412  31.2727 0.2052983 1.186903 0
4595570.6839 5437405.8372  23.5577 0.2251544 1.098180 1
4595571.0788 5437404.8394  28.9194 0.0532079 1.033338 1
4595570.7927 5437405.2592  24.9593 0.0455960 1.087986 2
4595570.5106 5437405.6732  21.0220 0.0540163 1.571097 3
4595571.2750 5437403.7314  31.3992 0.0394297 1.132867 1
4595571.1105 5437403.9679  29.1103 0.1776717 1.084719 3
4595570.9705 5437403.7545  27.0485 0.0786663 1.111576 3
4595569.0665 5437405.1395   0.0945 0.2467467 1.059830 3
4595569.0781 5437404.6808   0.1044 0.7237469 1.049699 0
4595569.0862 5437404.2266   0.0613 0.5899669 1.077244 0
4595571.2107 5437407.0320  35.8782 0.0528876 1.034103 2
4595570.7852 5437407.7005  30.0574 0.0303006 1.252720 3
4595571.1997 5437406.6442  35.5881 0.1757075 1.531355 0
4595571.3297 5437406.0384  37.3014 0.1332685 1.309662 0
4595571.2637 5437405.7363  36.2927 0.1175587 1.520113 0
4595571.1812 5437405.4560  35.0359 0.1933053 1.167773 0
4595571.0201 5437404.8829  32.5259 0.0690672 1.129087 1
4595571.0654 5437403.9992  32.8998 0.1870772 1.208306 0
4595571.0734 5437403.5797  32.8954 0.1328273 1.328351 0
4595570.4507 5437404.0604  24.1255 0.1421994 1.048678 0
4595570.4686 5437403.6167  24.2093 0.1745199 1.068299 1
4595570.3891 5437403.7290  23.1027 0.0369404 1.299600 3
4595568.7606 5437405.1465   0.0226 0.1350050 1.059377 3
4595568.7761 5437404.6825   0.0822 0.1942683 1.023594 3
4595568.8025 5437404.2040   0.2905 0.3141339 1.313865 0
4595571.0081 5437407.0886  37.1735 0.0714024 1.242924 1
4595570.9241 5437407.2216  36.0171 0.0828728 1.161826 3
4595570.9866 5437406.7192  36.7320 0.1126952 1.078597 1
4595570.7681 5437407.0621  33.7224 0.0245886 1.140746 3
4595571.0184 5437406.2675  37.0469 0.1052528 1.237523 0
4595571.1047 5437405.7311  38.1530 0.1342737 1.122533 0
4595570.7641 5437405.8491  33.2660 0.0348201 1.141766 3
4595570.7400 5437405.4788  32.8040 0.1034735 1.170442 1
4595570.6818 5437405.5667  31.9886 0.0241270 1.011638 3
4595570.9672 5437404.7312  35.8456 0.1048286 1.332259 0
4595570.3147 5437405.2953  26.6030 0.1662539 1.401858 0
4595570.7780 5437404.2003  32.9609 0.1111432 1.083624 0
4595570.2073 5437404.6227  24.8702 0.1050603 1.241208 1
4595570.8000 5437403.3541  32.9741 0.1462907 1.186596 0
4595570.1855 5437403.8225  24.2448 0.1398222 1.032985 1
4595570.1147 5437403.9235  23.2548 0.0443299 1.102817 3
4595569.9870 5437403.6854  21.3007 0.0351522 1.159600 2
4595568.5321 5437404.4166   0.4053 0.3034626 1.093181 0
4595570.9540 5437407.2107  36.9342 0.0464871 1.393021 1
4595570.9485 5437406.8177  36.7088 0.0891054 1.074233 1
4595570.7334 5437407.1601  33.7112 0.0599879 1.083044 3
4595571.0694 5437405.8221  38.1689 0.0990769 1.091444 0
4595570.9403 5437405.6205  36.2225 0.0567898 0.988310 1
4595570.7304 5437405.9454  33.2490 0.0841369 1.065983 2
4595570.2577 5437406.6773  26.6025 0.0397783 0.913758 3
4595570.6898 5437405.6010  32.5450 0.0892577 1.447302 1
4595570.5360 5437405.8370  30.3706 0.0170589 0.840073 3
4595570.9969 5437404.7271  36.7489 0.0410727 0.896670 1
4595570.9390 5437404.8151  35.9386 0.1082902 1.198890 3
4595570.7178 5437404.7439  32.7053 0.0696993 1.348547 1
4595570.2889 5437405.3893  26.6075 0.1137947 1.409474 3
4595570.7489 5437404.2907  33.0070 0.2045965 1.047119 0
4595570.1854 5437404.7151  24.9033 0.1147387 1.176752 0
4595570.7698 5437403.4455  32.9968 0.2036759 1.119033 0
4595570.1592 5437403.9216  24.2173 0.0971697 1.075993 1
4595570.0889 5437404.0234  23.2220 0.1087440 1.055371 2
4595570.0960 5437403.5949  23.1505 0.1057011 1.145155 1
4595568.4953 5437405.0054   0.1076 0.1998694 1.048421 3
4595570.5397 5437407.6805  33.8391 0.1944878 1.254318 0
4595570.4944 5437407.3467  33.0427 0.0539171 1.345975 1
4595570.8988 5437405.8960  38.4655 0.1498947 1.379174 0
4595570.8418 5437405.5838  37.5328 0.1786260 1.753948 0
4595570.8180 5437405.2177  37.0674 0.2361541 1.097443 0
4595570.8474 5437404.7699  37.3564 0.0490797 1.261682 1
4595570.4562 5437405.3698  31.7794 0.0976817 1.577293 2
4595569.8688 5437406.2708  23.4416 0.0374305 1.011698 3
4595570.3172 5437405.1728  29.6757 0.0789297 1.206416 1
4595569.9410 5437405.7442  24.3097 0.0537188 1.356090 3
4595570.5692 5437404.3836  33.1734 0.0359271 0.913836 1
4595569.9071 5437405.3796  23.6827 0.0376871 1.303663 3
4595570.1292 5437404.6313  26.7433 0.1918470 1.064423 1
4595569.9591 5437404.0528  23.9937 0.0231934 0.948843 1
4595569.9120 5437404.1216  23.3221 0.0661061 1.444616 2
4595568.3412 5437404.6522   0.2181 0.3608832 1.127249 0
4595570.3602 5437406.5436  36.5349 0.0612736 1.135642 1
4595570.4287 5437406.0332  37.3542 0.1705019 1.381855 0
4595569.7279 5437406.7270  27.2994 0.0573057 0.981921 0
4595570.1992 5437405.5854  33.8057 0.2566947 1.025335 1
4595570.1378 5437405.6804  32.9363 0.0737641 1.197040 3
4595570.1092 5437404.9113  32.2680 0.0944431 1.069389 1
4595569.9639 5437405.1321  30.1854 0.1376859 1.116293 3
4595569.9510 5437404.7423  29.8690 0.1587687 1.115768 0
4595569.7584 5437404.2070  26.8055 0.1522247 1.058274 0
4595569.7712 5437403.7755  26.8126 0.0558785 1.213140 1
4595569.5786 5437404.0568  24.0706 0.1202223 1.089234 2
4595569.3996 5437403.9000  21.3463 0.0319889 1.153838 2
4595567.9445 5437404.6841   0.0773 0.4827934 1.050690 0
4595569.9167 5437407.1134  31.8713 0.1054955 1.234667 3
4595570.3146 5437406.0726  37.3832 0.1865935 1.421617 0
4595570.3420 5437405.2276  37.4941 0.0905597 1.086625 1
4595570.0871 5437405.6264  33.8248 0.1251924 1.035117 2
4595570.0258 5437405.7224  32.9485 0.0243840 1.066418 3
4595570.3708 5437404.7819  37.7994 0.0608196 1.153014 1
4595570.2966 5437404.8969  36.7211 0.1198798 1.123794 3
4595569.8498 5437405.1818  30.1298 0.2198462 1.124627 0
4595569.9516 5437404.6182  31.4637 0.0223923 0.842792 1
4595569.8353 5437404.7950  29.7804 0.1015074 1.194470 3
4595569.6084 5437404.7269  26.3552 0.2148447 1.089802 0
4595569.6478 5437404.2562  26.7561 0.1263291 1.142731 1
4595569.4777 5437404.0943  24.1340 0.1349296 1.015274 1
4595567.8573 5437404.7296   0.1103 0.4541307 1.080601 0
4595570.1679 5437406.6952  36.6529 0.0487801 1.033788 1
4595569.8461 5437407.2200  32.0217 0.1376943 1.057576 3
4595570.2363 5437406.1829  37.4805 0.1810557 1.129292 0
4595570.1116 5437405.9817  35.5253 0.0231974 1.028577 1
4595570.0264 5437406.1181  34.2977 0.1586945 1.181007 3
4595570.0126 5437405.7358  33.9384 0.0574101 1.100005 1
4595569.9405 5437405.8502  32.8983 0.0597415 1.191992 2
4595569.6814 5437406.2612  29.1656 0.1703764 1.051990 3
4595570.3013 5437404.8780  38.0098 0.0937752 1.094661 0
4595569.9254 5437405.0624  32.3834 0.2244103 1.093243 0
4595569.7691 5437404.8969  29.9621 0.1922373 1.095110 3
4595569.5259 5437404.8593  26.2662 0.1861955 1.124851 0
4595569.5797 5437404.3643  26.8847 0.3263609 1.059155 0
4595569.5926 5437403.9327  26.8937 0.0503876 1.143064 1
4595569.3930 5437404.2316  23.9945 0.0740611 1.189648 2
4595569.4140 5437403.7851  24.1210 0.0393385 1.389502 3
4595567.7950 5437404.8661   0.0493 0.5645808 1.065323 0
4595569.8298 5437407.0683  37.3394 0.0806731 1.274477 1
4595569.8987 5437406.1559  38.0058 0.1109617 1.163499 1
4595569.6791 5437406.1086  34.6801 0.1930796 1.038174 1
4595569.5319 5437405.9386  32.3920 0.1460874 1.148112 0
4595569.6673 5437405.3200  34.1790 0.1558459 1.092752 0
4595569.6238 5437404.9843  33.3937 0.0533957 0.950862 1
4595569.5883 5437405.0396  32.8777 0.0499267 1.473042 3
4595569.5772 5437404.6507  32.5566 0.2385696 1.025815 0
4595569.4251 5437404.4774  30.1779 0.0565745 1.109772 1
4595568.9862 5437405.1484  23.7933 0.0642064 1.051739 3
4595569.4373 5437404.0508  30.1738 0.2281944 1.113549 1
4595569.0182 5437404.2707  23.9073 0.0346933 1.207924 2
4595569.6171 5437406.9618  37.4151 0.0979722 1.091914 1
4595569.4694 5437406.0005  34.7651 0.1535718 1.049001 1
4595569.1035 5437406.1808  29.2672 0.1449773 1.063478 1
4595569.0093 5437406.3308  27.9004 0.1227862 1.086567 3
4595569.4591 5437405.2111  34.2702 0.1833158 1.044609 1
4595569.2272 5437405.5772  30.8864 0.0407335 0.985748 2
4595569.0006 5437405.9352  27.5888 0.0284959 1.007379 3
4595569.4016 5437404.8980  33.2615 0.2091076 1.287292 0
4595569.3729 5437404.5384  32.6718 0.1736055 1.073362 0
4595569.1618 5437404.4575  29.4099 0.0893451 1.453489 1
4595568.7863 5437405.0338  23.9201 0.0589347 1.023301 2
4595569.1843 5437404.0159  29.5533 0.0851829 1.406574 1
4595569.6502 5437406.9845  36.9296 0.0677816 1.036421 0
4595569.7452 5437406.4272  38.1536 0.0613309 1.124682 1
4595569.3665 5437406.2496  32.2239 0.0416169 0.928915 1
4595569.5042 5437405.6223  34.0773 0.1468072 1.283705 0
4595569.4718 5437405.2725  33.4223 0.1623228 1.152098 0
4595569.4293 5437404.9361  32.6174 0.1273170 1.037349 1
4595569.0222 5437405.5831  26.5773 0.0779978 1.125818 3
4595568.7654 5437405.5778  22.5880 0.0856748 1.883583 0
4595569.2902 5437404.3449  30.1942 0.1788080 1.199696 1
4595569.2541 5437403.9931  29.4700 0.0635796 1.347284 1
4595569.0940 5437404.2404  27.0941 0.0829706 1.132698 2
4595568.8840 5437404.5648  23.9753 0.0296945 1.135949 3
4595569.3469 5437406.1346  34.7787 0.1061175 1.085040 1
4595568.8938 5437406.0660  27.6700 0.0593806 1.026753 0
4595569.3526 5437404.9183  34.3278 0.0235436 1.001352 1
4595569.2931 5437405.0140  33.4371 0.0595226 1.559605 2
4595568.8385 5437405.7445  26.6566 0.0463566 1.513611 3
4595568.5701 5437405.7613  22.4694 0.1213842 1.564487 1
4595568.6878 5437404.7473  23.8433 0.0364275 1.106261 1
4595568.8783 5437405.7919  31.1169 0.2160085 1.092497 0
4595569.1122 5437405.0075  34.4352 0.2102382 1.111278 0
4595569.1076 5437404.6124  34.1882 0.2063828 1.109912 1
4595568.8784 5437404.9800  30.7466 0.0337406 1.028314 3
4595569.0180 5437404.3519  32.6588 0.1579756 1.422838 1
4595568.8419 5437404.6316  30.0154 0.0402363 1.175808 3
4595569.0052 5437403.9675  32.2780 0.0936130 1.264748 1
4595568.4484 5437404.8435  23.9232 0.0374320 1.216930 3
4595569.1175 5437406.1056  34.3692 0.0596598 1.098616 1
4595569.1474 5437405.2527  34.4432 0.0965058 1.060155 1
4595569.0779 5437405.3677  33.3846 0.0722379 1.982595 3
4595569.1009 5437404.9277  33.5497 0.1130410 1.224782 1
4595568.9177 5437405.2279  30.7588 0.0609994 1.246642 3
4595569.0632 5437404.5865  32.7899 0.1964246 1.081672 1
4595569.0382 5437404.2236  32.2150 0.0868881 1.458980 1
4595568.7350 5437404.3025  27.3984 0.1278977 1.096457 1
4595569.0790 5437405.9898  34.4384 0.0672303 1.339973 1
4595569.1014 5437405.1495  34.3996 0.1473406 1.132587 1
4595569.0376 5437405.2563  33.4147 0.0730452 1.651003 3
4595569.0609 5437404.8153  33.5865 0.1351399 1.328233 1
4595568.8610 5437405.1464  30.5021 0.0521865 1.575856 3
4595569.0218 5437404.4778  32.7935 0.2157242 1.065140 0
4595568.9736 5437404.1521  31.8524 0.0572207 1.307886 1
4595568.6944 5437404.1971  27.3462 0.0400116 1.062131 1
4595568.8258 5437406.0700  35.1106 0.1328727 1.044844 0
4595568.8362 5437404.8493  34.6958 0.1365323 1.158527 0
4595568.8043 5437404.5011  34.0143 0.1841580 1.195893 0
4595568.7492 5437404.1883  32.9680 0.2213211 1.097178 0
4595568.1788 5437404.7092  23.9565 0.1353775 1.068717 1
4595568.6750 5437405.3558  34.2507 0.0307387 1.031700 1
4595568.7185 5437404.8811  34.7362 0.1926705 1.099218 0
4595568.6648 5437404.5704  33.7020 0.0423524 1.037965 1
4595568.6289 5437404.2280  32.9448 0.1682440 1.108599 0
4595568.0650 5437404.7496  23.9490 0.0798487 1.142933 1
4595568.6518 5437405.8919  34.5318 0.0262101 0.937486 1
4595568.6923 5437405.0224  34.7681 0.1976171 1.044493 1
4595568.6416 5437405.1095  33.9658 0.0354495 1.056320 3
4595568.4369 5437405.0558  30.5302 0.0460697 1.395502 1
4595568.6713 5437404.2566  34.0374 0.0699284 1.060946 1
4595568.4691 5437404.8343  34.9203 0.3324484 1.084393 0
4595568.2334 5437404.8633  34.9608 0.1285364 1.161195 0
4595568.2125 5437404.6992  34.8301 0.0488964 1.383025 1
4595567.9941 5437405.0813  31.2982 0.1030505 1.148993 3
4595568.1339 5437404.6337  34.8177 0.1014253 1.255210 1
4595567.9223 5437405.0080  31.3548 0.0542321 1.300680 3
4595567.9106 5437404.7831  35.1302 0.0741158 1.072477 1
4595567.7099 5437404.7391  31.6194 0.0890829 1.089696 1
4595567.8505 5437404.8192  -0.0246 0.0842317 1.084622 3
4595568.0124 5437404.7452  -0.0180 0.2552685 1.056363 3
4595568.0318 5437404.5614  -0.0901 0.0332385 1.086423 3
4595568.0085 5437405.0172  -0.0854 0.0572611 1.029592 3
4595568.0918 5437405.0047  -0.0399 0.5511394 1.071884 3
4595568.3556 5437404.3957   0.4466 0.2693374 1.059210 3
4595568.3291 5437405.0127   0.0040 0.1713751 1.078461 3
4595568.3056 5437405.4574   0.0391 0.7432161 1.070223 0
4595568.0396 5437404.9803  24.0240 0.0518326 1.085649 1
4595567.9651 5437404.6738  31.4797 0.1420068 1.179026 0
4595568.5097 5437404.1721   0.3669 0.5726249 1.040384 0
4595568.4830 5437404.7745  -0.0404 0.1371815 1.009305 3
4595568.4592 5437405.2212  -0.0121 0.5685895 1.045251 0
4595568.4353 5437405.6713   0.0110 0.2545106 1.058383 3
4595568.2120 5437405.1022  20.7930 0.0893407 0.986914 1
4595568.2026 5437404.8817  22.5132 0.1764106 1.077245 1
4595568.1915 5437404.7506  23.9907 0.1663628 1.085815 0
4595568.1142 5437404.5598  31.1611 0.0477975 0.967901 1
4595568.0886 5437405.1324  30.7971 0.0959627 1.034924 1
4595568.5557 5437404.1397   0.3735 0.3615126 1.036074 3
4595568.5290 5437404.7153   0.0404 0.0929055 0.995567 3
4595568.5044 5437405.1871  -0.0020 0.5265742 1.043840 0
4595568.4804 5437405.6273   0.0457 0.1619795 1.088617 3
4595568.2616 5437405.0631  20.8340 0.1157724 1.029600 1
4595568.2617 5437404.4358  23.6163 0.1014759 1.031950 1
4595568.2533 5437404.8188  22.6169 0.0424939 1.160788 3
4595568.2411 5437404.7571  23.9145 0.1345092 1.082604 0
4595568.1658 5437404.5467  31.1428 0.0280221 1.064249 3
4595568.1398 5437405.1177  30.7811 0.0495862 1.302811 1
4595568.1138 5437404.5541  35.4592 0.0405897 1.276363 1
4595568.6654 5437405.2885   0.0350 0.0384224 1.034720 3
4595568.6416 5437405.7146   0.1215 0.0379905 0.927893 3
4595568.4030 5437405.4795  21.1824 0.0619595 1.199860 1
4595568.4034 5437404.8576  23.9399 0.1680002 1.060590 1
4595568.3897 5437405.4654  22.3588 0.0275482 0.898193 3
4595568.3647 5437404.2179  30.0682 0.1804587 1.080772 1
4595568.3057 5437405.0738  31.1730 0.1381812 1.127833 0
4595568.2836 5437405.4640  31.2753 0.0627578 1.117762 1
4595568.2733 5437404.8028  35.1077 0.0275234 0.967750 1
4595568.8236 5437405.3125   0.0663 0.0481184 1.047147 3
4595568.7983 5437405.7863   0.0241 0.1836667 1.050590 3
4595568.6035 5437404.1412  23.6326 0.2211230 1.087304 0
4595568.5683 5437405.0786  22.3184 0.0487911 0.977612 1
4595568.5581 5437404.9277  23.8489 0.0266932 1.122696 3
4595568.5339 5437404.2238  29.0355 0.0753365 1.178223 1
4595568.5183 5437404.3245  29.8806 0.0327673 1.144066 1
4595568.4795 5437404.8480  30.7407 0.1008612 1.172908 0
4595568.4592 5437405.1508  31.0632 0.1087438 1.408674 1
4595568.4510 5437405.4966  30.1829 0.0705867 1.891553 3
4595568.4485 5437404.5053  34.8682 0.1231876 1.087523 0
4595568.9268 5437404.4111   0.0155 0.0544025 1.066309 3
4595568.8764 5437405.3268  -0.0001 0.0789187 1.115481 3
4595568.8514 5437405.7751   0.0255 0.1782327 1.017721 3
4595568.6614 5437404.1569  23.5782 0.1013369 0.995339 1
4595568.6252 5437405.0981  22.2534 0.0726566 1.043695 1
4595568.6098 5437405.7349  20.5925 0.0374658 1.228138 2
4595568.5956 5437404.1215  29.2901 0.0778982 1.667193 1
4595568.5399 5437404.7917  30.8754 0.1295519 1.138620 1
4595568.5170 5437405.1924  30.9454 0.1407514 1.140428 1
4595568.5085 5437405.5336  30.0768 0.0510350 1.109767 2
4595568.5091 5437404.4784  34.9304 0.1724712 1.127826 0
4595569.0854 5437404.1005   0.0607 0.2993245 1.046229 3
4595569.0348 5437405.0120   0.0596 0.1620641 1.042866 3
4595569.0096 5437405.4617   0.0709 0.0560513 0.923618 3
4595568.9839 5437405.9324   0.0377 0.1565602 1.053902 3
4595568.7968 5437404.3156  23.5751 0.0518656 0.982658 1
4595568.7745 5437404.6745  23.7734 0.0467588 1.127577 3
4595568.7143 5437404.4499  29.9528 0.0299759 0.917464 1
4595568.6764 5437404.9298  30.9180 0.1060834 1.227788 1
4595568.6533 5437405.3297  30.9925 0.1709488 1.161941 0
4595568.6454 5437404.6402  34.9133 0.2016437 1.062676 0
4595569.3007 5437404.1525   0.0688 0.0882893 1.063463 3
4595569.2491 5437405.0750   0.0297 0.0472356 1.073071 3
4595569.1984 5437405.9620   0.0949 0.0665608 1.014262 3
4595569.1724 5437406.4347   0.0516 0.1143368 1.065505 3
4595569.0081 5437404.2884  23.7798 0.0310041 1.348037 3
4595568.9831 5437404.7478  23.7126 0.0611071 1.157976 1
4595568.9507 5437406.0494  20.3082 0.0486803 1.025067 2
4595568.9420 5437404.2395  29.5175 0.0653556 1.161431 1
4595568.9206 5437404.5581  29.8029 0.1677899 1.435320 1
4595568.8883 5437405.8326  26.5197 0.0401921 1.284678 3
4595568.9042 5437404.6833  30.5812 0.0561776 1.110396 3
4595568.8744 5437405.3350  30.0051 0.2054959 1.092615 0
4595568.8896 5437404.2304  33.9185 0.1131617 1.066889 1
4595568.8606 5437405.3614  31.0309 0.0925324 1.089922 3
4595568.8668 5437404.6135  34.0280 0.0738900 1.198907 1
4595568.8340 5437405.8858  30.7942 0.0483675 1.535053 3
4595568.8501 5437404.7583  34.7374 0.1454611 1.148042 0
4595568.7798 5437405.9806  34.8730 0.1362441 1.155738 0
4595569.3841 5437404.1740   0.0037 0.0302002 1.004514 3
4595569.3065 5437405.5268   0.0303 0.0631879 1.090346 3
4595569.2800 5437406.0011  -0.0175 0.0959335 1.083136 3
4595569.2547 5437406.4290   0.0621 0.0772739 1.039565 3
4595569.0938 5437404.3035  23.7500 0.1304717 1.212003 0
4595569.0692 5437404.7297  23.7718 0.0292717 0.855372 1
4595569.0532 5437405.3503  22.1410 0.1129952 1.309776 3
4595569.0307 5437404.1621  29.7299 0.1015517 1.127708 0
4595569.0078 5437404.5300  29.8911 0.0996688 1.434941 1
4595568.9736 5437405.8298  26.5383 0.0314397 1.081185 3
4595568.9611 5437405.3044  30.0977 0.1329216 1.133284 1
4595568.9448 5437405.9188  28.5291 0.0559444 2.242339 3
4595568.9739 5437404.3372  33.6645 0.0328127 1.211606 1
4595568.9463 5437405.3713  31.0201 0.0894821 0.998979 2
4595568.9295 5437406.0010  29.4191 0.1420998 1.063154 3
4595568.9538 5437404.6065  34.0634 0.1434650 1.117394 1
4595568.9194 5437405.8928  30.7900 0.0454346 1.420712 3
4595568.9356 5437404.8040  34.6391 0.2810426 1.415378 0
4595568.8657 5437405.9785  34.8959 0.2096727 1.209771 0
4595569.4360 5437404.2382   0.0400 0.0333824 1.004018 3
4595569.3313 5437406.0692   0.0055 0.1440333 1.089483 3
4595569.3056 5437406.5092   0.0533 0.0361108 0.984171 3
4595569.1559 5437404.3002  23.9620 0.1036021 1.231786 2
4595569.1293 5437404.7962  23.7980 0.1126957 1.058949 1
4595569.1137 5437405.3757  22.2744 0.0465404 1.410221 3
4595569.1405 5437403.9011  27.2617 0.0726644 1.063506 1
4595569.1015 5437405.3408  23.5035 0.0601852 1.044195 2
4595569.0890 5437405.8013  22.3035 0.0554133 1.264564 3
4595569.0923 5437404.2521  29.6981 0.1441750 1.123130 0
4595569.0691 5437404.6341  29.8195 0.1172466 1.272470 0
4595569.0759 5437403.9238  32.7390 0.1535526 1.110473 0
4595569.0227 5437405.3917  30.0688 0.0949486 1.147039 1
4595569.0086 5437405.8999  28.7717 0.0828456 1.243641 3
4595569.0381 5437404.3809  33.7512 0.0603394 1.073134 1
4595569.0082 5437405.4586  30.9935 0.1130699 1.052100 2
4595568.9908 5437406.0833  29.4062 0.0360723 1.107322 3
4595569.0177 5437404.6645  34.1107 0.1467505 1.155478 0
4595568.9994 5437404.8755  34.6513 0.2628117 1.361867 0
4595568.9300 5437406.0209  34.9805 0.1991611 1.133081 1
4595569.5754 5437405.3028   0.0554 0.0724046 0.997130 3
4595569.5226 5437406.2162   0.0476 0.1811895 1.024488 3
4595569.4967 5437406.6518   0.1061 0.1028640 1.049866 3
4595569.3699 5437404.0238  23.9655 0.1981509 1.040856 0
4595569.3164 5437405.0163  23.6328 0.0363100 1.554372 3
4595569.3084 5437404.8231  25.2728 0.0431118 1.006884 1
4595569.2759 5437406.0139  22.1591 0.0494215 1.137617 2
4595569.2664 5437406.3583  21.2632 0.0482118 1.263203 2
4595569.2593 5437406.6205  20.5793 0.0172184 0.710704 3
4595569.2975 5437404.2702  28.9503 0.0781048 1.490247 2
4595569.2694 5437405.2879  26.3044 0.0464498 1.248625 3
4595569.2807 5437404.4071  29.7086 0.0752122 1.156351 1
4595569.2781 5437404.0365  31.7603 0.0336076 0.943333 1
4595569.2561 5437404.8283  29.7233 0.0461198 1.042602 2
4595569.2638 5437404.0930  32.7080 0.1444407 1.106574 0
4595569.2189 5437405.2406  30.8574 0.0388442 0.952832 1
4595569.1988 5437405.9604  29.0153 0.0461167 1.085580 2
4595569.2257 5437404.5452  33.7330 0.0435076 1.056327 1
4595569.1734 5437406.4106  28.9685 0.0683775 1.105828 3
4595569.2085 5437404.7076  34.3982 0.1869021 1.078240 0
4595569.1180 5437406.1328  35.0857 0.0392089 0.989087 1
4595569.7079 5437405.8731  -0.0594 0.0383398 1.099032 3
4595569.6817 5437406.3093  -0.0043 0.6673213 1.065342 0
4595569.6553 5437406.7505   0.0345 0.2443369 1.064443 3
4595569.5777 5437403.7859  21.3569 0.0954688 1.033229 1
4595569.5498 5437403.8158  23.5778 0.1082764 1.277449 1
4595569.5266 5437404.1690  23.7951 0.0253871 1.060542 2
4595569.5096 5437403.8156  26.9805 0.2783275 1.065461 0
4595569.4689 5437404.8039  25.5291 0.1428754 1.205989 0
4595569.4511 5437404.9670  26.2276 0.0445758 1.109957 3
4595569.4356 5437404.5804  29.4656 0.1247645 1.007865 1
4595569.4122 5437404.9485  29.6141 0.0289217 0.888376 1
4595569.3822 5437406.0099  26.8721 0.1333775 1.031912 3
4595569.4206 5437404.1948  32.6509 0.2357346 1.082153 0
4595569.3745 5437405.3630  30.7416 0.1458705 1.352449 1
4595569.3830 5437404.6124  33.7624 0.0922542 1.457672 1
4595569.3650 5437404.7970  34.3699 0.2185126 1.171941 0
4595569.2954 5437405.8953  34.8046 0.1697348 1.126657 0
4595569.7569 5437406.3973  -0.0016 0.6728376 1.053043 0
4595569.7302 5437406.8457   0.0167 0.3331042 1.055165 3
4595569.6322 5437403.8749  23.6672 0.1008554 1.167729 1
4595569.5924 5437403.8914  27.0236 0.2035268 1.056643 0
4595569.5517 5437404.8481  25.6548 0.1220279 1.154667 0
4595569.5446 5437404.2009  29.5757 0.0649811 1.481706 1
4595569.5191 5437404.6368  29.5578 0.0890602 1.066251 1
4595569.4643 5437406.0745  26.9401 0.1778406 1.065442 0
4595569.5045 5437404.2652  32.7109 0.2161312 1.109462 0
4595569.4582 5437405.4107  30.8527 0.1859209 1.169639 1
4595569.4391 5437406.0606  29.1890 0.0271681 0.940163 3
4595569.4686 5437404.6305  33.9501 0.1180448 1.598968 1
4595569.4489 5437404.8745  34.4063 0.2732823 1.310465 0
4595569.3789 5437405.9736  34.8382 0.2270349 1.085648 0
4595570.0598 5437404.6761   0.0328 0.0367460 0.952069 3
4595570.0060 5437405.5661   0.0213 0.0608482 1.084762 3
4595569.9789 5437406.0164   0.0343 0.2533050 1.059745 3
4595569.9515 5437406.4809   0.0073 0.1089740 1.022363 3
4595569.9249 5437406.9141   0.0654 0.2826977 1.059169 3
4595569.8976 5437407.3752   0.0488 0.3143506 1.090065 3
4595569.8300 5437403.7796  24.1627 0.1775897 1.109561 1
4595569.7820 5437404.0611  26.8292 0.1737480 1.109371 0
4595569.7491 5437404.7387  26.1827 0.1456944 1.150184 1
4595569.7218 5437405.6778  23.6976 0.0550914 1.313911 3
4595569.7246 5437405.1281  26.2739 0.0283357 1.097586 1
4595569.6952 5437406.1356  23.6371 0.1784620 1.205331 3
4595569.7414 5437404.1042  30.0651 0.2237645 1.107146 0
4595569.7164 5437404.5172  30.1094 0.1673843 1.152398 0
4595569.6881 5437405.0371  29.8494 0.1022744 1.109609 0
4595569.6917 5437404.4801  32.4010 0.1840250 1.102519 0
4595569.6716 5437404.7254  32.8556 0.0855922 1.020839 1
4595569.6287 5437406.1718  29.1248 0.0422113 1.146686 3
4595569.6522 5437404.9512  33.3543 0.1398726 1.059053 1
4595569.6363 5437405.0562  34.1659 0.1721315 1.222605 0
4595569.5682 5437406.0657  34.8259 0.2568265 1.079782 1
4595569.5381 5437407.0664  32.2964 0.0296926 1.312711 2
4595569.5269 5437407.0198  33.4888 0.1242161 1.027265 1
4595570.2897 5437404.8465   0.0093 0.0359228 0.919244 3
4595570.2352 5437405.7301   0.0092 0.3827699 1.064797 3
4595570.2081 5437406.1666   0.0538 0.3073999 1.048972 3
4595570.1524 5437407.0898   0.0159 0.4224527 1.107910 3
4595570.1249 5437407.5407   0.0294 0.6765107 1.064890 0
4595570.0995 5437403.7392  21.2520 0.0425671 1.180416 2
4595570.0768 5437403.5559  24.0343 0.0369016 0.988361 1
4595570.0679 5437403.8666  23.2217 0.0853482 1.053243 2
4595570.0206 5437404.0740  26.0945 0.0687221 1.181146 1
4595569.9928 5437405.0359  23.5428 0.0816131 1.292673 3
4595570.0022 5437404.2404  26.7889 0.1979365 1.088624 0
4595569.9466 5437405.6815  24.0886 0.1250919 1.122659 1
4595569.9375 5437405.9952  23.2683 0.1161747 1.180229 3
4595569.9228 5437406.0307  24.3069 0.1657672 1.200794 0
4595569.9576 5437404.3790  29.7809 0.0983731 1.378761 1
4595569.8981 5437406.4078  24.4527 0.0449563 1.023145 3
4595569.9305 5437404.8458  29.6567 0.1487775 1.097258 0
4595569.8801 5437406.1021  27.4800 0.3857995 1.066636 0
4595569.9104 5437404.6223  32.4459 0.1601169 0.988178 1
4595569.8841 5437405.5138  30.1011 0.0181128 0.948543 2
4595569.8512 5437406.6243  27.2440 0.0216215 0.871025 3
4595569.8910 5437404.8351  32.9742 0.1621589 1.219434 1
4595569.8707 5437405.0742  33.4361 0.3194728 1.060471 0
4595569.8527 5437405.2371  34.0935 0.2536709 1.084059 0
4595569.7980 5437406.6286  31.6205 0.0195881 0.956855 1
4595569.7901 5437406.8925  30.9486 0.0277719 0.955323 2
4595569.8071 5437405.8907  34.5717 0.1824464 1.125084 0
4595569.7659 5437406.8271  33.2779 0.2984004 1.068032 0
4595570.4031 5437404.0836   0.0496 0.0381496 1.003985 3
4595570.3758 5437404.5171   0.1234 0.0319899 1.091724 3
4595570.3485 5437404.9510   0.1280 0.0255116 0.857351 3
4595570.3199 5437405.4347  -0.0083 0.1089597 1.069671 3
4595570.2924 5437405.8756   0.0160 0.2985610 1.078599 3
4595570.2644 5437406.3326   0.0071 0.2804579 1.036651 3
4595570.2365 5437406.7877   0.0035 0.7582759 1.062386 0
4595570.2091 5437407.2239   0.0591 0.6957155 1.069459 0
4595570.1627 5437403.8691  21.3021 0.0269903 0.975383 1
4595570.0606 5437405.4582  21.6375 0.1012109 1.152646 1
4595570.0886 5437404.0724  26.4821 0.0881293 1.157467 1
4595570.0561 5437405.1568  23.5972 0.1264054 1.105116 3
4595570.0642 5437404.4399  26.6580 0.1714730 1.206811 0
4595570.0090 5437405.8221  24.0941 0.1729357 1.124716 1
4595570.0000 5437406.1210  23.3124 0.0558155 1.046494 3
4595569.9834 5437406.2257  24.1700 0.1236538 1.482580 0
4595570.0230 5437404.4833  29.8913 0.1803338 1.153687 1
4595569.9621 5437406.4836  24.6271 0.0317340 1.002333 3
4595569.9959 5437404.9399  29.7823 0.2257073 1.457993 1
4595569.9669 5437405.8888  27.2882 0.0287120 1.356407 3
4595569.9323 5437406.5891  26.5909 0.0360447 1.135411 1
4595569.9769 5437404.7074  32.5910 0.0710023 0.990363 1
4595569.9531 5437405.4823  30.5475 0.0438786 1.123113 2
4595569.9360 5437406.0399  29.1119 0.0284439 1.241609 2
4595569.9099 5437406.8894  26.9260 0.0277467 1.127046 3
4595569.9587 5437404.8758  33.2376 0.1727010 1.178276 0
4595569.9377 5437405.1397  33.6276 0.1371447 1.235638 1
4595569.9221 5437405.6434  32.3184 0.0539910 1.198704 3
4595569.9164 5437405.4107  34.0028 0.0286761 0.929423 1
4595569.8867 5437406.3698  31.5544 0.0357100 0.958376 2
4595569.8781 5437406.6469  30.8481 0.0436999 1.168738 2
4595569.8593 5437407.2532  29.3013 0.0325642 1.239857 3
4595569.8927 5437405.7607  34.1837 0.0560841 1.143794 1
4595569.8724 5437406.0024  34.6478 0.0276668 0.929661 1
4595569.8529 5437406.6277  33.0648 0.1546028 1.117278 3
4595570.4895 5437404.1850   0.0285 0.0292209 0.935339 3
4595570.4622 5437404.6174   0.0844 0.2363364 1.004827 3
4595570.4066 5437405.5099   0.0200 0.0763834 1.019407 3
4595570.3788 5437405.9573   0.0313 0.3805619 1.066326 3
4595570.3509 5437406.4062   0.0416 0.6297504 1.062175 0
4595570.3227 5437406.8636   0.0369 0.6216537 1.046996 0
4595570.2947 5437407.3167   0.0441 0.6058323 1.040452 0
4595570.2546 5437403.9468  21.3355 0.1259567 1.102529 2
4595570.1518 5437405.5444  21.6312 0.0279775 1.041662 1
4595570.1488 5437405.2098  23.6788 0.2285939 1.099370 0
4595570.1582 5437404.4808  26.7855 0.1878176 1.121094 0
4595570.1030 5437405.8279  24.3015 0.0392723 1.092117 1
4595570.0912 5437406.2069  23.3098 0.0760596 1.123071 2
4595570.0674 5437406.9706  21.3135 0.0288679 1.134752 2
4595570.0782 5437406.2006  24.4562 0.1879269 1.249203 0
4595570.1153 5437404.6007  29.8087 0.2114119 1.100623 1
4595570.0536 5437406.5667  24.6288 0.0383866 0.920330 3
4595570.0900 5437404.9948  29.8584 0.1240767 1.549035 1
4595570.0566 5437406.0573  27.0676 0.0348025 1.412982 3
4595570.0677 5437405.2917  30.1721 0.0569883 1.023941 1
4595570.0485 5437405.9005  28.5845 0.0335535 1.048350 2
4595570.0705 5437404.7993  32.5741 0.0400316 1.016799 1
4595570.0450 5437405.6040  30.4514 0.0586321 1.212449 2
4595570.0017 5437406.9719  26.9311 0.1146595 1.171897 3
4595570.0527 5437404.9604  33.2342 0.1985742 1.048334 0
4595570.0306 5437405.2540  33.5471 0.0549389 1.031035 1
4595570.0163 5437405.7040  32.3791 0.0786917 1.117392 2
4595569.9752 5437406.9936  29.0812 0.0228596 1.006845 3
4595570.0108 5437405.4795  34.0353 0.0523722 1.198724 1
4595569.9792 5437406.4686  31.5123 0.0733684 1.139398 3
4595569.9838 5437405.9288  33.9704 0.0611449 1.140622 1
4595569.9465 5437406.6999  33.0914 0.1323367 1.107759 0
4595570.8015 5437404.1136   0.0443 0.2663198 1.041823 3
4595570.6605 5437406.3431   0.0532 0.5820353 1.081285 3
4595570.6319 5437406.8017   0.0387 0.4399498 1.055288 0
4595570.6028 5437407.2766  -0.0095 0.5622005 1.072003 3
4595570.5742 5437407.7320   0.0068 0.1636169 1.079818 3
4595570.5790 5437403.5496  21.1104 0.0569993 1.567019 3
4595570.5570 5437403.3405  23.9755 0.0984755 1.135638 1
4595570.5464 5437403.6928  23.0490 0.0401395 1.261056 2
4595570.5320 5437403.7053  24.1640 0.0493082 0.986250 1
4595570.5190 5437404.1359  23.0421 0.1091356 1.053610 2
4595570.5047 5437404.1461  24.1621 0.0748380 1.272167 1
4595570.4660 5437405.4258  20.6762 0.0303638 1.200464 2
4595570.4847 5437404.3474  24.7789 0.0581292 1.184605 1
4595570.4556 5437404.8444  24.5684 0.1242874 1.115716 1
4595570.4460 5437405.1608  23.6972 0.0819726 1.353656 3
4595570.3999 5437405.3145  26.6624 0.1373621 1.114763 1
4595570.3757 5437405.6537  26.8753 0.0693495 1.073298 1
4595570.3808 5437405.0510  29.6026 0.1451877 1.126587 0
4595570.3809 5437404.6111  31.8906 0.1449670 1.035265 1
4595570.3261 5437406.3769  27.2222 0.0349808 0.991024 3
4595570.3535 5437405.0642  31.7644 0.1552862 1.570870 1
4595570.3200 5437406.1387  28.9445 0.0309515 1.397612 3
4595570.3381 5437405.1264  32.6902 0.0499467 1.240644 1
4595570.3136 5437405.4867  32.8165 0.1785539 1.524448 1
4595570.2687 5437406.9171  29.1475 0.0438024 1.118584 3
4595570.2992 5437405.5221  33.8077 0.1547328 0.994209 1
4595570.2665 5437406.5627  31.1452 0.0822134 1.158089 3
4595570.2745 5437405.8857  33.9575 0.0699856 1.075954 0
4595570.2361 5437406.6841  33.0042 0.0972917 1.087551 1
4595570.2171 5437406.4591  35.7163 0.1524867 1.090945 1
4595570.2165 5437406.0694  37.7603 0.0956667 1.150902 1
4595570.1999 5437406.5883  36.4545 0.0391782 1.260006 3
4595570.1793 5437406.8300  36.9077 0.2214234 1.053158 0
4595570.1570 5437407.1222  37.2333 0.0406983 1.058173 1
4595570.7693 5437406.0165   0.0035 0.6040491 1.072291 3
4595570.7427 5437406.3998   0.1818 0.1190030 1.022382 3
4595570.7117 5437406.9295  -0.0264 0.5164246 1.037758 0
4595570.6828 5437407.3907  -0.0381 0.5809112 1.066144 3
4595570.6541 5437407.8425   0.0029 0.8147133 1.035282 0
4595570.6628 5437403.7282  20.9147 0.0239436 0.987401 2
4595570.6599 5437403.3743  23.0106 0.0320248 1.245425 3
4595570.6445 5437403.4231  24.0327 0.2085044 1.166821 1
4595570.6116 5437404.4824  21.2446 0.0326704 1.320418 2
4595570.6173 5437403.8521  24.0504 0.0300400 1.112398 3
4595570.5884 5437404.3351  23.9329 0.0434938 1.446615 1
4595570.5539 5437405.4393  20.9156 0.1043254 1.065477 2
4595570.5707 5437404.4646  24.7379 0.2277718 1.113504 0
4595570.5302 5437405.3168  23.5416 0.1725793 1.027585 1
4595570.5130 5437405.4297  24.3662 0.0400433 0.941299 1
4595570.4965 5437405.9517  22.9813 0.0742025 1.066377 2
4595570.5127 5437405.0065  26.6536 0.2789296 1.067056 0
4595570.4867 5437405.4012  26.6961 0.1195571 1.071553 1
4595570.4742 5437405.7944  25.6548 0.0584109 1.052506 2
4595570.4605 5437406.2257  24.5250 0.0992404 1.336118 3
4595570.4130 5437407.2925  22.8776 0.1756242 1.014535 1
4595570.4694 5437405.1032  29.7297 0.1574897 1.102622 1
4595570.4381 5437406.0831  27.1360 0.0367951 1.157898 3
4595570.4619 5437404.9246  31.3165 0.1665942 1.532253 0
4595570.4457 5437405.0173  32.1606 0.4706896 1.051351 0
4595570.4274 5437405.1775  32.8196 0.1554670 1.233607 0
4595570.4080 5437405.3714  33.3860 0.1250262 1.039094 0
4595570.4259 5437404.4202  36.9886 0.1678313 1.253335 0
4595570.3656 5437405.8791  34.2328 0.1303265 1.012613 1
4595570.3404 5437406.6514  32.2639 0.1499014 1.079045 3
4595570.3268 5437406.2758  35.3689 0.1330920 1.089439 0
4595570.3278 5437405.8545  37.4997 0.0999891 1.136222 1
4595570.3087 5437406.4362  36.0291 0.0499876 1.470085 3
4595570.3065 5437406.1147  37.9003 0.1290005 1.111496 1
4595570.2904 5437406.6029  36.6716 0.0461023 1.476200 3
4595570.2676 5437406.9093  36.9608 0.0407605 1.169504 1
4595570.9035 5437403.9662   0.0099 0.1306373 1.096987 3
4595570.8463 5437404.8488   0.0574 0.1106052 1.020611 3
4595570.7608 5437406.1612   0.1235 0.1702956 1.081260 3
4595570.7302 5437406.6679  -0.0382 0.2446538 1.067566 3
4595570.7009 5437407.1304  -0.0516 0.3699757 1.044660 3
4595570.6720 5437407.5793  -0.0245 0.2656076 1.042705 3
4595570.6911 5437403.4303  21.0397 0.0447835 1.179637 3
4595570.6655 5437403.3834  23.4793 0.0324178 1.281142 2
4595570.6375 5437404.2412  21.2125 0.0732706 1.046600 3
4595570.6459 5437403.5701  24.1321 0.0929937 1.058661 2
4595570.6173 5437404.0340  24.0616 0.0382728 1.067136 1
4595570.5970 5437404.2459  24.6492 0.1634250 1.306139 0
4595570.5712 5437404.6244  24.7896 0.1488521 1.336291 1
4595570.5552 5437405.1087  23.4608 0.0388074 2.118021 3
4595570.5186 5437405.8133  22.6947 0.0507917 1.285218 1
4595570.5001 5437406.3706  21.2219 0.0871408 1.038666 2
4595570.5386 5437404.8088  26.5478 0.2162392 1.087109 0
4595570.5108 5437405.2463  26.4785 0.2303726 1.231971 0
4595570.4903 5437405.4686  26.9897 0.1050597 1.142601 1
4595570.4616 5437406.3312  24.7286 0.0410375 1.312830 2
4595570.4943 5437404.9581  29.4953 0.1166599 1.116257 0
4595570.4703 5437405.2874  29.7050 0.0347988 1.144860 1
4595570.4291 5437406.5173  26.4844 0.2025476 1.332036 3
4595570.4708 5437404.8893  31.8818 0.1129821 1.095410 1
4595570.4505 5437405.4920  30.2542 0.0726826 1.536883 3
4595570.4512 5437405.0908  32.4329 0.0713954 1.311294 1
4595570.4004 5437406.5969  28.5002 0.0774673 1.178760 3
4595570.4312 5437405.3050  32.9462 0.2714521 1.146366 0
4595570.4534 5437404.2755  36.7456 0.0195779 0.924355 1
4595570.4323 5437404.5281  37.1771 0.0604390 1.211681 1
4595570.3739 5437406.2452  32.6809 0.0428586 0.988854 2
4595570.3587 5437406.6912  31.5433 0.0574374 1.435888 3
4595570.3312 5437406.3892  35.5405 0.1573246 1.098969 0
4595570.3324 5437405.9893  37.6167 0.1782816 1.066397 0
4595570.2940 5437406.7447  36.7738 0.1071815 1.060409 1
4595571.2285 5437403.2875   0.0588 0.0325856 1.119547 3
4595571.1420 5437404.6320   0.0299 0.0480437 0.988812 3
4595571.1140 5437405.0469   0.1483 0.1079640 1.018238 3
4595570.9962 5437406.9100  -0.0691 0.0515501 1.070318 3
4595570.9667 5437407.3756  -0.0927 0.4226314 1.035310 3
4595570.9378 5437407.8229  -0.0193 0.3675049 1.052992 3
4595570.9377 5437403.3057  24.3019 0.0479586 1.340471 3
4595570.9039 5437403.9286  23.7834 0.0598140 1.034182 1
4595570.8890 5437404.3912  22.5461 0.0612369 1.029229 2
4595570.8732 5437404.8788  21.2347 0.0191057 0.964650 3
4595570.8874 5437404.0172  24.6909 0.0377900 1.084678 3
4595570.8877 5437403.5919  26.9590 0.1564705 1.084526 1
4595570.8621 5437404.3771  24.8749 0.0258073 1.039068 2
4595570.8370 5437404.7310  25.0663 0.0952087 1.119931 1
4595570.7974 5437405.9447  21.8040 0.1397139 1.086414 2
4595570.7968 5437405.1352  26.2471 0.0531427 1.042369 1
4595570.7703 5437405.5328  26.3054 0.0228234 1.831201 1
4595570.7466 5437406.2545  24.3850 0.1714715 1.231988 3
4595570.7568 5437405.5388  27.4099 0.3210202 1.108669 0
4595570.7565 5437405.1465  29.5657 0.1850855 1.120558 1
4595570.7261 5437406.0623  27.1392 0.0395518 1.696699 3
4595570.7736 5437404.2338  33.0676 0.0533402 0.971387 1
4595570.7314 5437405.5059  29.7151 0.1173096 1.099858 3
4595570.7277 5437405.2215  31.5674 0.1287523 1.114715 1
4595570.7137 5437405.6409  30.4592 0.0602158 1.414142 3
4595570.7076 5437405.4342  32.0975 0.0701504 1.326127 1
4595570.6895 5437405.5838  32.7950 0.1463017 1.291020 1
4595570.7075 5437404.6643  36.2938 0.1101275 1.231546 1
4595570.6722 5437405.7141  33.5384 0.0289242 1.091999 2
4595570.6463 5437406.4863  31.5393 0.0455797 1.119966 3
4595570.6504 5437405.9799  33.9327 0.2181781 1.212594 0
4595570.6767 5437404.8226  38.0206 0.1823388 1.083251 0
4595570.6146 5437406.2808  35.3085 0.1984688 1.202376 0
4595570.6119 5437405.9855  37.1284 0.1454211 1.137680 0
4595571.3762 5437404.6669  -0.0195 0.1614518 1.041555 3
4595571.2943 5437405.8265   0.5508 0.0741620 1.021894 3
4595571.2774 5437405.8723   1.6787 0.1010294 1.057545 3
4595571.2446 5437405.9447   3.9722 0.2098466 1.134024 3
4595571.2295 5437405.9450   5.2102 0.5583859 1.084733 0
4595571.2136 5437405.9693   6.3770 0.4816601 1.159148 0
4595571.1992 5437405.9491   7.6614 0.4180686 1.160903 0
4595571.1842 5437405.9522   8.8708 0.4727966 1.152945 0
4595571.1686 5437405.9772  10.0130 0.3970871 1.202498 0
4595571.1531 5437406.0007  11.1554 0.3708377 1.362686 1
4595571.1383 5437406.0051  12.3430 0.2100012 1.135496 1
4595571.1244 5437405.9849  13.5926 0.0398910 1.132831 1
4595571.1052 5437406.1325  14.3673 0.2140288 1.093093 1
4595571.0821 5437406.8541  12.3966 0.0698309 1.052189 2
4595571.1529 5437404.1972  20.7954 0.1764919 1.149716 0
4595571.1447 5437403.5784  24.7911 0.0855053 0.953785 1
4595571.1368 5437403.8223  24.1268 0.0378133 1.457066 2
4595571.1165 5437404.4514  22.4169 0.1070364 1.083943 3
4595571.1134 5437404.1148  24.4767 0.0356011 1.083647 2
4595571.0732 5437405.3551  21.1748 0.0297821 1.180835 3
4595571.1162 5437403.6017  27.0012 0.1507036 1.027705 1
4595571.0935 5437404.2981  25.1219 0.1392906 1.246746 3
4595571.0990 5437403.7060  27.8477 0.0721681 1.009089 1
4595571.0653 5437404.7399  25.0851 0.0584560 1.734243 2
4595571.0576 5437404.9741  24.4688 0.0322518 1.121652 2
4595571.0816 5437403.8190  28.6670 0.0648925 1.067914 1
4595571.0354 5437405.2321  24.9236 0.1889565 1.043364 2
4595571.0259 5437405.5219  24.1589 0.0309780 1.081948 2
4595570.9900 5437406.1940  23.4703 0.0288120 0.993201 1
4595570.9768 5437406.5965  22.3923 0.0759968 1.047476 2
4595570.9685 5437406.8495  21.7325 0.0396527 1.071130 2
4595571.0758 5437403.1708  32.5996 0.1378299 1.067131 0
4595570.9871 5437405.4471  27.7278 0.2660154 1.142385 1
4595570.9809 5437405.2255  29.4163 0.1150617 1.099261 1
4595570.9308 5437406.7380  25.4107 0.0485525 1.185971 3
4595570.9987 5437404.2847  32.9702 0.0349871 1.139892 1
4595570.9578 5437405.5163  29.7611 0.2486131 1.458395 3
4595570.9400 5437405.6455  30.5196 0.1701639 1.219009 0
4595570.9390 5437405.2740  32.5870 0.0384980 1.089199 1
4595570.9272 5437405.6293  31.6578 0.1058654 1.198376 3
4595570.9207 5437405.4246  33.2813 0.1737656 1.056806 0
4595570.9261 5437404.8733  35.7872 0.1160532 1.372641 1
4595570.9040 5437405.5294  34.0904 0.0275572 1.047991 2
4595570.8794 5437406.2598  32.1732 0.0219809 1.017782 3
4595570.9198 5437404.6713  37.3807 0.1484830 1.372332 1
4595570.9058 5437405.0858  36.3135 0.0489001 1.424411 3
4595570.8929 5437405.0821  37.3930 0.2507720 1.104928 0
4595570.8581 5437405.7236  36.8002 0.0374453 1.218438 1
4595570.8499 5437405.9675  36.1671 0.0711611 1.392926 2
4595570.8077 5437407.2108  32.9957 0.0586510 1.252440 3
4595570.8498 5437405.5878  38.2117 0.1480403 1.781721 0
4595570.7646 5437407.7104  33.9076 0.1449015 1.426026 1
4595570.7406 5437408.0305  34.2065 0.2047213 1.138129 0
4595571.4303 5437404.7451  -0.0425 0.0600936 1.046545 3
4595571.3501 5437405.8173   0.7743 0.1451525 1.151474 3
4595571.3326 5437405.8867   1.8318 0.1213302 1.064911 3
4595571.3184 5437405.8537   3.1841 0.0636112 1.129096 3
4595571.3025 5437405.8784   4.3572 0.1152100 1.153397 3
4595571.2871 5437405.8896   5.5660 0.4950796 1.132758 0
4595571.2723 5437405.8859   6.8073 0.5159675 1.142898 0
4595571.2585 5437405.8545   8.1247 0.4336291 1.161015 0
4595571.2428 5437405.8830   9.2615 0.6017808 1.093002 0
4595571.2286 5437405.8699  10.5079 0.5229326 1.161210 0
4595571.2130 5437405.8986  11.6334 0.4647752 1.128489 0
4595571.1978 5437405.9205  12.7695 0.4011693 1.314364 0
4595571.1825 5437405.9441  13.8948 0.4509685 1.250769 0
4595571.1686 5437405.9335  15.1092 0.3042340 1.228032 1
4595571.1358 5437406.9180  12.4086 0.0338830 1.093043 2
4595571.2119 5437404.2060  20.9489 0.1153224 1.179976 3
4595571.2160 5437403.6631  23.5960 0.0345810 1.085891 3
4595571.2018 5437403.6719  24.7200 0.1476801 1.075247 1
4595571.1731 5437404.5296  22.3821 0.0293127 1.117314 2
4595571.1235 5437406.0066  18.4228 0.0450890 1.221488 2
4595571.1971 5437403.4016  26.5886 0.0511272 1.455780 2
4595571.1735 5437404.1049  24.6818 0.0537957 1.002148 3
4595571.1510 5437404.3620  25.1221 0.1012277 1.167262 1
4595571.1321 5437404.9224  23.6423 0.0547459 1.151717 2
4595571.1611 5437403.6596  28.1535 0.1229533 1.001264 0
4595571.1406 5437403.8617  28.7307 0.0459558 1.086519 1
4595571.0919 5437405.2976  24.9338 0.1156578 0.990755 2
4595571.0816 5437405.6011  24.1276 0.0356413 1.316253 2
4595571.0532 5437406.0319  24.0870 0.3194786 1.123020 1
4595571.0230 5437406.9201  21.7233 0.0527594 1.038201 3
4595571.1376 5437403.1610  32.8063 0.2181400 1.058946 0
4595571.1012 5437403.8362  32.1295 0.0420724 1.204495 1
4595571.0469 5437405.4217  27.9745 0.0578971 0.932832 3
4595571.0829 5437403.9807  32.8475 0.1511829 1.107427 0
4595571.0475 5437404.6269  32.2465 0.1206697 1.208879 1
4595571.0188 5437405.4585  30.0939 0.0250708 1.014084 3
4595570.9979 5437405.6786  30.6093 0.1855212 1.046985 0
4595570.9971 5437405.3188  32.6482 0.1387526 1.171455 0
4595570.9778 5437405.4961  33.2767 0.2111181 1.081012 0
4595570.9851 5437404.9086  35.8691 0.1744380 1.109397 0
4595570.9800 5437404.6834  37.5179 0.1522097 1.204710 0
4595570.9484 5437405.2185  37.2137 0.1640954 1.100709 1
4595570.9363 5437405.5652  36.3215 0.0754607 0.938765 3
4595570.9173 5437405.7389  36.9354 0.1957617 1.511120 0
4595570.9033 5437405.7728  37.9064 0.1640910 1.348019 0
4595570.8220 5437407.7114  34.0776 0.1912732 1.085941 0
4595570.7964 5437408.0687  34.2894 0.2167380 1.118532 0
4595571.6845 5437403.5494  -0.0135 0.0579963 1.067067 3
4595571.5661 5437405.3176   0.0534 0.0327454 0.961403 3
4595571.5139 5437405.9831   0.6636 0.4857745 1.127483 3
4595571.4975 5437406.0180   1.8222 0.0449323 1.171547 3
4595571.4679 5437405.9964   4.3856 0.4510838 1.123539 0
4595571.4532 5437405.9870   5.6519 0.4012176 1.137789 0
4595571.4391 5437405.9633   6.9504 0.5227041 1.167158 0
4595571.4251 5437405.9357   8.2567 0.4413430 1.163310 0
4595571.4107 5437405.9252   9.5041 0.4811432 1.178678 0
4595571.3961 5437405.9244  10.7164 0.5705931 1.083061 0
4595571.3825 5437405.8932  12.0090 0.5830137 1.130618 0
4595571.3683 5437405.8875  13.2195 0.4488692 1.114821 0
4595571.3543 5437405.8746  14.4477 0.4748611 1.090876 0
4595571.3415 5437405.8277  15.7625 0.4340882 1.296533 0
4595571.3256 5437405.8770  16.7996 0.0267243 0.953171 3
4595571.4042 5437403.1381  25.3616 0.1530423 1.026247 1
4595571.3109 5437405.8940  17.9197 0.1042999 1.109249 3
4595571.3657 5437403.8642  24.5341 0.0447906 1.231194 2
4595571.2972 5437405.8825  19.1168 0.0414490 1.153040 3
4595571.3075 5437404.7623  24.3900 0.0311286 1.186068 3
4595571.3401 5437403.4082  29.1729 0.0199995 0.780540 1
4595571.3315 5437403.6604  28.4930 0.0966010 1.167175 2
4595571.2774 5437405.2381  24.3006 0.0311974 1.064604 3
4595571.3077 5437403.9580  28.8029 0.0786336 1.067559 3
4595571.2778 5437404.4348  28.6285 0.1828646 1.929703 0
4595571.3061 5437403.2253  32.9815 0.1583956 1.241402 0
4595571.2775 5437403.6659  32.9173 0.1457996 1.236303 0
4595571.2473 5437404.1543  32.7076 0.2750003 1.104817 0
4595571.2164 5437404.6602  32.4758 0.2778041 1.075011 0
4595571.1636 5437405.7928  30.6425 0.1927167 1.163947 0
4595571.1426 5437406.0146  31.1451 0.0440771 1.163998 3
4595571.1324 5437405.5575  34.5356 0.0377753 1.007441 1
4595571.1204 5437405.8969  33.6335 0.2777724 1.033518 3
4595571.1377 5437405.0368  36.9336 0.1801361 1.158343 0
4595571.1136 5437405.3537  37.1989 0.2063053 1.543997 0
4595571.0904 5437405.6442  37.5148 0.2285834 1.356441 0
4595571.0753 5437405.7082  38.4056 0.1458846 1.388343 0
4595570.9863 5437407.8436  34.0866 0.1282622 1.063686 1
4595571.9471 5437403.2024   0.0137 0.1599633 1.032941 3
4595571.9175 5437403.6370   0.0485 0.0454571 1.120858 3
4595571.8869 5437404.1019  -0.0276 0.0336192 0.900369 3
4595571.7070 5437406.7811  -0.0391 0.1804303 1.035772 3
4595571.6449 5437407.7335  -0.0984 0.1653267 1.049927 3
4595571.6141 5437408.2036  -0.0266 0.6365658 1.075227 0
4595571.5835 5437408.6660   0.0345 0.8947372 1.043739 0
4595571.6567 5437405.9753   8.4447 0.0767237 1.172110 1
4595571.6741 5437404.5495  14.7424 0.0853615 1.088991 1
4595571.6126 5437405.5158  14.5695 0.0369561 1.064279 1
4595571.5930 5437406.1017  12.9023 0.2090853 1.056506 2
4595571.5807 5437406.0318  14.2892 0.1012235 1.239234 1
4595571.5686 5437405.9593  15.6761 0.1618801 1.506978 1
4595571.6306 5437403.2691  25.2981 0.2023346 1.546040 0
4595571.5755 5437404.4792  23.1006 0.0230659 0.923167 3
4595571.5916 5437403.1827  28.9244 0.0864922 1.080876 1
4595571.5751 5437403.6674  27.6230 0.0642125 1.280589 3
4595571.5633 5437403.6072  28.9124 0.0945277 0.994747 1
4595571.5176 5437404.9422  25.3230 0.2331969 1.020214 3
4595571.5316 5437403.3348  32.9685 0.0782117 1.148777 1
4595571.4763 5437404.9357  28.7062 0.0488811 1.099592 3
4595571.4475 5437405.3741  28.7171 0.2467741 1.026853 1
4595571.4308 5437405.8557  27.4217 0.1114093 1.497629 3
4595571.4293 5437405.5033  29.4995 0.0851185 1.078624 1
4595571.4174 5437405.8473  28.5564 0.0796889 1.137711 3
4595571.4231 5437405.2930  31.1288 0.0476760 1.488991 1
4595571.4055 5437405.7964  29.8010 0.1686454 1.146045 3
4595571.3934 5437405.7553  31.0117 0.3311827 1.224950 3
4595571.4057 5437405.0202  33.9919 0.1337579 1.043114 1
4595571.3789 5437405.7864  32.0200 0.2273513 1.031542 3
4595571.4044 5437404.6767  35.9260 0.1744437 1.733709 0
4595571.3613 5437405.5245  34.8937 0.2198352 1.051968 1
4595571.3498 5437405.8538  34.0075 0.0942114 1.125661 3
4595571.3473 5437405.5467  35.9073 0.1739307 1.199291 1
4595571.3341 5437405.9215  34.9023 0.1401086 1.203865 2
4595571.3241 5437406.2036  34.1469 0.0068362 0.654941 2
4595571.3181 5437406.3752  33.6876 0.0245496 1.186630 3
4595571.3283 5437405.7116  36.5339 0.2002960 1.475839 0
4595571.3164 5437405.6780  37.6874 0.1820890 1.646053 0
4595571.2775 5437406.4045  36.8204 0.1406600 1.512572 0
4595571.2492 5437406.8328  36.7957 0.1556297 1.144983 0
4595572.0987 5437402.9777   0.0264 0.3338961 1.074927 3
4595572.0681 5437403.4339   0.0076 0.0563230 1.039816 3
4595572.0369 5437403.9073  -0.0813 0.0288386 0.928617 3
4595571.7615 5437407.9870  -0.0921 0.6121520 1.044605 0
4595571.7304 5437408.4541  -0.0209 0.5869732 1.068704 0
4595571.8221 5437404.3711  14.6646 0.0664446 1.045865 1
4595571.7930 5437404.7934  14.7075 0.1224861 1.032157 1
4595571.7615 5437405.2880  14.5809 0.0843291 0.991538 1
4595571.8041 5437403.6076  20.3433 0.1426781 1.024131 1
4595571.7189 5437405.6789  15.8840 0.0787710 1.034029 1
4595571.7793 5437403.4924  22.9841 0.0292452 1.153042 2
4595571.7784 5437403.1061  25.1677 0.1544146 1.150131 3
4595571.7651 5437403.0819  26.3723 0.0727693 1.062952 3
4595571.7216 5437403.5283  27.4479 0.1020185 1.075586 1
4595571.7116 5437403.8143  26.6614 0.0456037 1.013242 2
4595571.6968 5437404.2411  25.4861 0.0312882 1.096932 3
4595571.6640 5437404.7798  25.1840 0.1850108 1.378007 1
4595571.6800 5437403.1390  32.9333 0.0370985 1.106123 1
4595571.6615 5437403.6650  31.5394 0.0872803 1.138864 3
4595571.5721 5437405.8128  26.9813 0.1632295 1.088712 1
4595571.5942 5437404.7969  30.7209 0.1519388 1.080469 1
4595571.5591 5437405.7897  28.1580 0.0372168 1.333642 3
4595571.5676 5437405.1627  30.9025 0.1655103 1.016312 1
4595571.5561 5437405.4892  30.0859 0.0478023 2.051943 3
4595571.5395 5437405.5722  30.9608 0.3238018 1.202076 0
4595571.5473 5437404.9738  33.5573 0.1450365 1.250134 0
4595571.5482 5437404.5725  35.6335 0.1702693 1.330512 0
4595571.5230 5437404.9064  35.8826 0.1802162 1.166281 0
4595571.4874 5437405.5256  35.4277 0.0947485 1.043379 1
4595571.4784 5437405.7760  34.7496 0.1962973 1.215514 3
4595571.4545 5437405.7063  37.0759 0.2158549 1.575820 0
4595571.3719 5437406.8980  37.1399 0.1037071 1.031142 0
4595572.2220 5437402.8193   0.0138 0.1268400 1.083542 3
4595572.1919 5437403.2491   0.0703 0.2167471 1.105241 3
4595571.9770 5437406.3878   0.0167 0.0343811 1.176969 3
4595571.8817 5437407.8183  -0.1053 0.2537379 1.049083 3
4595571.8507 5437408.2734  -0.0114 0.4010980 1.078646 3
4595571.8196 5437408.7309   0.0370 0.5037359 1.084768 0
4595571.9166 5437404.6116  14.7811 0.1005767 1.086114 1
4595571.8422 5437405.9064  13.6402 0.0846060 1.110269 1
4595571.8937 5437404.0160  19.9637 0.1099802 0.997019 1
4595571.8393 5437405.5698  15.7678 0.1490908 1.403035 2
4595571.9048 5437402.8886  25.3457 0.1753057 1.430487 0
4595571.8451 5437404.1791  22.9832 0.0538410 1.174546 3
4595571.8501 5437403.6410  25.6062 0.0346988 1.060581 3
4595571.8352 5437403.6660  26.6727 0.0714446 1.253422 3
4595571.8277 5437403.4845  28.2959 0.0499368 1.569147 1
