    X-Koord.     Y-Koord. Z-Koord.      Int.   Pulsb. W
4595569.4325 5437424.3198   0.1180 0.2500121 1.072836 3
4595569.4584 5437423.8032   0.0212 0.2586705 1.051397 3
4595569.4890 5437423.3277   0.0649 0.1686575 1.124978 3
4595569.5214 5437422.8665   0.1682 0.1262525 1.030694 3
4595569.5800 5437421.8897   0.2248 0.0406020 0.937950 3
4595568.5397 5437425.2822   0.0246 0.0958172 1.063120 3
4595568.5673 5437424.7825  -0.0017 0.4518302 1.044386 0
4595568.5984 5437424.3092   0.0506 0.2556336 1.074248 3
4595568.6273 5437423.8185   0.0287 0.1947560 1.029508 3
4595568.7439 5437421.8613   0.0963 0.1740861 1.050025 3
4595570.1001 5437423.6403  26.3307 0.1266508 1.843017 1
4595567.8990 5437425.3430  -0.0631 0.0994455 1.142111 3
4595567.9296 5437424.8660  -0.0135 0.1331187 1.054049 3
4595567.9604 5437424.3881   0.0363 0.0497420 0.932182 3
4595568.0160 5437423.3861  -0.0374 0.0971128 1.153096 3
4595568.0483 5437422.9204   0.0652 0.0680718 1.075833 3
4595568.0733 5437422.3943  -0.0214 0.0789916 1.132940 3
4595568.1049 5437421.9229   0.0771 0.0946918 1.104268 3
4595568.1291 5437421.3891  -0.0220 0.0757760 1.039258 3
4595568.1580 5437420.8963  -0.0192 0.0424448 0.952540 3
4595569.4141 5437424.5761  26.1493 0.0698923 1.101209 2
4595569.4551 5437424.2300  26.5070 0.0403960 1.012573 1
4595569.4614 5437423.5730  25.9082 0.0411771 1.099468 2
4595569.5850 5437423.9766  28.5458 0.0354640 0.884649 1
4595569.5559 5437423.7119  27.7416 0.1070258 1.783337 2
4595569.6302 5437423.6745  29.0275 0.0716325 1.024276 1
4595569.5513 5437422.9537  26.8624 0.0340783 0.956917 2
4595567.1656 5437425.6731  -0.0198 0.0356730 0.897183 3
4595567.1934 5437425.1729  -0.0222 0.1649856 1.036650 3
4595567.2234 5437424.6896   0.0213 0.1340201 0.996532 3
4595567.2813 5437424.4310   0.7803 0.1070472 1.034843 3
4595567.4365 5437424.2418   3.3230 0.0860204 1.010932 3
4595567.5089 5437424.1104   4.4642 0.1297723 1.073620 3
4595567.4453 5437420.6633  -0.0422 0.0431820 1.073328 3
4595567.4775 5437420.1952   0.0638 0.0713668 1.091341 3
4595568.4161 5437425.2767  21.7313 0.0279156 0.997904 2
4595568.6677 5437424.6251  25.4999 0.0957395 1.160475 1
4595568.7953 5437423.6206  26.6621 0.0469983 1.274144 1
4595568.9028 5437423.8707  28.8270 0.0393453 1.036532 1
4595568.9916 5437423.2473  29.7296 0.0407535 1.009589 1
4595566.2848 5437425.5169   0.0606 0.0525664 1.113808 3
4595566.3149 5437425.0354   0.1342 0.0335347 0.878249 3
4595566.3640 5437423.9841  -0.0032 0.0520254 1.034269 3
4595566.3924 5437423.4874   0.0164 0.1001319 0.954103 3
4595566.4213 5437422.9949   0.0522 0.1244343 1.028856 3
4595566.4750 5437421.9762   0.0125 0.0416252 0.965415 3
4595566.5575 5437420.4587   0.0110 0.0473591 1.106988 3
4595567.5970 5437424.7716  22.1467 0.0356460 1.057199 2
4595567.5246 5437424.1625  20.2709 0.0721401 1.193778 3
4595567.6001 5437424.0930  21.5124 0.2612572 1.185743 1
4595567.6991 5437424.2277  23.3718 0.1045277 1.165343 1
4595567.8642 5437424.9340  26.9654 0.1138206 1.534603 1
4595567.8069 5437424.4435  25.4697 0.0563341 1.147483 3
4595567.9936 5437425.3441  29.6326 0.0643392 1.052862 1
4595567.8761 5437424.3348  26.5634 0.0748805 1.934123 2
4595568.0043 5437424.7385  29.2079 0.0784339 1.201120 1
4595567.9985 5437423.9871  28.3318 0.0255628 0.834618 1
4595567.9702 5437423.7415  27.5848 0.0586312 1.405860 2
4595568.1324 5437423.7506  30.4113 0.0498871 1.067672 1
4595568.0905 5437423.3833  29.3064 0.0575467 1.573438 2
4595568.0952 5437422.7194  28.7321 0.0583207 1.431538 1
4595568.2243 5437423.1550  31.3991 0.0888620 1.776877 1
4595568.1917 5437422.8665  30.5475 0.0133010 0.824309 2
4595568.1176 5437422.2093  28.6253 0.0765311 1.090448 2
4595568.0699 5437421.7864  27.3990 0.0400880 1.312174 3
4595568.1476 5437421.7663  28.7239 0.0703627 1.186849 1
4595565.4073 5437426.2851   0.0701 0.2361610 1.077538 3
4595565.4341 5437425.7777   0.0728 0.0955160 1.028211 3
4595565.5124 5437424.2353  -0.0068 0.0522617 1.094225 3
4595565.5400 5437423.7322  -0.0068 0.2568260 1.058841 3
4595565.5702 5437423.2488   0.0461 0.1978852 1.062710 3
4595565.6805 5437421.2281  -0.0248 0.1574552 1.062254 3
4595565.7379 5437420.2309   0.0205 0.1734148 1.030644 3
4595566.7698 5437425.7268  22.8055 0.0316820 1.049609 2
4595566.7023 5437423.7734  19.8118 0.2823226 1.179338 0
4595566.7678 5437423.6101  20.7690 0.0622148 1.418974 1
4595567.0377 5437425.1553  26.8551 0.0949294 1.460470 1
4595567.1480 5437425.3825  28.9626 0.0486530 1.110523 1
4595567.2414 5437425.4739  30.6508 0.0488915 1.068602 1
4595567.3100 5437424.6677  31.0313 0.0741132 2.066184 1
4595567.1939 5437423.6799  28.0806 0.0302973 1.118218 2
4595567.1386 5437423.2100  26.6954 0.0762345 1.568928 2
4595567.0727 5437422.6494  25.0540 0.0542140 1.070247 3
4595567.3493 5437424.3096  31.3483 0.0995389 1.192634 1
4595567.1192 5437422.3421  25.5552 0.0407333 1.261014 3
4595567.4076 5437424.1123  32.1455 0.0600967 1.051388 1
4595567.2985 5437423.1746  29.3795 0.0227375 0.754687 3
4595567.3815 5437423.1894  30.8033 0.0847092 1.221142 1
4595567.2019 5437421.6379  26.2899 0.1017337 1.346797 3
4595567.4237 5437422.8554  31.2092 0.0711113 1.460043 1
4595567.2490 5437421.3392  26.8083 0.0906240 1.333104 3
4595567.2884 5437420.9713  27.1292 0.1178012 1.075289 1
4595567.3148 5437420.4927  27.1262 0.0993239 2.100968 1
4595567.2864 5437420.2432  26.4070 0.0221824 0.898420 2
4595567.3762 5437420.3214  28.0051 0.0629937 1.217107 1
4595564.6320 5437426.4184   0.0569 0.0760082 1.023689 3
4595564.6604 5437425.9230   0.0806 0.5046918 1.053757 3
4595564.7356 5437424.3538  -0.1027 0.1533078 1.079895 3
4595564.8005 5437423.4176   0.0928 0.0558641 1.221995 3
4595564.8844 5437421.9094   0.0568 0.2578250 1.079911 3
4595564.9152 5437421.4264   0.1161 0.0351474 0.877937 3
4595564.9653 5437420.3715  -0.0271 0.4639874 1.047836 3
4595566.0534 5437425.4741  23.0860 0.0403304 1.171607 2
4595566.2196 5437426.1250  26.4623 0.0359675 1.027707 1
4595566.2222 5437425.4537  25.9034 0.0265933 1.069191 1
4595566.2046 5437425.3108  25.4778 0.0198185 0.717138 2
4595566.1869 5437425.1669  25.0493 0.0354152 0.853679 2
4595566.3305 5437425.6457  27.8969 0.1451465 1.074507 1
4595566.2322 5437424.1463  24.8738 0.0821134 1.001422 1
4595566.1315 5437423.3184  22.4103 0.0356015 1.288775 2
4595566.2544 5437423.6304  24.7659 0.1429050 1.132229 1
4595566.2292 5437422.7223  23.4945 0.0670854 1.067717 1
4595566.1363 5437421.9510  21.2002 0.0620586 1.653068 2
4595566.4904 5437424.1950  29.2545 0.0340355 0.901796 1
4595566.4472 5437423.8347  28.1935 0.0405435 1.247219 3
4595566.4041 5437422.7757  26.4865 0.0859666 1.520257 1
4595566.6348 5437423.3224  30.8647 0.0698395 1.575497 1
4595566.5200 5437422.3496  28.0390 0.0384273 1.125975 2
4595566.6805 5437423.0134  31.3456 0.0202121 0.843529 1
4595566.6368 5437422.6414  30.2699 0.0761540 0.960358 3
4595566.6708 5437422.2318  30.4570 0.1110381 1.840249 1
4595566.7206 5437421.9585  31.0333 0.0517022 1.191021 1
4595566.6593 5437421.4316  29.5110 0.0729714 1.218408 2
4595566.5569 5437420.5511  26.9897 0.0725213 1.123058 2
4595566.7617 5437421.6103  31.3950 0.1025750 1.079474 1
4595566.7009 5437421.0850  29.8907 0.0775923 1.260999 2
4595566.7315 5437420.6456  29.9988 0.0862496 1.047917 1
4595563.8334 5437425.7685   0.1586 0.1180261 1.050209 3
4595563.8789 5437424.6883  -0.0677 0.0475607 1.075941 3
4595563.9099 5437424.2087  -0.0163 0.1411614 1.053785 3
4595563.9407 5437423.7274   0.0148 0.0764944 1.009305 3
4595563.9727 5437423.2539   0.0811 0.1608244 1.047705 3
4595564.0088 5437422.8134   0.2586 0.0977724 1.007076 3
4595564.0553 5437421.7332   0.0208 0.1598106 1.065859 3
4595564.0840 5437421.2344   0.0371 0.3943219 1.072496 3
4595564.1130 5437420.7371   0.0594 0.7252353 1.075721 0
4595565.0681 5437425.9898  20.8040 0.0651235 1.071813 1
4595565.0996 5437425.5451  20.9323 0.0928745 1.109734 1
4595565.1298 5437425.0913  21.0245 0.0400638 1.119249 1
4595565.1453 5437424.5181  20.7629 0.0476941 1.318342 1
4595565.4342 5437426.1150  26.9720 0.0303078 0.952300 1
4595565.3861 5437425.7338  25.8437 0.0317024 1.051380 2
4595565.4017 5437425.1677  25.5978 0.0458165 1.030086 1
4595565.5627 5437425.7675  28.7974 0.0220059 0.761994 1
4595565.5137 5437425.3744  27.6397 0.0485286 1.242952 2
4595565.5007 5437424.5813  26.7123 0.0921589 1.040628 1
4595565.6561 5437425.1468  29.7920 0.0777667 1.354763 1
4595565.6686 5437424.5613  29.4725 0.0848286 1.581798 1
4595565.7048 5437423.4754  29.0820 0.0533741 1.180344 1
4595565.6287 5437422.8502  27.2278 0.0905712 1.281068 2
4595565.7398 5437423.0691  29.2762 0.0716272 1.449743 1
4595565.7637 5437422.5722  29.2024 0.1050639 1.336401 1
4595565.9083 5437423.0826  32.0808 0.0751027 1.377600 1
4595565.8343 5437422.4649  30.2720 0.0678972 2.439808 3
4595565.9042 5437422.3531  31.3270 0.1166903 1.260095 1
4595565.8720 5437422.0835  30.5394 0.0317765 0.871406 3
4595565.9929 5437422.4052  32.8484 0.0779197 1.354667 1
4595565.9207 5437421.7969  31.0780 0.0224493 0.927125 3
4595565.9025 5437420.9428  29.9884 0.0871662 1.057245 1
4595565.9378 5437420.5409  30.2092 0.1035330 1.116550 1
4595563.0148 5437425.2011  -0.0686 0.1097011 1.045046 3
4595563.0775 5437424.2432   0.0281 0.1068831 1.069839 3
4595563.1125 5437423.7922   0.1320 0.0977116 1.299376 3
4595563.1419 5437423.2989   0.1193 0.3806427 1.052008 3
4595564.3099 5437425.7540  21.5076 0.1465067 1.325141 1
4595564.3493 5437425.3692  21.8041 0.0721706 1.212667 1
4595564.7170 5437424.7979  27.2862 0.1096862 1.211510 1
4595564.9415 5437425.2066  31.3126 0.0887552 1.188735 1
4595564.7263 5437423.4941  26.2267 0.0847172 1.624017 3
4595564.7268 5437422.8056  25.5854 0.0441243 0.981024 1
4595564.8536 5437423.1309  27.9666 0.1197309 1.154977 1
4595564.8935 5437422.7613  28.2707 0.0353211 0.860778 1
4595564.8642 5437422.5244  27.5676 0.0649715 1.271913 2
4595564.8774 5437421.9368  27.2335 0.0742548 0.976627 1
4595565.0625 5437422.7514  31.0250 0.1058538 0.976464 1
4595564.9910 5437422.1680  29.3080 0.0226418 1.046996 3
4595565.1008 5437422.3742  31.2963 0.1215714 1.064535 1
4595564.9122 5437420.8271  26.7789 0.0779361 1.136120 2
4595565.0617 5437421.3591  29.7098 0.0675863 1.170072 1
4595564.9511 5437420.4475  27.0681 0.0363234 1.153630 2
4595565.1369 5437421.2846  30.8699 0.0760847 1.072210 1
4595563.9911 5437425.6769  27.5074 0.0945929 1.246302 1
4595564.0059 5437423.7342  25.9404 0.0728410 1.070334 1
4595564.0493 5437423.3860  26.3062 0.0850746 1.445330 1
4595563.9167 5437422.3432  23.1718 0.0406530 1.495430 2
4595564.3077 5437424.7360  31.7659 0.0692750 1.193878 1
4595564.1799 5437423.0391  28.0915 0.0484742 1.203248 1
4595564.2009 5437421.8228  27.3011 0.0565265 1.077103 1
4595564.1618 5437420.8110  25.7435 0.0775501 1.469544 1
4595564.4546 5437422.4825  32.0186 0.1346916 1.093787 1
4595564.2822 5437420.3888  27.3068 0.0323786 1.134431 1
4595563.4992 5437423.0742  28.4355 0.0739054 1.033110 1
4595563.4610 5437421.8076   0.0347 0.7887031 1.040620 0
4595563.3927 5437422.2402   0.0770 0.7164700 1.128571 0
4595563.3240 5437422.6738   0.1486 0.6443388 1.076608 0
4595563.2584 5437423.0974   0.1265 0.5871540 1.046831 0
4595563.1951 5437423.5140   0.0222 0.6115722 1.066474 0
4595563.1306 5437423.9338  -0.0032 0.5650491 1.062887 0
4595563.0649 5437424.3582   0.0059 0.3613045 1.146595 3
4595563.0003 5437424.7788  -0.0421 0.1657919 1.058629 3
4595562.9324 5437425.2098   0.0087 0.2445356 1.044420 3
4595562.8639 5437425.6426   0.0869 0.1177421 1.023579 3
4595563.9965 5437420.7007   0.0810 0.6394786 1.044466 0
4595563.9297 5437421.1284   0.0752 0.7319378 1.044032 0
4595563.8636 5437421.5533   0.0484 0.7195384 1.049795 0
4595563.7950 5437421.9873   0.0956 0.5425995 1.218436 0
4595563.7244 5437422.4272   0.2068 0.4041120 1.170540 0
4595563.6596 5437422.8480   0.1575 0.7158885 1.076639 0
4595563.5969 5437423.2623   0.0339 0.7006283 1.055336 0
4595562.8764 5437425.8120  21.9083 0.0834239 1.438515 1
4595563.5330 5437423.6806  -0.0344 0.4738245 1.049832 3
4595563.4683 5437424.1009  -0.0597 0.4589763 1.046180 3
4595563.4017 5437424.5277  -0.0261 0.3702289 1.124306 0
4595563.3354 5437424.9536  -0.0432 0.2314017 1.076270 3
4595563.1971 5437425.8237   0.1185 0.1820223 1.030280 3
4595563.9397 5437420.8302  23.5478 0.0357154 0.935586 1
4595563.8246 5437421.6021  23.2075 0.0885136 1.159121 1
4595563.5962 5437422.5676  28.3917 0.0654022 1.150275 1
4595563.7601 5437422.0113  23.2518 0.0386743 1.075253 2
4595564.3642 5437420.3653   0.0992 0.5025703 1.216549 0
4595564.2973 5437420.7944   0.0974 0.6679473 1.094026 0
4595564.2304 5437421.2233   0.1025 0.6708873 1.049567 0
4595564.1636 5437421.6521   0.1073 0.6335779 1.070295 0
4595564.0951 5437422.0857   0.1671 0.5194248 1.070715 0
4595564.0248 5437422.5256   0.2833 0.3649255 1.087453 0
4595563.9633 5437422.9370   0.1265 0.7305168 1.077038 0
4595563.2506 5437425.4636  21.5358 0.0451684 0.970887 1
4595563.9002 5437423.3530   0.0275 0.5236211 1.064265 3
4595563.1771 5437425.9027  21.8735 0.0509164 1.466995 1
4595563.8364 5437423.7720  -0.0441 0.4764355 1.041756 3
4595563.7718 5437424.1932  -0.0718 0.5702672 1.084671 3
4595563.7046 5437424.6229  -0.0259 0.3170886 1.056823 3
4595563.6277 5437425.0835   0.3098 0.2227074 1.251865 3
4595563.5617 5437425.5090   0.2925 0.0415214 1.168684 3
4595563.4998 5437425.9220   0.1221 0.2871935 1.034954 3
4595564.4889 5437420.2932  26.8369 0.0575849 1.000750 1
4595564.4237 5437420.7032  26.9193 0.0844246 1.114576 1
4595564.4794 5437420.5140  25.2385 0.0311337 1.128280 2
4595564.1325 5437422.0643  31.9829 0.0603398 1.023517 1
4595564.2894 5437421.5366  27.2070 0.0343873 0.953134 2
4595564.1501 5437422.3863  27.6521 0.0773087 1.098071 1
4595564.2952 5437421.9028  23.1940 0.0236506 0.942672 2
4595564.0695 5437422.8470  28.2296 0.1075947 1.041678 1
4595564.1351 5437422.6293  26.1962 0.0384296 0.980635 2
4595564.0758 5437423.0200  26.1067 0.0543873 1.662092 1
4595564.1817 5437422.6704  22.8096 0.0379895 1.167276 2
4595564.9151 5437420.2490   0.0242 0.3249534 1.080960 3
4595563.8970 5437423.8035  29.7764 0.0368571 1.043847 1
4595564.0201 5437423.3989  25.9077 0.0544692 1.099128 2
4595564.7785 5437421.1157   0.1253 0.5573088 1.057380 0
4595564.7133 5437421.5396   0.0784 0.6775070 1.063804 0
4595564.6454 5437421.9712   0.1284 0.8298085 1.030938 0
4595563.7210 5437425.1621  27.5527 0.1067625 1.034665 1
4595564.5724 5437422.4196   0.3351 0.1961276 1.605251 3
4595564.5121 5437422.8272   0.1435 0.5850317 1.086888 0
4595564.4486 5437423.2451   0.0447 0.5432071 1.101712 0
4595563.7174 5437425.7805  21.6157 0.1235739 1.041316 1
4595564.3845 5437423.6649  -0.0251 0.3220109 1.028207 3
4595564.3188 5437424.0898  -0.0358 0.3859226 1.072992 0
4595564.2520 5437424.5183  -0.0068 0.6652675 1.063713 0
4595564.1833 5437424.9526   0.0587 0.5931968 1.143263 0
4595564.1135 5437425.3896   0.1620 0.0912551 1.172976 3
4595564.0478 5437425.8147   0.1269 0.1352353 1.065739 3
4595563.9817 5437426.2405   0.1042 0.4953289 1.067206 0
4595564.9654 5437420.1265  27.1382 0.0997435 1.032794 1
4595564.8182 5437420.8109  29.6483 0.0846496 1.053435 1
4595564.9604 5437420.3341  25.4352 0.0757166 1.050179 2
4595564.8616 5437420.8567  26.5062 0.0424870 1.158957 1
4595564.7798 5437421.3221  27.0798 0.0672563 1.180070 1
4595564.5655 5437422.2248  31.6634 0.1121725 1.271356 1
4595564.7151 5437421.7296  27.1541 0.0340972 1.235494 2
4595564.5419 5437422.4952  30.5132 0.0233290 0.937361 1
4595564.5567 5437422.6404  28.1860 0.0380226 1.505088 1
4595564.7200 5437422.1051  23.2168 0.0412192 1.092414 2
4595564.5605 5437422.8239  26.1738 0.0312079 1.086861 1
4595564.6555 5437422.5141  23.2676 0.0269113 0.921710 2
4595565.4156 5437420.0342   0.0524 0.4112387 1.087019 3
4595564.5096 5437423.1872  25.8254 0.1463966 1.560868 1
4595565.3479 5437420.4652   0.0757 0.1133923 1.089459 3
4595564.2571 5437424.2018  31.7198 0.0575968 1.014968 1
4595564.3194 5437424.0004  29.7876 0.0389967 1.062744 2
4595565.2814 5437420.8920   0.0670 0.1869996 1.076727 3
4595565.2148 5437421.3199   0.0587 0.5296280 1.081953 0
4595565.1482 5437421.7474   0.0583 0.6416526 1.064711 0
4595564.2114 5437424.9445  27.3710 0.1352554 1.417350 1
4595565.0804 5437422.1786   0.1000 0.2478262 1.062644 3
4595564.3524 5437424.7000  20.9692 0.0296137 1.051420 1
4595565.0133 5437422.6074   0.1192 0.4964209 1.091452 3
4595564.2660 5437425.1786  21.6996 0.0620587 1.658007 1
4595564.9498 5437423.0245   0.0316 0.4743664 1.082392 3
4595564.2008 5437425.5903  21.7542 0.0931805 1.402365 1
4595564.8838 5437423.4505   0.0178 0.2163313 1.121210 3
4595564.1716 5437425.8894  20.6693 0.0412430 1.062993 1
4595564.8188 5437423.8725  -0.0264 0.2881064 1.063604 3
4595564.1143 5437426.2765  20.4667 0.0564988 1.102332 1
4595564.7517 5437424.3011  -0.0065 0.3841712 1.085958 3
4595564.6840 5437424.7322   0.0253 0.1591211 1.092152 3
4595564.6136 5437425.1708   0.1461 0.1578606 1.008315 3
4595564.5475 5437425.5968   0.1203 0.2597381 1.094327 3
4595564.4806 5437426.0242   0.1265 0.0987086 1.087537 3
4595564.4149 5437426.4487   0.0928 0.1725380 1.057448 3
4595565.0491 5437421.0111  30.7200 0.0929966 1.099351 1
4595565.0888 5437420.8782  29.5447 0.0261247 1.276895 2
4595565.1850 5437420.5557  26.6917 0.0282127 1.271673 2
4595564.9642 5437421.4856  31.4063 0.0277762 1.093519 1
4595565.1286 5437420.9371  26.5076 0.0574855 1.511406 2
4595564.9094 5437421.8588  31.2065 0.1068068 1.047878 1
4595565.0643 5437421.3446  26.5626 0.0320859 1.141774 2
4595564.8415 5437422.2757  31.4014 0.0929641 1.173892 1
4595564.8073 5437422.5812  30.5810 0.0293469 1.005869 1
4595564.8326 5437422.6929  27.9399 0.0835964 1.459275 1
4595564.9089 5437422.4431  25.6158 0.0736255 1.519331 2
4595564.8322 5437422.8915  26.0566 0.0566340 1.043365 1
4595565.6828 5437420.1196   0.0684 0.3602308 1.155030 3
4595564.7598 5437423.3251  26.3719 0.0938737 1.141720 1
4595565.6159 5437420.5488   0.0725 0.3600962 1.045978 3
4595564.5293 5437424.2682  31.5789 0.0664459 1.047359 1
4595564.5864 5437424.0839  29.8110 0.0310935 1.041186 2
4595565.5503 5437420.9735   0.0341 0.1592683 1.073321 3
4595565.4842 5437421.4000   0.0137 0.5990381 1.062089 0
4595564.5429 5437424.6221  27.3287 0.0393866 1.293138 1
4595565.4159 5437421.8330   0.0744 0.3443364 1.074305 3
4595565.3453 5437422.2738   0.2101 0.3207664 1.353627 3
4595564.6139 5437424.8039  21.1710 0.1136270 1.295919 1
4595565.2823 5437422.6904   0.1016 0.3565733 1.008870 3
4595564.5438 5437425.2320  21.3871 0.0981517 1.239341 2
4595565.2181 5437423.1108   0.0386 0.1446047 1.058247 3
4595565.1526 5437423.5353   0.0153 0.6324482 1.103409 0
4595564.4378 5437425.9797  20.7326 0.0295165 0.945564 1
4595564.3807 5437426.3671  20.5325 0.0547411 1.091127 1
4595565.0191 5437424.3916   0.0341 0.4373693 1.048301 3
4595564.9510 5437424.8239   0.0790 0.4871608 1.097825 0
4595564.8792 5437425.2679   0.2392 0.2131427 1.198276 3
4595564.8168 5437425.6826   0.0967 0.2280419 1.051076 3
4595564.7491 5437426.1135   0.1268 0.1716847 1.065486 3
4595564.6840 5437426.5365   0.0756 0.4320291 1.053132 3
4595565.6060 5437420.0578  30.1499 0.0245846 0.852310 1
4595565.5513 5437420.4320  29.9402 0.0578924 1.173525 1
4595565.6742 5437420.0218  26.3575 0.0287467 1.038750 2
4595565.4336 5437421.0153  31.5766 0.0988588 1.022698 1
4595565.6119 5437420.4230  26.3550 0.0336817 1.114561 2
4595565.4413 5437421.1827  29.5376 0.0241004 1.226683 1
4595565.4651 5437421.1040  28.8365 0.0714519 1.049793 2
4595565.2968 5437421.8532  31.9860 0.0876650 1.221740 1
4595565.3204 5437421.7757  31.2877 0.0258139 0.833190 2
4595565.4611 5437421.3124  27.1169 0.0251176 1.012936 2
4595565.2334 5437422.2551  32.0582 0.0741551 1.054456 1
4595565.2969 5437422.0468  30.1630 0.0425267 1.340294 2
4595565.3161 5437422.1806  27.7509 0.0365509 1.244356 2
4595565.1765 5437422.8320  30.0933 0.0297451 1.206081 1
4595565.2410 5437422.6224  28.1489 0.0777978 1.013672 2
4595565.2597 5437422.5618  27.5863 0.0897589 2.024492 2
4595565.1903 5437422.9854  27.8199 0.1044530 1.044702 1
4595566.1109 5437420.0116   0.0245 0.1877029 1.097494 3
4595565.1992 5437423.1569  25.6729 0.0996079 1.632856 1
4595566.0433 5437420.4433   0.0508 0.0970083 1.056269 3
4595565.0498 5437423.8372  28.3301 0.0613381 1.279286 1
4595565.9769 5437420.8719   0.0375 0.1797089 1.084858 3
4595564.9075 5437424.4920  30.7998 0.0571397 1.325971 1
4595565.0892 5437423.9138  25.2286 0.0400688 1.219987 2
4595565.9134 5437421.2904  -0.0636 0.1901018 1.037482 3
4595564.8256 5437424.9528  31.4205 0.0793698 1.027784 1
4595565.8433 5437421.7301   0.0471 0.1952494 1.018021 3
4595564.8962 5437424.9325  27.3350 0.0529452 1.096634 1
4595565.7754 5437422.1627   0.0990 0.2562176 1.106593 3
4595564.8446 5437425.2993  27.0087 0.0552301 1.217567 1
4595565.7094 5437422.5889   0.0977 0.3255426 1.083474 3
4595565.6438 5437423.0147   0.0811 0.3056025 1.110106 0
4595564.9150 5437425.4961  20.8852 0.1097149 1.077622 1
4595565.5788 5437423.4379   0.0483 0.2919232 1.113982 3
4595564.8565 5437425.8883  20.7314 0.0352577 0.992880 1
4595565.5125 5437423.8654   0.0434 0.5497224 1.079050 3
4595565.4462 5437424.2929   0.0353 0.7310835 1.088436 0
4595565.3781 5437424.7255   0.0865 0.4764603 1.184949 0
4595565.3064 5437425.1693   0.2422 0.2760186 1.206547 0
4595565.2434 5437425.5865   0.1229 0.1242640 0.983929 3
4595565.1762 5437426.0166   0.1353 0.1416662 1.026756 3
4595565.1108 5437426.4411   0.0911 0.1951164 0.998379 3
4595566.1121 5437420.1621  29.9326 0.1182535 1.191845 1
4595566.0547 5437420.5451  29.8058 0.0613347 1.528019 1
4595566.1567 5437420.2113  26.8842 0.0270074 1.157947 2
4595565.9960 5437420.9328  29.7095 0.0826440 1.277443 1
4595565.9651 5437421.2305  28.8110 0.0880603 1.050747 1
4595565.7782 5437422.0325  32.4451 0.0494473 1.656825 1
4595565.7571 5437422.2983  31.2773 0.0683974 1.410661 1
4595565.9439 5437421.6983  25.8063 0.0305475 1.247524 2
4595565.6649 5437422.7919  32.1929 0.0839122 1.118344 1
4595565.5936 5437423.2190  32.4999 0.0729749 1.041740 1
4595565.7167 5437422.8275  28.8527 0.0523780 1.965914 2
4595565.6673 5437423.1862  28.4928 0.1607944 1.899030 0
4595565.6231 5437423.5291  27.9774 0.0300072 1.231024 1
4595565.8015 5437422.9672  22.6414 0.0376997 1.107198 2
4595566.5620 5437420.5724  -0.0143 0.1532525 1.018600 3
4595565.5479 5437423.9695  28.3701 0.1012481 1.319994 1
4595566.4965 5437420.9974  -0.0475 0.0320441 1.022131 3
4595565.4488 5437424.4839  29.4832 0.0513865 1.184159 1
4595565.5500 5437424.1685  26.4415 0.0785234 1.008714 2
4595566.4286 5437421.4298  -0.0178 0.0710400 0.990519 3
4595565.3772 5437424.9119  29.7744 0.0785885 1.233914 1
4595565.4734 5437424.6138  26.8738 0.0378315 1.189845 2
4595565.5238 5437424.4575  25.3523 0.0347080 1.302651 2
4595566.3603 5437421.8634   0.0380 0.0582739 0.980533 3
4595565.3064 5437425.3372  30.0457 0.0938878 1.323137 1
4595565.3999 5437425.0486  27.2080 0.0523251 1.265281 3
4595565.2354 5437425.7621  30.3188 0.0443755 0.978882 1
4595565.2875 5437425.6024  28.7355 0.0254677 1.081664 2
4595565.3314 5437425.4677  27.3997 0.0498019 1.493411 2
4595566.2250 5437422.7260   0.1194 0.0596097 0.983342 3
4595565.8084 5437424.2226  10.8722 0.0260031 0.885547 1
4595566.1600 5437423.1494   0.0723 0.1697635 1.139415 3
4595566.0950 5437423.5728   0.0334 0.5118050 1.086823 0
4595566.0282 5437424.0010   0.0480 0.4096314 1.073840 0
4595565.9624 5437424.4270   0.0242 0.4986351 1.049939 3
4595565.8926 5437424.8645   0.1240 0.3387484 1.053535 0
4595565.8267 5437425.2905   0.1036 0.4997470 1.114120 0
4595565.7598 5437425.7190   0.1111 0.1345610 1.050521 3
4595565.6906 5437426.1543   0.1818 0.2185944 1.157157 3
4595566.4084 5437420.3315  30.1528 0.0635066 1.200876 1
4595566.3641 5437420.6726  29.6510 0.1193063 1.135092 1
4595566.4683 5437420.3335  26.6779 0.0438602 1.766396 2
4595566.5116 5437420.1928  25.4409 0.0203494 1.241649 3
4595566.4482 5437420.5976  25.4654 0.0439415 1.059371 1
4595566.1567 5437421.7389  32.0559 0.0868705 1.192381 1
4595566.2645 5437421.3914  28.9449 0.0629770 0.996415 3
4595566.0920 5437422.1448  32.1576 0.1143502 1.505953 1
4595566.0355 5437422.5244  32.0225 0.1039963 1.203619 1
4595566.0723 5437422.4070  30.9497 0.0231277 0.976998 2
4595565.9917 5437422.8640  31.5151 0.1102862 1.711681 0
4595566.0317 5437422.9385  28.5344 0.0634075 1.284318 1
4595566.0067 5437423.2213  27.4505 0.0596976 1.226914 1
4595566.0297 5437423.1487  26.7673 0.0227037 1.102421 2
4595566.0786 5437422.9949  25.3190 0.0347047 1.143544 2
4595566.9327 5437420.3071   0.0356 0.0878378 1.037637 3
4595565.9616 5437423.5683  26.9499 0.0999407 1.355184 0
4595565.8257 5437424.1983  29.1530 0.0690836 1.464811 1
4595566.8042 5437421.1502  -0.0908 0.0969451 1.051119 3
4595565.8287 5437424.3955  27.2098 0.0261322 0.920132 1
4595565.8965 5437424.1853  25.1750 0.0547696 1.034825 2
4595566.7355 5437421.5851  -0.0231 0.1333608 1.150921 3
4595565.7681 5437424.7907  27.1613 0.0280412 1.106838 1
4595565.8217 5437424.6255  25.5478 0.0872175 1.178246 2
4595565.9887 5437424.1108  20.5155 0.0719694 1.073423 2
4595566.6660 5437422.0226   0.0783 0.0563909 1.210448 3
4595565.5984 5437425.5205  30.4109 0.0765365 1.085103 1
4595566.5994 5437422.4510   0.0928 0.1368166 1.021009 3
4595566.1823 5437423.9483  10.7741 0.0313096 1.119698 1
4595566.5343 5437422.8748   0.0542 0.2253125 1.068045 3
4595565.5564 5437426.0675  27.9106 0.0557685 1.028462 1
4595565.7153 5437425.5854  23.0685 0.0334922 1.105798 2
4595566.4682 5437423.3017   0.0455 0.2213353 1.077814 3
4595565.6481 5437426.0029  23.1912 0.0629229 1.066946 1
4595566.4014 5437423.7306   0.0593 0.3311970 1.113246 3
4595566.3359 5437424.1553   0.0321 0.4537302 1.096316 3
4595566.2685 5437424.5857   0.0683 0.5506974 1.040459 0
4595566.2006 5437425.0182   0.1085 0.6232392 1.088515 0
4595566.1349 5437425.4432   0.0851 0.1624248 1.073988 3
4595566.0689 5437425.8693   0.0602 0.3953140 1.093531 3
4595566.0002 5437426.3041   0.1190 0.4115361 1.055926 3
4595566.6990 5437420.0552  29.9660 0.0395970 1.108607 1
4595566.6404 5437420.4426  29.8881 0.0490250 1.240330 1
4595566.7526 5437420.0755  26.6696 0.0741741 1.721441 2
4595566.5828 5437420.8269  29.7698 0.0469039 1.324726 1
4595566.7046 5437420.4306  26.2700 0.0375236 1.096607 2
4595566.7369 5437420.3254  25.3395 0.0399496 1.174206 2
4595566.4447 5437421.4729  31.9637 0.1053716 2.111897 1
4595566.5219 5437421.2225  29.7413 0.0201662 0.946296 3
4595566.3936 5437421.8350  31.6720 0.0829515 1.087952 0
4595566.3311 5437422.2343  31.7092 0.0934238 1.130248 1
4595566.4489 5437421.8559  28.2774 0.0819693 1.342633 2
4595566.2738 5437422.6169  31.5950 0.0532852 1.240354 1
4595566.3043 5437422.5193  30.7021 0.0652663 1.062000 2
4595566.2140 5437423.0079  31.5468 0.0949980 1.637657 1
4595566.3432 5437422.5971  27.7511 0.0307373 1.439896 3
4595566.1515 5437423.4071  31.5851 0.0429453 1.095436 1
4595566.3083 5437422.9109  26.9517 0.0727392 1.571946 3
4595566.1736 5437423.5399  29.1118 0.0523804 1.152666 1
4595566.2218 5437423.3882  27.6801 0.0397733 1.439493 2
4595567.1531 5437420.4554   0.0002 0.0780966 1.040008 3
4595566.2705 5437423.4404  24.3823 0.0869865 1.295556 3
4595566.0258 5437424.4113  29.8450 0.0850748 1.210141 1
4595566.1868 5437423.9094  25.0207 0.0449405 1.112650 2
4595567.0218 5437421.3066  -0.0320 0.0394076 0.934501 3
4595566.1168 5437424.3357  25.2499 0.0322791 1.131901 1
4595566.9533 5437421.7415   0.0345 0.0681767 1.053942 3
4595566.0393 5437424.7838  25.7078 0.0662540 1.331063 1
4595566.8842 5437422.1773   0.1285 0.0744916 1.223590 3
4595565.8852 5437425.4673  28.4881 0.0556319 1.146174 1
4595566.8216 5437422.5938   0.0164 0.2275970 1.099828 3
4595565.8270 5437425.8547  28.3653 0.1052273 1.092208 1
4595566.7555 5437423.0209   0.0099 0.2356745 1.061955 3
4595565.9348 5437425.7382  23.1630 0.0412402 1.223679 1
4595566.6892 5437423.4485   0.0099 0.4759053 1.069052 3
4595566.6229 5437423.8760   0.0145 0.5988472 1.086164 0
4595566.5580 5437424.2989  -0.0203 0.4763983 1.056787 3
4595566.4840 5437424.7499   0.2139 0.2106787 1.342856 3
4595566.4232 5437425.1606   0.0342 0.4608179 1.069995 3
4595566.3568 5437425.5886   0.0334 0.3941521 1.066846 3
4595566.2894 5437426.0191   0.0562 0.7307760 1.097003 0
4595567.1803 5437420.2629  27.7029 0.0577413 1.177638 1
4595567.1405 5437420.5923  27.0843 0.0542942 1.085609 1
4595567.1605 5437420.5283  26.5181 0.0566554 2.341471 2
4595567.2699 5437420.1775  23.4104 0.0291626 1.020370 2
4595566.9330 5437421.4577  31.2349 0.0274406 1.021003 1
4595566.9905 5437421.2741  29.5970 0.1483897 1.212015 2
4595566.8826 5437421.8193  30.9346 0.0530737 1.039087 1
4595567.0432 5437421.3094  26.3387 0.1386139 1.695958 3
4595567.0282 5437421.5623  24.9871 0.0548035 1.443387 1
4595566.7930 5437422.5088  29.9980 0.0810170 1.255955 1
4595566.9436 5437422.0352  25.6459 0.0640659 1.778271 2
4595566.7982 5437422.6982  28.0668 0.0489058 1.077786 1
4595566.8441 5437422.5546  26.7374 0.0502770 1.086252 2
4595566.7469 5437423.0650  27.7683 0.0964375 1.315256 1
4595567.6952 5437420.1114   0.0917 0.0536318 1.161553 3
4595566.6824 5437423.4733  27.8445 0.0627267 1.102947 1
4595567.6332 5437420.5272  -0.0121 0.0848327 1.088173 3
4595566.6086 5437423.9101  28.2084 0.1052085 1.073743 1
4595567.5697 5437420.9473  -0.0757 0.1105230 1.071701 3
4595567.5002 5437421.3857   0.0324 0.2065589 1.054787 0
4595566.8404 5437423.6249  17.6719 0.2081347 1.189954 0
4595566.4336 5437425.0769  27.9091 0.0413902 1.168597 1
4595566.5271 5437424.7932  25.1294 0.0292373 1.068037 2
4595566.8174 5437423.9122  16.4763 0.0305477 0.990529 2
4595566.8587 5437423.7869  15.2423 0.0739287 1.521778 3
4595566.3090 5437425.6660  29.7827 0.0664812 1.068609 1
4595566.9223 5437423.8152  11.4344 0.0858709 2.033178 3
4595566.4774 5437425.3731  22.8818 0.0316951 0.980357 1
4595567.2376 5437423.0916  -0.0003 0.3336174 1.062006 3
4595566.3087 5437426.0944  26.0739 0.1177717 1.077333 1
4595567.1716 5437423.5193  -0.0007 0.1382983 1.088284 3
4595566.3427 5437426.2105  23.1574 0.1319205 1.086024 2
4595567.0505 5437424.1101   1.6935 0.0427705 1.454498 2
4595567.1040 5437423.9515   0.0638 0.0867758 1.154607 3
4595567.0382 5437424.3783   0.0715 0.0497455 1.237576 3
4595566.9743 5437424.8000   0.0118 0.4476036 1.069308 3
4595566.8426 5437425.6534  -0.0004 0.5784933 1.069014 3
4595567.5881 5437420.5465  27.9777 0.0817572 1.129356 1
4595567.7496 5437420.0347  23.4421 0.0345907 1.316966 2
4595567.6245 5437420.6371  25.2292 0.0653338 1.024786 1
4595567.7197 5437420.3367  22.5459 0.0497149 1.209854 2
4595567.3924 5437421.5733  30.0378 0.0601248 1.140253 1
4595567.4534 5437421.3818  28.3182 0.0440753 1.164906 2
4595567.6032 5437421.1202  22.3422 0.0303222 1.189906 1
4595567.5470 5437421.5062  22.1703 0.1561968 1.096660 1
4595567.2341 5437422.6862  29.3299 0.0437286 1.505380 1
4595567.1698 5437423.0928  29.4193 0.0557638 1.024680 1
4595567.0056 5437423.8059  32.3898 0.0431137 1.245852 1
4595568.1268 5437420.3721   0.0205 0.1388358 1.060567 3
4595567.9958 5437421.2247   0.0494 0.1890766 1.062372 3
4595566.8732 5437424.8380  30.9556 0.0232499 0.907761 1
4595566.9309 5437424.6640  29.2719 0.0604298 1.160745 2
4595567.0196 5437424.3966  26.6802 0.0285321 1.239936 2
4595567.9273 5437421.6601   0.1395 0.0365887 1.108373 3
4595566.8738 5437425.0489  29.1570 0.0311236 1.026729 1
4595566.9538 5437424.8088  26.8116 0.0718035 1.476401 2
4595567.2842 5437423.8183  17.0984 0.0652501 2.349602 3
4595566.8003 5437425.4828  29.5150 0.0477750 1.266911 1
4595567.7994 5437422.5032   0.0361 0.1406257 1.089581 3
4595566.9705 5437425.1939  22.6769 0.1666536 1.449168 1
4595567.7334 5437422.9312   0.0408 0.1381031 1.041139 3
4595567.6689 5437423.3543   0.0073 0.6002780 1.076221 0
4595567.6005 5437423.7888   0.0981 0.0693934 1.104733 3
4595567.4091 5437425.0527  -0.0233 0.6452561 1.077602 3
4595567.3426 5437425.4822   0.0090 0.1993079 1.055384 3
4595567.8863 5437420.6791  27.7510 0.0275915 0.984805 1
4595567.7369 5437421.3537  30.2363 0.0884767 1.054145 1
4595567.7509 5437421.5158  28.1262 0.0577092 1.343672 1
4595567.9242 5437420.9744  23.2365 0.0697980 1.210904 2
4595567.5369 5437422.3890  32.4407 0.0745108 1.052193 1
4595567.6943 5437421.8995  27.9921 0.0223184 0.911119 2
4595567.7241 5437421.8068  27.1498 0.0674552 1.201753 2
4595567.4879 5437422.7462  32.1068 0.0325288 0.974224 1
4595567.5094 5437422.6798  31.4990 0.0826705 2.247546 2
4595567.4751 5437422.9932  30.7340 0.0779230 1.072139 1
4595567.5209 5437422.8522  29.4310 0.0394286 1.058414 2
4595567.3595 5437423.5563  32.2956 0.0340709 1.312676 1
4595567.4656 5437423.2310  29.2559 0.0601979 1.159698 2
4595567.5297 5437423.0348  27.4257 0.0447062 1.356542 2
4595567.3343 5437423.8421  31.2879 0.0558258 1.063033 1
4595567.4107 5437423.6092  29.0796 0.0335937 1.355648 2
4595568.4181 5437420.5383   0.0381 0.2018056 1.068689 3
4595567.2845 5437424.2031  30.9858 0.0745138 1.810694 1
4595568.3533 5437420.9620   0.0427 0.0316125 0.811716 3
4595567.5347 5437423.6602  21.9302 0.0649752 1.243475 1
4595568.2823 5437421.4051   0.2186 0.0707306 1.204145 3
4595567.1737 5437424.9606  30.6812 0.0433687 1.111294 1
4595568.2177 5437421.8286   0.1873 0.0992569 1.158935 3
4595567.1078 5437425.3709  30.8316 0.0558442 1.093451 1
4595567.4028 5437424.4905  22.1794 0.0568843 1.178746 2
4595567.4618 5437424.3146  20.4457 0.0379432 1.407859 3
4595567.3463 5437424.8775  22.0227 0.1052318 1.621492 1
4595568.0891 5437422.6734   0.1005 0.1246800 1.178796 3
4595568.0257 5437423.0930   0.0396 0.3467907 1.044468 0
4595567.9598 5437423.5202   0.0516 0.0936776 1.097583 3
4595567.8301 5437424.3681   0.0552 0.0506923 1.064403 3
4595567.7011 5437425.2141   0.0114 0.3121277 1.047503 3
4595567.6351 5437425.6418   0.0215 0.0795267 0.990184 3
4595568.3237 5437421.0347  27.8583 0.0329395 1.033326 1
4595568.2721 5437421.4037  27.6129 0.0615022 0.980576 1
4595568.1228 5437422.0724  30.0569 0.0258493 1.011229 1
4595567.9921 5437422.6815  32.0054 0.0320243 1.281975 1
4595567.9356 5437423.0632  31.9010 0.1328562 1.310078 1
4595567.8633 5437423.7054  30.5336 0.0610636 1.169484 1
4595567.8926 5437423.6174  29.6996 0.0509861 1.287146 2
4595567.7963 5437424.1192  30.7355 0.0665968 1.080229 1
4595567.9103 5437423.7788  27.4828 0.0415527 1.637472 2
4595567.7610 5437424.4390  30.0273 0.0230843 0.748942 1
4595567.7966 5437424.3334  29.0101 0.0439140 1.615693 2
4595568.8075 5437421.3314   0.0999 0.0601123 1.080786 3
4595567.7169 5437424.7860  29.5594 0.0278824 1.087122 1
4595567.8385 5437424.4268  26.0681 0.0867527 1.256662 2
4595568.7410 5437421.7613   0.1327 0.1227089 1.077099 3
4595567.7796 5437424.8194  26.0081 0.0358924 1.196802 1
4595568.6742 5437422.1918   0.1599 0.0710190 0.946582 3
4595567.5705 5437425.6506  30.2911 0.0573049 1.111377 1
4595567.8546 5437424.8208  22.0746 0.0286538 1.100264 3
4595568.5468 5437423.0338   0.0752 0.2785047 1.052029 0
4595568.4824 5437423.4573   0.0648 0.2367798 1.056554 3
4595568.4193 5437423.8773   0.0272 0.1484163 1.041667 3
4595568.2916 5437424.7208  -0.0076 0.0328702 0.963080 3
4595568.2255 5437425.1490   0.0220 0.0580773 0.947315 3
4595568.5698 5437422.3611  30.6791 0.0394607 0.970944 1
4595568.5124 5437422.9616  28.9350 0.0283394 1.121407 2
4595568.5804 5437422.7591  27.0464 0.0367048 1.105355 2
4595568.3853 5437423.5543  30.7972 0.0220339 0.902936 1
4595568.3070 5437424.0014  31.3279 0.1522583 2.257706 0
4595568.3070 5437424.2189  29.6559 0.0312165 1.122254 1
4595568.3817 5437424.0001  27.5494 0.1274645 1.558583 2
4595569.2921 5437421.5701   0.1614 0.1649307 1.054347 0
4595568.1844 5437425.0146  29.7173 0.0352885 0.988540 1
4595568.2127 5437424.9326  28.9178 0.0439403 1.151243 2
4595568.3506 5437424.5332  25.0195 0.0444075 1.546424 2
4595569.2222 5437422.0096   0.2863 0.0690284 0.981184 3
4595568.1455 5437425.3473  29.1106 0.1019508 1.335769 1
4595569.1575 5437422.4335   0.2660 0.1572860 1.021155 3
4595568.2655 5437425.2261  23.9638 0.1192900 1.196187 1
4595568.3226 5437425.0625  22.3353 0.0227005 0.971526 2
4595569.0944 5437422.8530   0.2133 0.1446368 1.087171 3
4595569.0322 5437423.2704   0.1414 0.2243387 1.154300 3
4595568.9708 5437423.6856   0.0491 0.2724755 1.018894 3
4595568.9040 5437424.1159   0.1296 0.0418162 0.954346 3
4595568.8439 5437424.5268   0.0149 0.0658804 1.060918 3
4595569.0385 5437421.4731  27.7693 0.0693862 1.027266 1
4595568.9449 5437422.1835  26.9678 0.0422644 1.067090 1
4595568.8905 5437422.5621  26.7764 0.0460432 1.117375 1
4595568.7536 5437423.1852  28.8937 0.0505937 1.178163 1
4595568.8177 5437422.9950  27.1113 0.0513745 1.406614 2
4595568.6182 5437423.8012  31.0067 0.0896385 1.534059 1
4595568.6760 5437423.8483  27.7046 0.1236598 1.118182 1
4595568.5711 5437424.3743  28.9796 0.0356913 1.003434 1
4595568.4833 5437424.8489  29.7608 0.0660851 1.248176 1
4595569.5248 5437421.8251   0.2751 0.1561100 1.001874 3
4595568.4392 5437425.1963  29.2961 0.0367117 0.993148 1
4595569.4555 5437422.2624   0.3835 0.1465202 1.429920 3
4595568.5598 5437425.0712  24.1410 0.0469369 1.122589 1
4595569.3943 5437422.6756   0.2701 0.2292013 1.413147 3
4595568.5794 5437425.2412  21.8237 0.0273591 1.132631 2
4595569.3359 5437423.0819   0.0806 0.3152086 1.063630 3
4595569.2073 5437423.9274   0.0628 0.0363223 1.079576 3
4595569.2667 5437422.1169  26.5482 0.0379735 1.146582 1
4595569.0912 5437422.8564  29.6959 0.0750076 1.080242 1
4595569.1888 5437422.5657  27.0019 0.0686316 1.186749 2
4595569.0081 5437423.5353  28.6655 0.0407277 1.381200 1
4595568.9725 5437423.8586  27.9871 0.1079634 1.201921 1
4595568.8513 5437424.4315  29.7261 0.0269726 0.944324 1
4595568.8894 5437424.5416  26.9554 0.0050462 0.561516 1
4595568.9099 5437424.4820  26.3744 0.0564595 1.899019 2
4595568.7403 5437425.1939  29.4658 0.0307017 1.123654 1
4595569.7704 5437422.2247   0.2501 0.2004453 1.033117 3
4595569.7015 5437422.6612   0.3593 0.3043415 1.704661 0
4595569.6470 5437423.0562   0.0618 0.4740920 1.056686 3
4595569.5188 5437423.9019   0.0328 0.0997735 1.009173 3
4595569.4713 5437423.2205  29.0563 0.0494896 0.944494 1
4595569.4317 5437423.5556  28.4969 0.0342520 1.294960 1
4595569.5218 5437423.2929  26.0143 0.0686274 1.115831 2
4595569.3613 5437423.9813  28.7958 0.0642255 1.218387 1
4595569.2846 5437424.4243  29.2748 0.0746622 1.109544 1
4595569.3946 5437424.1074  26.2072 0.0400619 1.046427 2
4595570.0787 5437423.0898   0.0310 0.2098091 1.096462 3
4595570.0151 5437423.5117  -0.0009 0.1240432 1.054687 3
4595569.9513 5437423.9336  -0.0233 0.1098819 1.074343 3
4595569.7155 5437423.9243  29.0479 0.0505736 1.146053 1
4595569.8075 5437423.6587  26.5182 0.0234544 0.977286 2
4595570.0039 5437423.3186  19.4434 0.0353850 1.062195 1
4595570.0848 5437423.5087  28.8696 0.0558896 1.081091 1
4595570.1816 5437423.2280  26.2318 0.0422393 1.263655 2
4595570.1114 5437423.6546  26.4943 0.0303396 1.084452 1
4595569.8748 5437423.6925   0.0057 0.4962316 1.065788 3
4595569.8876 5437423.2226   0.0270 0.4031841 1.074402 3
4595569.9194 5437422.7163   0.3046 0.1765349 1.549540 3
4595569.6632 5437424.1656   0.0738 0.6131538 1.050959 3
4595569.6716 5437423.7056   0.0195 0.5301141 1.071920 0
4595569.6879 5437423.2302   0.0774 0.3962503 1.068164 3
4595569.7260 5437422.7128   0.4344 0.1564868 1.449425 3
4595569.7253 5437422.2704   0.2746 0.4182160 1.058125 3
4595569.3466 5437424.4493   0.0590 0.4678342 1.076857 0
4595569.3611 5437423.9769   0.0747 0.4332370 1.054673 3
4595569.3720 5437423.5115   0.0430 0.6100657 1.054933 0
4595569.3876 5437423.0381   0.0939 0.5811957 1.054075 0
4595569.4122 5437422.5471   0.2670 0.3432602 1.188377 3
4595569.4200 5437422.0877   0.2305 0.4942049 1.059616 3
4595569.4250 5437421.6351   0.1587 0.3350468 1.053169 3
4595568.9066 5437425.0648   0.0081 0.6028890 1.062280 0
4595568.9210 5437424.5932   0.0334 0.5426135 1.038925 0
4595568.9353 5437424.1226   0.0425 0.6133575 1.062714 0
4595568.9555 5437423.6404   0.1237 0.4869132 1.050074 0
4595568.9702 5437423.1683   0.1476 0.3102850 1.117772 0
4595568.9838 5437422.6992   0.1639 0.5084497 1.071549 0
4595568.9941 5437422.2374   0.1520 0.5208918 1.089592 0
4595569.0034 5437421.7768   0.1388 0.4146036 1.066600 3
4595569.0124 5437421.3160   0.1024 0.1161718 1.133159 3
4595570.0799 5437423.6094  19.2775 0.0327758 1.078105 1
4595568.6838 5437425.1070   0.0236 0.5395841 1.037413 0
4595568.6980 5437424.6375   0.0433 0.4756837 1.059316 0
4595568.7158 5437424.1598   0.0918 0.6284270 1.042039 0
4595568.7312 5437423.6886   0.1018 0.5829502 1.075937 0
4595568.7427 5437423.2239   0.0720 0.4069153 1.079585 0
4595568.7667 5437422.7359   0.2214 0.3902405 1.060432 0
4595568.7735 5437422.2810   0.1540 0.3859549 1.055312 0
4595568.7835 5437421.8204   0.1448 0.2314419 1.008251 3
4595568.7930 5437421.3606   0.1175 0.2148267 1.030823 3
4595568.8108 5437420.8856   0.1694 0.0453129 1.415552 3
4595569.9428 5437423.5191  19.3140 0.1118302 1.106657 1
4595569.3299 5437423.4743  10.4775 0.0355613 1.091946 1
4595568.5569 5437425.0150   0.0494 0.4613803 1.081825 3
4595568.5720 5437424.5431   0.0790 0.5759591 1.056052 0
4595568.5890 5437424.0671   0.1072 0.5723264 1.053154 0
4595568.6046 5437423.5947   0.1169 0.6020428 1.038086 0
4595568.6139 5437423.1350   0.0580 0.5576227 1.074982 0
4595568.6314 5437422.6595   0.1168 0.8998454 1.056599 0
4595568.6476 5437422.1868   0.1810 0.3634878 1.087130 3
4595568.6598 5437421.7221   0.2009 0.1165831 1.107834 3
4595568.6645 5437421.2721   0.0980 0.1153573 1.104959 3
4595568.6803 5437420.8008   0.1232 0.1328858 1.063457 3
4595570.1169 5437423.7683  26.4387 0.0345433 0.992780 2
4595568.7647 5437423.9817   7.0612 0.0287198 0.856361 1
4595568.2426 5437425.0246  -0.0245 0.5576059 1.037257 3
4595568.2605 5437424.5468   0.0411 0.5596987 1.054263 0
4595568.2742 5437424.0791   0.0305 0.6149096 1.075195 0
4595568.2883 5437423.6093   0.0222 0.5390848 1.060602 0
4595568.3001 5437423.1457   0.0016 0.6938171 1.057080 0
4595568.3164 5437422.6720   0.0478 0.4682792 1.073043 0
4595568.3265 5437422.2113   0.0261 0.1840692 1.073955 3
4595568.3377 5437421.7493   0.0309 0.0864138 1.198110 3
4595568.3461 5437421.2921  -0.0196 0.5991879 1.061618 0
4595569.9871 5437423.5905  28.8754 0.0519420 1.190471 1
4595567.9433 5437425.2321  -0.0066 0.5095637 1.045182 0
4595567.9575 5437424.7636   0.0027 0.4798420 1.063601 0
4595567.9784 5437424.2828   0.0983 0.3928218 1.053260 0
4595567.9906 5437423.8180   0.0657 0.4614302 1.059538 0
4595568.0055 5437423.3489   0.0790 0.2238470 1.078422 3
4595568.0191 5437422.8825   0.0925 0.2432641 1.076606 3
4595568.0284 5437422.4252   0.0496 0.5209321 1.039083 0
4595568.0423 5437421.9586   0.0807 0.3731646 1.042259 3
4595568.0523 5437421.4988   0.0593 0.3631481 1.102246 3
4595568.0607 5437421.0428  -0.0062 0.2825453 1.125932 3
4595568.0719 5437420.5823  -0.0349 0.2193747 1.043134 3
4595569.9562 5437423.6914  28.9208 0.0662506 1.134393 1
4595569.8015 5437424.0197  26.7963 0.0262681 1.021006 2
4595569.7810 5437423.6500  26.3314 0.0421974 1.027377 1
4595569.7962 5437423.2063  26.3608 0.0611860 1.327404 1
4595567.9385 5437425.3384   0.0568 0.4772112 1.082068 0
4595567.9510 5437424.8733   0.0409 0.4147539 1.051469 0
4595567.9721 5437424.3904   0.1413 0.6074816 1.061202 0
4595567.9842 5437423.9267   0.1059 0.5356472 1.040433 0
4595567.9948 5437423.4658   0.0524 0.4087271 1.062319 3
4595568.0123 5437422.9918   0.1180 0.5118952 1.068898 0
4595568.0217 5437422.5337   0.0715 0.5083293 1.048366 3
4595568.0355 5437422.0672   0.0999 0.3821886 1.082950 3
4595568.0458 5437421.6083   0.0806 0.4022018 1.098220 0
4595568.0587 5437421.1437   0.0805 0.1909829 1.118701 0
4595568.0680 5437420.6856   0.0229 0.2708131 1.082332 3
4595568.0934 5437420.1986   0.1790 0.1398852 1.052360 3
4595569.6128 5437424.1406  26.7833 0.0934908 1.264853 1
4595569.7758 5437423.3819  28.8459 0.0361881 0.933213 1
4595569.6072 5437423.7402  26.5157 0.0293036 1.120715 2
4595567.7601 5437425.4708  -0.0004 0.5627675 1.050433 0
4595568.5996 5437423.3194  11.4549 0.0283346 0.859964 1
4595567.7741 5437425.0031   0.0040 0.4670666 1.040840 3
4595567.7917 5437424.5269   0.0589 0.5771707 1.068030 0
4595568.2822 5437423.1007   6.6772 0.0338473 0.953509 1
4595567.8077 5437424.0550   0.0834 0.4026696 1.122589 3
4595567.8168 5437423.5980   0.0115 0.3003408 1.081543 3
4595567.8276 5437423.1360  -0.0154 0.4929781 1.054193 0
4595567.8566 5437422.1995   0.0505 0.3277157 1.081034 3
4595567.8688 5437421.7358   0.0558 0.3309727 1.058813 3
4595567.8772 5437421.2806   0.0007 0.2026391 1.081788 3
4595567.8851 5437420.8248  -0.0704 0.2555389 1.020555 3
4595567.9080 5437420.3414   0.0629 0.0877825 1.040068 3
4595569.3545 5437424.2350  29.0110 0.0738020 1.215058 1
4595569.1434 5437424.6893  26.1155 0.0477328 1.072973 2
4595569.3412 5437423.8554  28.6295 0.0540417 1.153222 1
4595569.1533 5437424.2572  26.0549 0.0446639 1.164629 2
4595569.3426 5437423.4425  28.4507 0.0598691 1.286591 1
4595569.3618 5437422.9928  28.5323 0.0362550 1.054013 1
4595569.2964 5437423.1306  27.6292 0.0611907 1.094885 2
4595569.1700 5437423.3973  25.8829 0.0419429 1.180157 2
4595569.2591 5437422.3878  26.7505 0.0558130 1.189902 1
4595567.3567 5437425.4700  -0.0006 0.3696836 1.047632 0
4595568.1835 5437423.3461  11.2927 0.0407995 1.037420 1
4595567.3712 5437425.0017   0.0109 0.2725734 1.044497 3
4595567.7009 5437423.8958   4.4027 0.1277713 1.717707 0
4595567.4312 5437424.0037   0.4594 0.1941507 1.623389 0
4595567.4089 5437423.6100  -0.0433 0.3751449 1.111754 3
4595567.4205 5437423.1484  -0.0543 0.3648319 1.078279 3
4595567.4338 5437422.6842  -0.0335 0.5864447 1.089519 0
4595567.4512 5437422.2107   0.0383 0.5844740 1.234636 0
4595567.4618 5437421.7513   0.0129 0.2245797 1.136178 3
4595567.4674 5437421.3017  -0.0830 0.4884639 1.082881 3
4595567.4785 5437420.8416  -0.1022 0.4727660 1.050828 3
4595567.4976 5437420.3664  -0.0103 0.2118996 1.084522 3
4595569.2326 5437423.8783  28.7520 0.0540668 1.206845 1
4595569.0405 5437424.2929  26.0990 0.0692870 1.109159 2
4595569.2474 5437423.4387  28.7557 0.0685288 2.093366 1
4595569.0871 5437423.7825  26.5359 0.0205202 0.857077 2
4595569.1830 5437423.1670  27.6699 0.0422737 1.176543 1
4595569.0579 5437423.4334  25.9274 0.0584330 1.097522 2
4595569.1511 5437422.4156  26.8528 0.0565969 1.134864 1
4595567.7324 5437424.5345   6.6553 0.0642151 1.148992 1
4595567.2582 5437425.5173  -0.0132 0.3186337 1.099005 3
4595567.2755 5437425.0439   0.0383 0.3193232 1.068101 0
4595567.5395 5437424.0663   3.5464 0.1567592 1.911550 0
4595567.7840 5437423.1358   6.7904 0.0459599 1.075339 1
4595567.3230 5437424.0715   0.3177 0.1538815 1.398533 3
4595567.3159 5437423.6480   0.0240 0.2949641 1.099388 3
4595567.3276 5437423.1874   0.0106 0.5323684 1.038341 0
4595567.3406 5437422.7229   0.0233 0.4255616 1.063416 3
4595567.3553 5437422.2559   0.0566 0.7735498 1.090910 0
4595567.3645 5437421.8004   0.0088 0.4689812 1.048272 3
4595567.3765 5437421.3389  -0.0002 0.1975386 1.077564 3
4595567.3863 5437420.8811  -0.0394 0.5671374 1.064247 0
4595567.4061 5437420.4057   0.0617 0.1366761 1.001219 3
4595569.1724 5437424.3840  29.2303 0.0391747 1.142864 1
4595569.1463 5437424.0339  28.6594 0.0407393 1.071244 1
4595568.9654 5437424.4295  26.1362 0.0540958 1.142887 2
4595569.2069 5437423.4931  29.2983 0.0084377 0.584879 1
4595569.1634 5437423.5875  28.6907 0.0588642 1.433638 2
4595569.0701 5437423.3811  27.1841 0.0512074 1.140186 1
4595569.0706 5437422.5598  26.8107 0.0749419 1.041378 1
4595567.2044 5437425.6564   0.0352 0.4517973 1.092598 0
4595568.0154 5437423.5274  11.3386 0.0449600 1.007993 1
4595567.2170 5437425.1922   0.0300 0.2529493 1.063196 3
4595567.6796 5437423.7964   6.3909 0.0469475 0.965803 1
4595567.5607 5437424.0424   4.7078 0.1203442 2.161599 3
4595567.3478 5437424.0470   1.4970 0.1287647 1.961508 0
4595567.2628 5437423.7841   0.0984 0.3511088 1.072935 0
4595567.2728 5437423.3259   0.0532 0.3195702 1.119385 3
4595567.7959 5437421.8359   7.3246 0.0293293 0.903107 1
4595567.2841 5437422.8659   0.0431 0.5859913 1.174413 3
4595567.3002 5437422.3956   0.0991 0.6136341 1.186066 0
4595567.3118 5437421.9337   0.0844 0.2800988 1.202657 0
4595567.3177 5437421.4846  -0.0115 0.1608347 1.048621 3
4595567.3272 5437421.0271  -0.0549 0.5597274 1.054177 0
4595567.3470 5437420.5511   0.0482 0.1076913 1.111755 3
4595567.3587 5437420.0901   0.0361 0.0641516 1.107390 0
4595568.8287 5437424.3194  29.8126 0.0382176 1.006929 1
4595568.4083 5437425.2446  23.9145 0.0516153 1.340793 2
4595568.8717 5437423.8180  30.1991 0.0498526 1.451374 1
4595568.8632 5437423.0245  29.6769 0.0498409 1.083148 1
4595568.6007 5437423.5911  25.9901 0.0424164 1.374558 2
4595568.6731 5437423.0254  26.8072 0.0328369 0.952719 1
4595566.8219 5437425.6828   0.0161 0.4401167 1.059901 0
4595567.6992 5437423.4160  12.2801 0.0524566 1.038004 1
4595567.5074 5437423.8160   9.5643 0.0773729 1.540419 2
4595566.8330 5437425.2226  -0.0030 0.0693987 1.127589 3
4595567.5918 5437423.2147  10.5743 0.1040355 1.098053 1
4595567.3900 5437423.6327   7.7086 0.1016800 1.267539 2
4595566.8417 5437424.7682  -0.0611 0.1318850 1.000461 3
4595566.8623 5437424.2887   0.0460 0.3086916 1.137190 0
4595567.6445 5437422.2535  10.9706 0.0321139 1.129810 1
4595567.3426 5437422.8701   6.6795 0.0317916 0.907056 2
4595566.8717 5437423.8316  -0.0111 0.3407933 1.060153 3
4595566.8859 5437423.3655   0.0050 0.4078714 1.050530 0
4595566.8993 5437422.9018   0.0208 0.2692102 1.108972 3
4595566.9126 5437422.4380   0.0329 0.2206098 1.151098 3
4595566.9233 5437421.9786  -0.0001 0.3513374 1.094484 3
4595566.9348 5437421.5194  -0.0212 0.1969344 1.124250 3
4595566.9399 5437421.0710  -0.1256 0.2571371 1.062033 3
4595566.9586 5437420.5971  -0.0370 0.2718734 1.097017 3
4595566.9712 5437420.1352  -0.0391 0.1331792 1.101937 3
4595568.5479 5437425.1623  29.3453 0.0434527 1.343581 1
4595568.5908 5437424.2539  29.5476 0.0374720 1.079725 1
4595568.1959 5437425.1265  23.9584 0.0686522 1.593250 2
4595568.5159 5437424.0112  28.2813 0.0471769 0.951741 1
4595568.6395 5437423.3340  29.8021 0.0644931 1.038898 1
4595566.6050 5437426.0263   0.0386 0.4289259 1.054568 0
4595566.6141 5437425.5706  -0.0010 0.2849540 1.030924 0
4595568.1793 5437421.8571  22.1598 0.0444544 0.996867 1
4595567.3552 5437423.5823  10.4009 0.1138811 1.319525 3
4595566.6397 5437424.6437   0.0129 0.5814720 1.043485 0
4595568.2404 5437420.9025  22.6514 0.0281563 0.923233 1
4595566.6529 5437424.1796   0.0182 0.4946102 1.057433 3
4595568.2427 5437420.4840  22.4851 0.0527140 1.008602 1
4595566.6655 5437423.7170   0.0110 0.3993046 1.067750 3
4595566.6789 5437423.2526   0.0215 0.6280671 1.073348 0
4595566.6943 5437422.7846   0.0634 0.2921728 1.167194 0
4595566.7058 5437422.3246   0.0458 0.5792801 1.069985 0
4595566.7176 5437421.8640   0.0283 0.1986412 1.122329 3
4595566.7270 5437421.4084  -0.0229 0.4571848 1.071886 3
4595566.7369 5437420.9518  -0.0584 0.2870979 1.059863 3
4595566.7532 5437420.4826  -0.0016 0.1977114 1.031760 3
4595566.7668 5437420.0190   0.0089 0.4619216 1.063363 0
4595568.6579 5437424.6094  29.7923 0.0519439 1.150294 1
4595568.5485 5437424.0443  27.7949 0.0710108 1.101782 1
4595568.7040 5437423.2926  29.7919 0.1113075 1.176295 1
4595568.5050 5437423.3263  26.7316 0.0477163 0.970195 1
4595568.7392 5437422.4060  29.8966 0.0639570 1.084169 1
4595567.6738 5437423.8936  14.1429 0.0293576 0.839140 1
4595567.1681 5437424.9835   6.8366 0.0762676 1.220303 2
4595566.7043 5437425.9832   0.0615 0.4463851 1.067459 3
4595567.4971 5437423.8504  11.3799 0.0368761 1.178594 1
4595566.7147 5437425.5253   0.0331 0.2608427 1.058262 3
4595567.5881 5437423.2333  12.4996 0.0256693 1.006804 1
4595567.4575 5437423.5109  10.6007 0.0655044 1.069413 2
4595567.2950 5437423.8564   8.2614 0.1245558 1.388912 3
4595566.7461 5437424.5884   0.1138 0.3753249 1.158002 0
4595566.7567 5437424.1310   0.0723 0.4583354 1.062619 0
4595566.7715 5437423.6649   0.0892 0.3324111 1.092381 0
4595566.7827 5437423.2067   0.0605 0.4259710 1.071783 3
4595566.7995 5437422.7375   0.1196 0.3305188 1.047204 3
4595566.8128 5437422.2743   0.1226 0.4147878 1.203163 0
4595566.8222 5437421.8199   0.0635 0.0576928 1.238321 3
4595566.8268 5437421.3758  -0.0621 0.2487305 1.140562 0
4595566.8461 5437420.9010   0.0324 0.1249776 1.111418 3
4595566.8580 5437420.4417   0.0178 0.3555892 1.055537 3
4595568.4178 5437424.9180  29.0807 0.0592798 1.192505 1
4595568.4251 5437424.4952  28.9824 0.0652748 1.377440 1
4595568.3526 5437423.8461  27.4903 0.0570658 1.603064 1
4595568.1145 5437424.3786  24.0565 0.0587903 1.202696 2
4595568.4652 5437423.1885  28.8986 0.0590112 0.992218 1
4595568.2991 5437423.5574  26.4971 0.0635797 1.222505 2
4595568.0383 5437422.4857  21.9183 0.0302308 1.077720 1
4595566.5389 5437425.7277   0.0300 0.1853247 1.066694 3
4595568.4723 5437421.1413  28.0450 0.1200776 1.430669 1
4595567.3277 5437423.5991  11.3716 0.0407507 1.292282 3
4595568.0766 5437421.5781  22.1155 0.0447243 1.165131 1
4595566.5649 5437424.8018   0.0480 0.3056930 1.105962 3
4595566.5748 5437424.3446   0.0040 0.5721714 1.038681 0
4595568.1400 5437420.6185  22.6299 0.0558125 1.063560 1
4595566.5911 5437423.8753   0.0499 0.3329268 1.120466 3
4595566.6029 5437423.4144   0.0284 0.5663921 1.114264 0
4595566.6188 5437422.9464   0.0742 0.3204868 1.072213 0
4595566.6325 5437422.4817   0.0867 0.8046450 1.078353 0
4595566.6432 5437422.0241   0.0471 0.3205734 1.123169 3
4595566.6526 5437421.5698  -0.0115 0.3221331 1.096955 3
4595566.6631 5437421.1118  -0.0438 0.2675651 1.016065 3
4595566.6795 5437420.6437   0.0115 0.0678792 1.010782 3
4595566.6925 5437420.1810   0.0109 0.3446331 1.076690 3
4595568.1674 5437425.4365  29.2186 0.0831765 1.466837 1
4595568.2732 5437424.7876  30.5580 0.0552847 1.247641 1
4595568.2221 5437424.9049  29.8121 0.0417759 0.986753 2
4595568.2928 5437424.3389  30.6334 0.0575689 1.374182 1
4595568.1778 5437424.6012  28.9626 0.0486090 1.786290 2
4595568.3254 5437423.8611  30.8827 0.0897962 1.505182 1
4595568.3639 5437423.3706  31.2232 0.0723253 1.571130 1
4595568.0704 5437424.0313  26.9716 0.0390673 1.197521 2
4595568.4022 5437422.8824  31.5762 0.0636801 2.051441 1
4595568.0489 5437423.6723  26.4412 0.1246532 1.656306 2
4595567.7919 5437423.8341  22.4938 0.1216427 1.141074 1
4595568.3277 5437422.2397  30.1086 0.0896405 1.810174 1
4595567.6217 5437423.7971  19.8049 0.1147440 1.488317 3
4595568.3470 5437421.7936  30.2160 0.0760889 1.117230 1
4595567.2877 5437423.6943  14.5280 0.1503817 1.167400 0
4595568.1933 5437421.3158  27.5964 0.0448836 1.054270 1
4595566.3138 5437425.3781   0.0379 0.1031067 1.061902 3
4595567.9203 5437421.4945  23.4228 0.0450342 1.080891 1
4595566.3306 5437424.9068   0.1015 0.2055289 1.067218 3
4595567.9203 5437421.0834  23.2255 0.0802773 1.081494 1
4595566.3389 5437424.4544   0.0396 0.3063976 1.078331 3
4595567.9013 5437420.7117  22.7516 0.0529990 1.294949 1
4595566.3506 5437423.9941   0.0208 0.2830555 1.083189 3
4595566.3653 5437423.5270   0.0445 0.3183474 1.124478 0
4595566.3782 5437423.0653   0.0435 0.3616428 1.119514 3
4595566.3985 5437422.5867   0.1533 0.2437123 1.121261 0
4595566.4122 5437422.1230   0.1593 0.5067625 1.252533 0
4595566.4193 5437421.6729   0.0665 0.3402704 1.132416 3
4595566.4251 5437421.2254  -0.0379 0.3318562 1.042275 3
4595566.4460 5437420.7480   0.0889 0.1729590 1.133423 0
4595566.4542 5437420.2950   0.0220 0.2984240 1.057484 3
4595568.3243 5437424.5630  30.6983 0.0453871 1.049542 1
4595568.1964 5437424.8601  28.8049 0.0587358 1.127125 2
4595568.3679 5437424.0599  31.1127 0.0691300 1.303873 1
4595568.3994 5437423.5857  31.3440 0.0866718 2.042329 1
4595568.0583 5437423.9610  26.1097 0.0701371 1.203074 1
4595568.3867 5437422.4081  30.5318 0.0903992 1.473296 1
4595568.4147 5437421.9435  30.7672 0.0497425 0.948243 1
4595568.3737 5437422.0352  30.1569 0.0436665 1.332326 2
4595567.5177 5437423.9467  17.4649 0.0980996 1.254414 3
4595567.9019 5437422.6783  22.9661 0.0280596 0.881527 1
4595567.5548 5437423.4483  17.8011 0.0876595 1.284066 2
4595567.3640 5437423.8717  14.9797 0.0220567 0.784813 2
4595567.3260 5437423.9559  14.4188 0.0423889 0.999854 3
4595568.2345 5437421.5345  27.7202 0.0366715 1.060591 1
4595567.2267 5437423.7548  12.7380 0.1092302 1.237067 3
4595567.9630 5437421.7227  23.4932 0.0477998 1.205137 1
4595567.8750 5437421.9154  22.1831 0.0356534 1.272044 2
4595566.3971 5437425.1490   0.1748 0.0967924 1.133331 3
4595567.9614 5437421.3162  23.2729 0.0413499 1.031408 1
4595566.4006 5437424.7077   0.0371 0.4105072 1.081812 3
4595567.9476 5437420.9356  22.8632 0.0598573 1.341835 1
4595566.4153 5437424.2420   0.0620 0.5521527 1.080842 3
4595568.0144 5437420.3815  23.6402 0.0336449 1.184557 1
4595566.4299 5437423.7770   0.0799 0.3607922 1.118621 3
4595566.4414 5437423.3184   0.0544 0.4850322 1.103002 0
4595566.4607 5437422.8434   0.1480 0.2938193 1.082219 3
4595566.4738 5437422.3820   0.1462 0.7646867 1.059953 0
4595566.4812 5437421.9324   0.0530 0.2444031 1.074059 3
4595566.4904 5437421.4790  -0.0118 0.4285381 1.056442 3
4595566.5101 5437421.0048   0.0942 0.1659392 1.169562 3
4595566.5206 5437420.5482   0.0605 0.2253331 1.067193 3
4595566.5311 5437420.0926   0.0179 0.5354996 1.047870 0
4595568.1716 5437425.1363  29.2096 0.0604412 1.813746 1
4595568.1616 5437424.7567  28.8477 0.0539287 1.050230 1
4595568.3344 5437423.9483  31.1992 0.0597429 1.283523 1
4595568.2054 5437423.4421  28.8280 0.0562279 1.254853 1
4595568.3504 5437422.3029  30.5878 0.0631582 1.291393 1
4595568.3023 5437422.4120  29.8653 0.0246433 0.899481 2
4595568.3689 5437421.8583  30.6833 0.1114652 1.305203 0
4595567.3310 5437423.7835  14.8863 0.1178164 1.224411 0
4595568.1988 5437421.4318  27.7452 0.0271896 0.940199 1
4595567.2026 5437423.6508  12.7516 0.0984364 1.367222 3
4595566.3821 5437425.0458   0.1758 0.1788382 1.106348 0
4595567.9271 5437421.2171  23.2639 0.0354047 1.229719 1
4595566.3877 5437424.5991   0.0672 0.4383532 1.089027 3
4595567.9124 5437420.8393  22.8384 0.0640764 1.381881 1
4595566.3994 5437424.1402   0.0466 0.3346417 1.078552 3
4595567.9773 5437420.2874  23.5941 0.0477391 1.169127 1
4595566.4142 5437423.6737   0.0676 0.3067609 1.084971 3
4595566.4281 5437423.2097   0.0779 0.4900694 1.058051 0
4595566.4425 5437422.7455   0.0982 0.3992240 1.093169 3
4595566.4572 5437422.2801   0.1198 0.3791446 1.082574 0
4595566.4744 5437421.3748  -0.0290 0.4252273 1.035340 3
4595566.4919 5437420.9048   0.0449 0.1922749 1.139083 0
4595566.5034 5437420.4466   0.0267 0.3803212 1.082263 3
4595567.8703 5437425.3331  29.0071 0.0476587 1.120246 1
4595567.9122 5437424.4254  29.2157 0.0253520 0.925987 1
4595567.7798 5437424.7364  27.2258 0.0709148 1.154449 2
4595568.0309 5437423.7442  30.7694 0.0771957 1.078545 1
4595568.0019 5437423.4093  30.1212 0.1301800 2.186379 0
4595568.1064 5437422.7651  31.4933 0.0198054 0.914872 1
4595568.0094 5437422.5843  29.8383 0.0429303 1.185866 1
