    X-Koord.     Y-Koord. Z-Koord.      Int.   Pulsb. W
4595556.7775 5437434.4884  -0.0131 0.6198526 1.079546 0
4595556.0007 5437434.7698  -0.0255 0.5598055 1.094586 0
4595556.0337 5437434.2977   0.0377 0.7671222 1.082669 0
4595556.0670 5437433.8261   0.0993 0.5660285 1.098182 0
4595556.0968 5437433.3356   0.0811 0.4710835 1.109413 0
4595556.1281 5437432.8534   0.0690 0.5705956 1.078932 0
4595556.1605 5437432.3772   0.0846 0.6761975 1.050947 0
4595556.1913 5437431.8915   0.0847 0.7519719 1.042715 0
4595555.1182 5437435.2174   0.0508 0.5715314 1.070114 0
4595555.1481 5437434.7274   0.0514 0.6972885 1.064120 0
4595555.1792 5437434.2439   0.0750 0.8060027 1.067266 0
4595555.2079 5437433.7484   0.0542 0.6402913 1.064669 0
4595555.2379 5437433.2581   0.0392 0.8479110 1.052899 0
4595555.2719 5437432.7891   0.0830 0.6130877 1.086406 0
4595555.3074 5437432.3301   0.1586 0.4258701 1.073189 0
4595555.4442 5437432.4484   2.2329 0.3127625 1.159137 0
4595555.5317 5437432.2909   3.3436 0.2203481 1.201738 1
4595554.1618 5437434.6601   0.0091 0.6513274 1.134955 0
4595554.1902 5437434.1606  -0.0230 0.6828388 1.052546 0
4595554.2195 5437433.6653  -0.0405 0.8231445 1.053709 0
4595554.2528 5437433.1918   0.0225 0.7448621 1.073827 0
4595554.2844 5437432.7089   0.0527 0.6944541 1.078125 0
4595554.3150 5437432.2197   0.0329 0.5880341 1.030584 0
4595555.6711 5437434.7108  21.4032 0.0396179 1.089677 1
4595555.2327 5437432.1814  12.9190 0.2441314 1.239050 3
4595555.5524 5437433.3856  18.5638 0.0348403 0.994144 1
4595555.4321 5437432.0423  15.5978 0.0618772 1.053681 1
4595555.9101 5437432.9215  23.1657 0.0397728 1.105702 1
4595556.2635 5437433.7506  28.9252 0.0598455 1.053553 1
4595556.3182 5437432.8118  28.8204 0.0447252 1.301839 2
4595556.4073 5437432.7168  29.9869 0.0589237 1.082001 1
4595556.4879 5437432.5725  30.9884 0.0959431 1.489911 1
4595556.4195 5437432.1551  29.6420 0.0385498 1.091671 2
4595553.4128 5437434.4787   0.0071 0.2112907 1.067280 3
4595553.4414 5437433.9786  -0.0264 0.7232817 1.062511 0
4595553.4712 5437433.4851  -0.0360 0.8189642 1.067132 0
4595553.5028 5437433.0013   0.0197 0.7203565 1.033748 0
4595553.5635 5437432.0178   0.0325 0.7488428 1.033514 0
4595554.8216 5437433.2241  18.6564 0.0418506 0.983482 1
4595554.9760 5437433.4717  21.0377 0.2226648 1.070747 1
4595554.8655 5437432.1934  18.3234 0.2382703 1.072720 0
4595554.9782 5437432.2043  19.9019 0.3123646 1.117589 0
4595555.0715 5437432.1072  21.1110 0.2294212 1.154259 1
4595555.5016 5437433.9915  28.8405 0.0334304 1.058458 1
4595555.5282 5437432.8837  28.1989 0.0448915 1.292464 1
4595555.5095 5437432.1373  27.2405 0.0670175 1.291212 1
4595555.8045 5437433.2674  32.4199 0.0475715 1.226842 1
4595555.6811 5437432.5279  29.9938 0.0631665 2.377950 2
4595555.7478 5437432.2953  30.7127 0.0484511 1.071473 1
4595555.8311 5437432.1646  31.7570 0.0499784 1.443765 1
4595552.6675 5437434.0113   0.0468 0.5862371 1.054170 0
4595552.7008 5437433.5355   0.1160 0.6521833 1.056608 0
4595552.7251 5437433.0111   0.0439 0.5853422 1.059812 0
4595552.7563 5437432.5249   0.0999 0.8417824 1.024323 0
4595554.1094 5437433.5120  19.6432 0.0432687 0.925815 1
4595554.0803 5437433.3478  19.1023 0.0308437 0.968495 2
4595554.3144 5437432.1271  21.2640 0.0531925 1.386778 1
4595554.7957 5437434.2732  29.7990 0.0232443 0.877208 1
4595554.7212 5437433.8416  28.3983 0.0358990 1.312829 2
4595554.5116 5437431.9909  23.8448 0.1503369 1.043052 1
4595554.9392 5437433.8536  31.4225 0.0598739 1.110774 1
4595554.7604 5437432.8080  28.0314 0.0605255 1.037640 2
4595554.6363 5437432.0822  25.6504 0.0416368 1.119717 3
4595554.9355 5437433.2028  30.7987 0.0387026 1.014791 1
4595554.7371 5437432.0368  26.9946 0.0657631 0.982084 2
4595555.0516 5437433.2566  32.4498 0.0653273 1.158902 1
4595555.1576 5437433.2561  33.9125 0.0616698 1.118954 1
4595555.0771 5437432.7784  32.3643 0.0542952 2.080043 3
4595555.1198 5437432.4021  32.6050 0.0621054 1.881659 1
4595553.6325 5437434.4520  27.9487 0.0689856 1.000186 1
4595553.7167 5437433.6747  28.4343 0.0463771 1.101079 1
4595553.4264 5437432.0334  23.1523 0.0773864 1.203797 3
4595553.8586 5437433.8525  30.5161 0.0655763 1.633554 1
4595553.8415 5437433.1299  29.6867 0.0630468 1.467879 1
4595554.0131 5437433.4878  32.3111 0.0560022 0.979041 1
4595554.0725 5437433.2055  32.8876 0.0442669 1.209744 1
4595554.0155 5437432.8764  31.8425 0.0774834 1.365957 3
4595554.0690 5437432.5588  32.3080 0.1035160 1.363379 1
4595554.1555 5437432.4351  33.3708 0.0812108 1.452031 1
4595554.0471 5437431.8045  31.3297 0.0465602 2.045244 3
4595552.4502 5437433.0288  24.4479 0.0580602 1.090399 2
4595552.6368 5437433.4285  27.2368 0.0704208 1.393625 1
4595552.4596 5437432.4525  24.1453 0.0411061 1.056360 2
4595552.7009 5437432.5330  27.4271 0.0320168 0.896618 1
4595552.6531 5437432.2671  26.5801 0.0435807 1.253217 2
4595553.0139 5437433.0350  31.9872 0.0275546 0.919522 1
4595553.0158 5437432.4230  31.5461 0.0422710 1.009636 1
4595552.3246 5437432.7046  27.1835 0.0415106 1.117118 2
4595552.3622 5437432.5475  25.2083 0.0358467 1.082339 2
4595552.5699 5437432.2715   0.1104 0.8139866 1.037263 0
4595552.5024 5437432.6997   0.1100 0.6248410 1.050143 3
4595552.4327 5437433.1376   0.2180 0.1344327 1.192396 3
4595552.3670 5437433.5584   0.1052 0.4989038 1.083628 3
4595552.8667 5437432.2490  26.8769 0.0410965 1.089981 1
4595552.6916 5437433.1046  32.5759 0.0438363 1.226848 1
4595552.7899 5437432.7054  27.5682 0.0630470 1.913626 2
4595552.5983 5437433.7691  30.9490 0.0336174 0.943607 1
4595553.0563 5437432.2407   0.1650 0.6351744 1.087020 0
4595552.9902 5437432.6631   0.1030 0.5496625 1.045615 3
4595552.9222 5437433.0937   0.1149 0.4845566 1.064978 0
4595552.8547 5437433.5220   0.1042 0.6452631 1.048729 0
4595552.7877 5437433.9482   0.0957 0.3584935 1.038636 3
4595553.3426 5437431.9629  25.3763 0.0389549 1.244156 1
4595553.1511 5437432.8760  31.7867 0.0452325 1.281365 1
4595553.0873 5437433.2771  31.8476 0.0291901 1.017923 1
4595553.0446 5437433.5948  30.8478 0.0511087 1.432747 1
4595553.2107 5437433.0918  19.1596 0.0377118 0.999247 1
4595553.5146 5437432.0582   0.1363 0.6278935 1.035752 0
4595553.4482 5437432.4820   0.1012 0.6244404 1.052580 0
4595553.3806 5437432.9102   0.0982 0.7222809 1.038428 0
4595553.3143 5437433.3338   0.0297 0.6618243 1.053568 0
4595553.2471 5437433.7603   0.0164 0.4453165 1.067918 3
4595553.1796 5437434.1878   0.0349 0.3454986 1.055334 3
4595553.4359 5437432.7066  32.9629 0.0676907 1.059382 1
4595553.2964 5437433.5561  33.7151 0.0508139 1.042643 1
4595553.3391 5437433.5361  28.3889 0.0358876 1.189812 1
4595553.8268 5437431.7714   0.0635 0.5986250 1.055457 0
4595553.7601 5437432.1965   0.0710 0.4654211 1.067114 3
4595553.6931 5437432.6228   0.0802 0.5272426 1.048858 0
4595553.2609 5437434.4621  19.3200 0.0331909 1.020498 1
4595553.6261 5437433.0491   0.0576 0.5342408 1.073410 3
4595553.5598 5437433.4731   0.0001 0.4095879 1.046926 3
4595553.4251 5437434.3280   0.0355 0.2395799 1.075709 3
4595553.3575 5437434.7572   0.0564 0.2735011 1.022370 3
4595553.9361 5437432.1393  32.8524 0.0371049 1.082404 1
4595554.0182 5437431.8136  28.8493 0.0476443 1.066728 3
4595553.9269 5437432.3249  30.3028 0.0254071 0.844557 0
4595553.8225 5437432.8869  32.3887 0.0514438 1.235486 1
4595553.8420 5437432.8101  31.4296 0.0417977 1.271052 2
4595553.6981 5437433.6768  32.4148 0.0260647 0.974743 1
4595553.7778 5437433.3671  28.4406 0.0229682 0.976852 2
4595553.6723 5437433.9315  30.6049 0.0721518 1.781117 1
4595553.6612 5437434.1307  28.0210 0.0688244 1.206863 1
4595554.2111 5437432.0149   0.0729 0.4780083 1.044568 3
4595553.5993 5437434.5265  27.9957 0.0652674 1.062587 1
4595553.7103 5437434.1016  22.3089 0.0305291 1.032462 2
4595554.0783 5437432.8633   0.0609 0.6106438 1.070594 0
4595554.0113 5437433.2903   0.0587 0.4446124 1.065380 3
4595553.9447 5437433.7154   0.0259 0.2832057 1.072578 3
4595553.8778 5437434.1418   0.0254 0.2837570 1.055784 3
4595553.8111 5437434.5675   0.0152 0.3598058 1.064447 3
4595554.4094 5437432.5485  33.5781 0.0461846 1.061439 1
4595554.5785 5437431.9030  25.5436 0.0686676 1.407556 3
4595554.3881 5437432.7875  31.6712 0.0411663 0.929170 1
4595554.4796 5437432.4398  27.3173 0.0371348 1.285062 3
4595554.3117 5437433.2357  32.3618 0.0287094 0.975654 1
4595554.3423 5437433.1201  30.8990 0.0447792 1.368377 2
4595554.4112 5437432.8600  27.6074 0.0605171 1.164688 2
4595554.2691 5437433.5570  31.4377 0.0706862 1.199595 1
4595554.3436 5437433.2770  27.8498 0.0494782 1.116042 2
4595554.2461 5437433.8056  29.5494 0.0480679 1.059633 1
4595554.2120 5437434.0965  28.1779 0.0642222 1.585672 1
4595554.7833 5437431.9729   0.1380 0.3760793 1.046763 3
4595554.0949 5437434.6960  30.8652 0.0278392 0.998793 1
4595554.1443 5437434.5134  28.4302 0.0994686 1.344117 2
4595554.7172 5437432.3961   0.1359 0.1546424 1.030877 3
4595554.0759 5437434.9325  28.7256 0.0421032 0.969107 1
4595554.2077 5437434.4482  22.1766 0.0320538 0.954633 2
4595554.6509 5437432.8196   0.1249 0.4000984 1.047619 3
4595554.1128 5437434.9665  23.7562 0.0376322 1.039998 1
4595554.5853 5437433.2402   0.0692 0.3660953 1.044337 3
4595554.5192 5437433.6632   0.0310 0.3688884 1.034161 3
4595554.3850 5437434.5166   0.0347 0.4581540 1.064005 3
4595554.3172 5437434.9458   0.0776 0.4026897 1.066625 3
4595554.8225 5437432.2510  34.0436 0.0300496 0.970998 1
4595554.8548 5437432.1285  32.5372 0.0505660 1.648677 3
4595554.7596 5437432.6481  34.1415 0.0497760 1.315757 1
4595554.8092 5437432.4610  31.8196 0.0433754 1.022421 2
4595554.8851 5437432.1748  28.2552 0.0324908 1.239825 2
4595554.8285 5437432.5502  28.0186 0.0058969 0.565042 0
4595554.7040 5437433.1793  30.9800 0.0319615 1.173545 1
4595554.7608 5437432.9673  28.2871 0.0520717 1.613251 2
4595555.0197 5437432.0016  15.9800 0.0968265 1.708744 3
4595554.6286 5437433.6236  31.6378 0.0685161 1.547441 1
4595554.7072 5437433.3316  27.8863 0.0762947 2.256660 2
4595555.0804 5437431.9473  10.0267 0.0632185 1.493370 3
4595554.7832 5437433.2187  21.2346 0.0934401 0.979089 0
4595555.1538 5437432.0303   0.1545 0.3185624 1.061624 0
4595554.4997 5437434.5984  28.8753 0.0677292 1.013243 1
4595555.0885 5437432.4506   0.1145 0.3400739 1.100777 3
4595554.5709 5437434.5106  22.3231 0.0350736 1.033413 1
4595555.0225 5437432.8730   0.1050 0.5103444 1.062724 3
4595554.9564 5437433.2957   0.0837 0.5636982 1.042485 0
4595554.8893 5437433.7229   0.0993 0.3973395 1.068998 0
4595554.8222 5437434.1496   0.1096 0.3127219 1.074646 3
4595554.7557 5437434.5741   0.0875 0.2270126 1.019203 3
4595554.6883 5437435.0017   0.1111 0.2958119 1.068198 3
4595555.2100 5437432.2256  32.9023 0.0424976 1.448838 1
4595555.1354 5437432.6657  33.5295 0.1141312 1.105669 1
4595555.0970 5437432.9717  32.4767 0.0508211 1.270902 1
4595555.0944 5437433.1467  29.7264 0.0328513 1.080133 1
4595555.0634 5437433.4279  28.2818 0.0433935 1.372213 1
4595554.9435 5437434.0347  31.0086 0.0423969 1.140339 1
4595555.0036 5437433.8157  28.1571 0.0396232 1.123987 2
4595555.1361 5437433.5073  18.8448 0.0254437 0.912284 1
4595555.4836 5437432.2493   2.1392 0.1526105 1.605975 3
4595555.4596 5437432.5195   0.1108 0.5265603 1.068238 0
4595555.3940 5437432.9408   0.0806 0.6348217 1.076233 0
4595555.3275 5437433.3651   0.0941 0.7678352 1.065313 0
4595555.2612 5437433.7887   0.0704 0.4581521 1.080549 3
