    X-Koord.     Y-Koord. Z-Koord.      Int.   Pulsb. W
4595539.9850 5437434.5647  -0.0153 0.0539904 1.085566 3
4595539.1155 5437434.2080   0.0897 0.1215505 1.105079 3
4595539.1795 5437433.2197   0.0990 0.1090976 1.023224 3
4595539.2092 5437432.7155   0.0526 0.0813425 1.017152 3
4595539.2461 5437432.2417   0.1234 0.1986107 1.023026 3
4595539.3104 5437431.2510   0.1371 0.0438583 1.081530 3
4595538.1138 5437433.7241   0.1337 0.0911172 1.168014 3
4595539.4885 5437433.3748  25.3130 0.0654390 1.251232 2
4595539.2761 5437432.4763  22.3520 0.0874810 1.596394 3
4595539.7486 5437433.8797  28.4811 0.2294344 1.105711 0
4595539.8231 5437433.6015  29.0931 0.0425192 1.545485 2
4595539.7898 5437432.8620  28.1953 0.1016463 0.973082 3
4595539.8139 5437432.3667  28.0997 0.0476725 1.213527 3
4595539.8699 5437432.0097  28.4633 0.1013053 1.082021 0
4595538.5841 5437434.2236  25.1448 0.0236779 0.783598 2
4595539.0069 5437434.2009  29.6696 0.0800059 1.252861 1
4595538.8681 5437433.0208  27.3532 0.1240844 1.060413 1
4595539.2141 5437433.2953  31.2695 0.1409302 1.036522 0
4595539.4113 5437433.5447  33.5653 0.2073067 1.147770 0
4595539.2823 5437432.3982  31.3553 0.1608404 1.063082 0
4595539.5033 5437432.7551  33.9840 0.0936726 0.953479 1
4595539.3678 5437432.1708  32.1210 0.0462245 1.129929 3
4595539.3694 5437431.5819  31.7404 0.0956173 1.014199 0
4595538.0957 5437432.8228   0.1322 0.5214846 1.056574 0
4595538.1812 5437432.7489   0.1745 0.0971766 1.096493 3
4595538.1122 5437433.1781   0.1819 0.0388084 1.110000 3
4595538.1544 5437432.8020   0.1356 0.2341302 1.070228 3
4595538.0855 5437433.2301   0.1337 0.0339222 1.009003 3
4595538.2885 5437432.7536   0.1133 0.1734169 1.057373 3
4595538.0268 5437433.0719  31.5933 0.0427922 1.038179 1
4595538.4857 5437432.4392   0.0967 0.1659701 1.111034 3
4595538.4157 5437432.8719   0.1495 0.2242429 1.065134 3
4595538.3474 5437433.2992   0.1344 0.1282522 1.073084 3
4595538.2774 5437433.7312   0.1795 0.1426782 1.024423 3
4595538.0847 5437433.0150  31.5654 0.0795431 1.071873 1
4595538.5256 5437432.3779   0.0959 0.1467082 1.095043 3
4595538.4561 5437432.8085   0.1298 0.2648234 1.070272 3
4595538.3868 5437433.2380   0.1506 0.1227144 1.110516 3
4595538.1781 5437433.1101  31.5807 0.0617677 1.087568 1
4595538.6739 5437432.0513   0.1367 0.4916217 1.039324 0
4595538.6056 5437432.4774   0.0980 0.3195999 1.026036 3
4595538.5361 5437432.9085   0.1267 0.2070809 1.115333 3
4595538.3859 5437433.1834  31.5428 0.0949099 1.099962 1
4595538.9461 5437431.6997   0.1087 0.6892254 1.055369 0
4595538.8766 5437432.1303   0.1191 0.1544097 1.028678 3
4595538.8074 5437432.5598   0.1200 0.2933752 1.040188 3
4595538.7387 5437432.9878   0.1168 0.1365435 1.086607 3
4595538.6006 5437433.8455   0.1260 0.0641304 1.058805 3
4595538.4978 5437433.1009  31.5198 0.1778573 1.131649 1
4595539.0443 5437431.6108   0.1451 0.6787615 1.041974 0
4595538.4363 5437433.8514  25.3959 0.0397628 1.229570 1
4595538.9751 5437432.0396   0.1313 0.5261299 1.064739 3
4595538.9062 5437432.4675   0.0970 0.0664231 1.057495 3
4595538.8368 5437432.8971   0.1135 0.1350889 1.034849 3
4595538.6978 5437433.7564   0.1423 0.0831012 1.038450 3
4595538.5211 5437433.2467  31.6337 0.1503883 1.202943 0
4595538.4160 5437434.1371  27.4064 0.0617383 1.144174 2
4595538.9815 5437432.1870   0.1073 0.2209830 1.047506 3
4595538.9118 5437432.6173   0.1188 0.0358353 0.987501 3
4595538.8429 5437433.0450   0.1208 0.1433078 1.074206 3
4595538.7748 5437433.4702   0.0633 0.0349563 1.044566 3
4595538.9781 5437431.5000  32.1837 0.0293470 0.896963 1
4595539.0746 5437431.4842  21.7129 0.0303858 1.099273 1
4595539.0123 5437431.8787  21.5480 0.0373178 0.978104 1
4595538.7381 5437433.0289  31.4332 0.2154618 1.085586 0
4595538.8122 5437433.1113  21.6969 0.0977296 1.070436 1
4595539.2595 5437431.5364   0.1535 0.0752962 1.084644 3
4595538.6668 5437433.7970  25.5791 0.1180768 1.260980 1
4595539.1892 5437431.9688   0.1951 0.2438756 1.062746 3
4595538.6371 5437434.0775  23.8358 0.0634510 1.221636 2
4595539.1206 5437432.3960   0.1476 0.1985748 1.078408 3
4595538.9828 5437433.2520   0.1323 0.1174616 1.058370 3
4595538.9137 5437433.6805   0.1255 0.0629003 0.997472 3
4595539.0257 5437432.3531  27.5648 0.0562031 1.012055 1
4595539.1496 5437431.9025  21.6622 0.0847673 1.097840 2
4595538.8814 5437433.0412  31.4074 0.1929130 1.099893 0
4595539.4574 5437431.1352   0.3453 0.4379119 1.052951 0
4595538.7844 5437433.7231  29.8767 0.0193200 0.874678 1
4595538.8108 5437433.6284  28.5840 0.0599522 1.049706 3
4595538.8069 5437433.8121  25.5803 0.1649005 1.130040 1
4595539.3223 5437431.9797   0.1529 0.0281099 0.903093 3
4595538.7324 5437434.2478  26.0297 0.0314365 1.200720 2
4595538.7751 5437434.0972  23.9138 0.0500486 1.348463 3
4595539.1854 5437432.8311   0.0515 0.0657551 1.082037 3
4595539.1147 5437433.2646   0.1267 0.0333468 0.999838 3
4595539.0457 5437433.6921   0.1064 0.0771938 0.979499 3
4595539.1298 5437431.4779  32.2589 0.0950366 1.059061 1
4595539.2171 5437431.4548  21.7155 0.0935199 1.002394 1
4595538.8901 5437433.0000  31.4165 0.1488818 1.052809 1
4595538.9708 5437432.6978  27.3957 0.0287207 1.077588 3
4595539.4461 5437431.0865   0.3237 0.4463008 1.065408 0
4595538.7901 5437433.6887  29.9790 0.0344240 1.001869 1
4595539.3799 5437431.5039   0.1699 0.2389100 1.052207 3
4595538.8098 5437433.7770  25.6917 0.1314214 1.547509 1
4595539.3098 5437431.9348   0.1901 0.0516171 1.236568 3
4595538.7137 5437434.2932  27.2568 0.0889302 1.103097 1
4595538.7387 5437434.2016  25.9734 0.0534668 1.189068 2
4595538.7777 5437434.0590  23.9755 0.0538142 1.022798 2
4595539.2400 5437432.3656   0.1902 0.0496763 1.070862 3
4595539.1717 5437432.7906   0.1348 0.0775651 1.081380 3
4595539.1741 5437431.7606  32.1986 0.1248896 1.068969 1
4595539.1386 5437432.1970  27.5322 0.1022213 1.046391 1
4595539.2522 5437431.7584  21.8268 0.0433965 1.730494 2
4595538.9989 5437432.8860  31.3370 0.1773339 1.034472 0
4595539.1116 5437432.6077  22.2808 0.0447063 0.947644 1
4595539.1258 5437432.5536  21.5548 0.0501288 1.233236 2
4595539.5435 5437430.9578   0.1813 0.1361673 1.079069 3
4595538.9261 5437433.4698  28.4999 0.1015074 1.416875 1
4595539.0599 5437432.9612  21.5763 0.0348070 1.329003 3
4595538.9198 5437433.6496  25.4598 0.1411850 1.107810 1
4595538.9535 5437433.5225  23.7123 0.0375850 1.129958 2
4595539.4062 5437431.8114   0.1386 0.0339697 0.999193 3
4595538.8214 5437434.1785  27.1901 0.0244692 0.932338 1
4595538.8446 5437434.0911  25.9721 0.0456663 1.044548 2
4595538.8819 5437433.9510  24.0182 0.0655731 1.220787 3
4595539.4266 5437431.4209  34.0337 0.0488995 1.083519 1
4595539.3501 5437431.8659  34.6645 0.1541275 1.112132 0
4595539.3393 5437432.0530  32.0126 0.1343257 1.097389 0
4595539.3668 5437432.0929  27.3834 0.0388365 1.092834 1
4595539.1716 5437432.9992  34.0392 0.0899485 1.115473 1
4595539.2278 5437432.7814  31.1683 0.0208706 0.901299 2
4595539.2882 5437432.5471  28.0800 0.0335301 0.947400 3
4595539.2204 5437432.9601  28.2479 0.1300474 1.201233 0
4595539.2159 5437433.1296  25.1310 0.0485154 1.007577 1
4595539.2405 5437433.0352  23.8525 0.0866700 1.802845 2
4595539.6970 5437431.2843   0.1646 0.0742801 1.047506 3
4595539.0931 5437433.7532  28.1560 0.1580528 1.285818 1
4595539.1424 5437433.5650  25.5782 0.0305878 1.053679 3
4595539.0741 5437433.9803  25.7406 0.0360038 1.186779 1
4595539.5578 5437432.1446   0.1976 0.3747888 1.079915 3
4595539.0311 5437434.2999  24.5582 0.0497565 1.068283 1
4595539.4881 5437432.5751   0.2123 0.3282931 1.117753 3
4595539.3512 5437433.4266   0.1453 0.0391253 0.948183 3
4595539.5054 5437431.4758  34.1458 0.1779250 1.096157 0
4595539.4311 5437431.9127  34.6727 0.0978068 1.012290 1
4595539.4789 5437431.7200  32.2412 0.1351069 1.164028 3
4595539.4298 5437432.0563  31.4619 0.1303839 1.127454 1
4595539.4429 5437432.1450  27.4545 0.0458850 1.169474 1
4595539.5439 5437431.7424  22.2345 0.0869892 1.123202 2
4595539.2637 5437432.9999  33.4312 0.0835684 1.046162 1
4595539.3057 5437432.8334  31.2349 0.0476525 1.056976 3
4595539.2973 5437433.0100  28.2949 0.1634056 1.142465 0
4595539.7621 5437431.3285   0.1213 0.0454307 1.081512 3
4595539.1443 5437433.9024  29.5613 0.0374047 1.064376 1
4595539.1687 5437433.8072  28.2562 0.1102126 1.199860 2
4595539.2180 5437433.6141  25.6095 0.0242800 1.042514 3
4595539.1479 5437434.0363  25.8693 0.0399797 1.224772 1
4595539.1817 5437433.9049  24.0432 0.0316374 1.112249 2
4595539.6232 5437432.1873   0.1191 0.0838140 1.017320 3
4595539.1659 5437434.1171  21.3303 0.0263823 0.986821 2
4595539.5535 5437432.6172   0.1378 0.1208151 1.130164 3
4595539.4848 5437433.0440   0.1042 0.0322017 1.039786 3
4595539.4155 5437433.4722   0.1111 0.0800762 1.082365 3
4595539.4579 5437432.2217  27.5711 0.1151334 1.380008 1
4595539.5559 5437431.8183  22.3330 0.0711984 1.121170 2
4595539.3264 5437432.8963  31.1860 0.0787290 1.104969 3
4595539.3167 5437433.0719  28.2149 0.1101442 1.495482 1
4595539.2219 5437433.5950  29.8945 0.2046189 1.152558 0
4595539.2342 5437433.6842  25.6370 0.0380593 1.043618 3
4595539.2980 5437433.5691  18.4140 0.0785775 0.955897 1
4595539.6237 5437432.2589   0.1260 0.2463854 1.027836 3
4595539.1228 5437434.4159  24.5562 0.0534613 1.138024 2
4595539.1811 5437434.1826  21.2620 0.0254120 0.955158 2
4595539.5540 5437432.6904   0.1463 0.0560330 1.020313 3
4595539.4168 5437433.5437   0.0886 0.1334662 1.039969 3
4595539.3474 5437433.9736   0.0869 0.2099267 0.990067 3
4595539.2782 5437434.4025   0.0703 0.0633669 1.063207 3
4595539.7643 5437431.4727  33.9895 0.0809519 1.151079 1
4595539.6917 5437431.9045  34.4489 0.1489477 1.093798 1
4595539.6335 5437432.2762  34.1571 0.1333089 1.308803 1
4595539.6838 5437432.0667  31.4783 0.0665744 1.082823 3
4595539.6277 5437432.4307  31.0409 0.1368059 1.225384 0
4595539.5198 5437433.0087  33.4289 0.0591590 1.066512 1
4595539.5631 5437432.8298  31.0707 0.1058075 1.062432 3
4595539.6321 5437432.6799  23.7811 0.0507561 0.995368 1
4595539.6571 5437432.5771  22.4070 0.0608982 1.266783 3
4595539.4596 5437433.5233  29.7208 0.1295199 1.230932 1
4595539.4780 5437433.4478  28.6998 0.0541885 1.450987 3
4595539.4216 5437433.8146  28.2422 0.0725902 1.049217 1
4595539.4687 5437433.6228  25.6176 0.0680145 1.074928 3
4595539.4033 5437434.0272  25.6307 0.0608827 1.097094 1
4595539.4772 5437433.7281  21.4779 0.0542882 1.101505 3
4595539.3354 5437434.4418  25.7867 0.1101412 1.315068 1
4595539.3601 5437434.3422  24.3847 0.0433459 1.551840 2
4595539.4149 5437434.1214  21.2745 0.0608681 1.158073 2
4595539.7859 5437432.6258   0.1650 0.0382289 1.127956 3
4595539.9002 5437431.5978  33.9580 0.0579110 1.011241 1
4595539.9321 5437431.4620  32.2557 0.0863728 1.098639 3
4595539.8295 5437432.0216  34.3225 0.0796040 1.087972 1
4595539.8701 5437431.8491  32.1388 0.0775348 1.045548 3
4595539.8211 5437432.1812  31.3154 0.1759274 1.220685 0
4595539.8162 5437432.3285  28.0607 0.1338322 1.222089 0
4595539.6535 5437433.1394  33.4849 0.1589452 1.099425 0
4595539.6575 5437433.2509  29.7057 0.1128290 1.201127 0
4595539.6189 5437433.5422  28.2471 0.1755420 1.135510 1
4595539.6667 5437433.3435  25.5472 0.0313518 0.871869 3
4595539.6283 5437433.6358  24.0284 0.0280657 1.105621 2
4595539.7298 5437433.2159  18.2454 0.0311141 1.097605 3
4595539.6057 5437433.8636  21.5607 0.0646453 1.393634 1
4595539.6773 5437433.5690  17.4529 0.0350006 1.204126 3
4595539.8405 5437433.1837   0.1019 0.0775783 0.981915 3
4595539.7711 5437433.6128   0.1024 0.0559103 1.027294 3
4595539.8389 5437431.7362  34.4203 0.0589694 1.085697 1
4595539.8288 5437432.0072  27.7440 0.0517312 1.180971 0
4595539.6651 5437432.8430  33.4199 0.0207947 0.790109 1
4595539.7576 5437432.4362  28.1002 0.0805831 1.231096 3
4595539.6029 5437433.2312  33.3403 0.0615625 1.186662 1
4595539.6955 5437432.8256  27.9622 0.0457961 1.042946 3
4595539.5992 5437433.3637  29.8302 0.1768698 1.087034 0
4595539.5696 5437433.6115  27.7712 0.0883308 1.734991 1
4595539.6064 5437433.4515  25.5949 0.0433434 1.009711 3
4595539.9660 5437432.0170   0.2270 0.1160883 1.145872 3
4595539.4732 5437434.2704  25.7708 0.1036003 1.326769 1
4595539.8982 5437432.4393   0.1318 0.1519612 1.053556 3
4595539.4740 5437434.3909  21.7614 0.0324969 1.251497 2
4595539.5475 5437434.0757  17.2925 0.0445399 1.072707 3
4595539.5525 5437434.5813   0.0850 0.1142795 1.081863 3
4595539.9796 5437431.9981  34.4158 0.2208129 1.053877 0
4595539.9688 5437432.1557  31.3853 0.1574492 1.132004 0
4595539.9769 5437432.2306  27.2087 0.1575791 1.249602 0
4595539.8055 5437433.1058  33.4564 0.2133220 1.104773 0
4595539.8084 5437433.2057  29.5170 0.0954247 1.089016 1
4595539.8808 5437432.8851  25.2309 0.0641139 1.144713 2
4595539.9059 5437432.7740  23.7452 0.0444692 1.382952 3
4595539.7601 5437433.5338  28.5755 0.1595065 1.270993 0
4595539.8338 5437433.3264  20.2318 0.1355244 1.048532 0
4595539.7090 5437433.9923  23.8157 0.0369668 0.989345 1
4595539.7473 5437433.8251  21.4907 0.0721987 1.153369 3
4595539.9601 5437433.1461   0.1055 0.0469621 1.294736 3
4595539.8214 5437434.0053   0.1190 0.0553033 0.986337 3
4595539.8582 5437434.4823  32.9224 0.1252913 1.107238 0
4595539.8375 5437434.6888  30.2780 0.0568708 1.140059 1
4595539.8611 5437434.5860  28.8434 0.1060040 1.063277 3
4595539.9846 5437434.6789   0.0735 0.0571166 0.973350 3
4595539.9537 5437434.1424  32.9647 0.1200986 1.096890 1
4595539.9582 5437434.2273  28.6657 0.1213929 1.089991 0
4595539.8666 5437434.7492  30.3658 0.1329315 1.054699 0
4595539.9989 5437434.7546  22.4793 0.0571231 1.096541 3
4595539.9126 5437433.5394   0.0797 0.3923367 1.017306 0
4595539.9304 5437433.0604   0.1041 0.5576041 1.105018 0
4595539.9495 5437432.5787   0.1445 0.5379754 1.105738 0
4595539.9645 5437432.1067   0.1508 0.1975514 1.061751 3
4595539.9953 5437431.1619   0.1317 0.2445930 1.032546 3
4595539.7028 5437433.6141   0.1884 0.4986310 1.146730 0
4595539.7183 5437433.1404   0.1810 0.5783682 1.067195 0
4595539.7353 5437432.6639   0.1921 0.6994283 1.073299 0
4595539.7538 5437432.1841   0.2409 0.0511786 1.086837 3
4595539.7858 5437431.2378   0.2541 0.3514950 1.073336 3
4595539.7946 5437430.7807   0.1193 0.4924676 1.072677 3
4595539.3066 5437433.1914   0.1456 0.6412592 1.101649 0
4595539.3220 5437432.7177   0.1325 0.5547317 1.055181 0
4595539.3413 5437432.2357   0.1882 0.5540130 1.075975 0
4595539.3514 5437431.7757   0.1231 0.5065016 1.064501 3
4595539.3808 5437431.2703   0.3207 0.4615228 1.075124 0
4595539.9642 5437431.0135  18.0804 0.2037898 1.168047 1
4595538.6766 5437434.1393   0.0179 0.0638663 1.144034 3
4595538.6979 5437433.6523   0.1137 0.6091239 1.049199 0
4595538.7131 5437433.1792   0.1033 0.4763083 1.097687 0
4595538.7300 5437432.7017   0.1065 0.5075729 1.097791 0
4595538.7434 5437432.2337   0.0712 0.6391586 1.079409 0
4595539.9544 5437432.9960  22.7427 0.0339727 0.876664 3
4595538.4417 5437434.2133   0.1206 0.5104731 1.044816 0
4595538.4606 5437433.7316   0.1795 0.6565608 1.055580 0
4595538.4748 5437433.2622   0.1563 0.7301887 1.057707 0
4595538.4902 5437432.7901   0.1327 0.5535142 1.049764 0
4595538.5068 5437432.3159   0.1340 0.5810853 1.044045 0
4595539.8067 5437434.7244  24.7131 0.0427208 1.133119 1
4595539.8233 5437432.2199  23.6767 0.1599887 1.594435 0
4595539.7453 5437432.0052  22.3684 0.1317815 1.231213 1
4595539.3438 5437432.5932  16.4579 0.0847062 1.230433 1
4595538.2615 5437433.5551   0.2266 0.5523185 1.063174 0
4595538.2778 5437433.0808   0.2255 0.4952152 1.063655 0
4595538.2891 5437432.6187   0.1505 0.6434271 1.050628 0
4595539.8422 5437434.5287  33.0220 0.1252813 1.075246 1
4595539.9041 5437433.1607  33.2751 0.1099879 1.107162 1
4595539.3830 5437434.5138  25.9547 0.0429924 1.248637 3
4595539.7545 5437433.1449  30.9739 0.0250613 0.818220 2
4595539.6648 5437433.3766  29.7211 0.0728878 1.301831 3
4595539.9928 5437432.1286  34.1055 0.0922934 1.279696 1
4595539.3842 5437433.6914  25.5739 0.0390921 1.027363 3
4595539.9916 5437431.7303  33.8976 0.2041314 1.189960 0
4595539.8888 5437431.5900  32.2549 0.0957622 1.100259 1
4595539.5455 5437432.4618  27.4109 0.0535976 1.142035 3
4595539.6341 5437431.8303  28.4656 0.0680467 1.203416 1
4595539.2330 5437432.4302  22.5898 0.0783552 1.207509 1
4595539.1727 5437432.5817  21.7392 0.0708830 1.019761 2
4595539.1938 5437432.1151  21.8329 0.1635173 1.155399 0
4595539.2992 5437433.6791  29.8378 0.1317170 1.100765 0
4595539.6498 5437431.9705  34.3468 0.0408005 0.959076 1
4595539.1920 5437432.3312  27.4772 0.0617528 1.100265 1
4595539.3937 5437432.5185  34.1793 0.1189394 1.099118 1
4595539.1811 5437433.0705  31.1863 0.0371046 0.986762 3
4595539.4318 5437432.0195  34.5228 0.1488872 1.054545 1
4595539.4139 5437431.6660  34.0705 0.0380539 1.067040 1
4595539.2811 5437432.0071  32.1780 0.1532723 1.207485 3
4595539.2700 5437431.6334  31.8201 0.0384855 1.098997 1
4595538.6851 5437433.8681  29.9905 0.0727124 1.200967 1
4595538.7956 5437433.1756  31.3387 0.0415023 1.118693 1
4595538.9031 5437431.6898  32.2206 0.0927254 1.148903 1
4595538.2819 5437433.4692  31.5099 0.1330460 1.095517 1
4595538.1260 5437433.6344  31.8546 0.0650305 1.092548 1
4595538.1164 5437433.2579  31.5049 0.0481703 1.155932 1
4595545.8214 5437435.2270   0.0352 0.1804408 1.035896 3
4595545.8561 5437434.7513   0.1078 0.1730660 1.078162 3
4595545.8883 5437434.2644   0.1392 0.0975970 1.103063 3
4595545.9089 5437433.7232  -0.0202 0.0400972 0.944030 3
4595545.9380 5437433.2211  -0.0400 0.1279438 1.096967 3
4595544.7525 5437435.2653   0.1722 0.2749831 1.159481 0
4595544.7776 5437434.7461   0.0663 0.2235438 0.994394 3
4595544.0520 5437431.1510   0.2427 0.0567447 1.154889 3
4595544.0754 5437430.6210   0.1435 0.1253895 1.079441 3
4595546.0809 5437434.3440  27.0333 0.1115581 1.077544 1
4595546.3121 5437434.8399  30.1579 0.1269310 1.044353 1
4595546.1146 5437433.8966  27.1040 0.0474078 1.193771 2
4595545.8839 5437432.7945  23.5298 0.0294096 1.102820 3
4595542.8562 5437435.1905   0.0767 0.0542670 0.977081 3
4595543.1816 5437430.2927   0.1180 0.0404205 0.973295 3
4595545.3594 5437435.3069  29.5579 0.0543020 1.061153 3
4595545.4157 5437434.9689  29.9718 0.0489052 1.305889 1
4595545.2282 5437434.0893  27.1066 0.0624857 1.103551 2
4595544.9507 5437432.1723  22.4003 0.1580029 1.114030 0
4595545.5314 5437434.3065  30.8484 0.0563726 1.044097 1
4595545.4566 5437433.9523  29.7018 0.0324501 1.168288 2
4595545.2336 5437432.8963  26.2958 0.0773973 1.227987 3
4595545.2236 5437431.6245  25.2126 0.1446731 2.152185 0
4595541.9889 5437433.1795   0.2221 0.0751492 1.079201 3
4595544.2245 5437434.4451  26.9076 0.0922054 1.104307 3
4595543.9959 5437432.7886  23.1309 0.1158004 1.126908 0
4595544.6375 5437435.1435  32.2366 0.0420467 1.011970 1
4595544.0413 5437432.3852  23.3380 0.0338208 0.943032 2
4595543.9736 5437432.0722  22.2523 0.0532407 1.599741 3
4595544.5749 5437434.2531  30.8378 0.0573827 1.122773 1
4595544.2897 5437432.9277  26.6028 0.0714809 1.275978 2
4595544.0857 5437431.9792  23.4607 0.0454388 1.114441 3
4595544.2467 5437432.1190  25.4550 0.0654612 1.083838 1
4595543.8595 5437430.3106  19.5534 0.0870101 1.218293 3
4595544.7724 5437433.9733  32.9424 0.1508591 1.104662 0
4595544.2456 5437430.8886  24.4555 0.0904941 1.168731 1
4595544.6803 5437432.3328  30.6611 0.1616620 1.136528 0
4595544.7564 5437432.0883  31.3525 0.0601414 1.090507 1
4595544.9014 5437432.1748  33.1151 0.1775484 1.082168 0
4595544.8669 5437431.4044  32.1104 0.0916009 1.085367 1
4595540.8683 5437434.6685   0.0743 0.0947254 1.052776 3
4595540.9035 5437434.1902   0.1365 0.0825351 1.470475 3
4595540.9350 5437433.6955   0.1378 0.0622263 1.012469 3
4595541.0370 5437432.2411   0.1503 0.0494427 1.045510 3
4595541.4212 5437432.6232   4.8430 0.0976052 1.307947 3
4595543.2695 5437433.9972  26.8539 0.0382881 0.892873 3
4595543.6830 5437435.2675  32.4844 0.1107321 1.151940 0
4595543.6432 5437434.4894  31.4221 0.1687409 1.269039 0
4595543.6051 5437433.7160  30.4790 0.1646676 1.116305 0
4595543.9031 5437434.4848  34.3812 0.0444264 0.940491 1
4595543.4154 5437432.2416  27.2593 0.0982676 1.135160 2
4595543.2839 5437431.6365  25.1292 0.0347461 1.235261 3
4595543.8195 5437433.5016  32.7766 0.1606063 1.046155 0
4595543.7251 5437432.4630  31.0091 0.2175889 1.065197 0
4595543.7905 5437432.1645  31.4376 0.1832094 1.150770 1
4595543.5934 5437431.2446  28.2878 0.0404309 1.066687 3
4595544.0570 5437432.8092  34.9995 0.1797859 1.105905 0
4595544.0502 5437432.1771  34.3996 0.0888040 1.137387 1
4595543.9496 5437431.7034  32.7892 0.0431728 1.672146 3
4595544.0604 5437431.6239  33.9894 0.0562189 1.032627 1
4595540.2163 5437431.1360   0.0345 0.1454205 1.051079 3
4595542.2250 5437435.4545  25.8502 0.0910066 1.297473 0
4595542.2148 5437434.8089  25.3073 0.0521078 1.054802 2
4595542.3675 5437434.8794  27.0634 0.0178714 0.757613 1
4595542.2465 5437434.3461  25.3359 0.0803326 1.015373 3
4595542.3558 5437434.2267  26.4617 0.1209399 1.044185 1
4595542.2609 5437433.8061  25.0696 0.0687213 2.043220 2
4595542.0095 5437432.6922  21.4146 0.0377344 1.231854 3
4595542.0776 5437432.3856  21.9443 0.0459246 1.135705 1
4595542.6398 5437434.2896  29.6810 0.1991696 1.104378 0
4595542.8288 5437434.5399  31.9773 0.2022670 1.061209 0
4595542.9633 5437434.5481  33.4773 0.1578270 1.181087 0
4595542.8186 5437433.2966  30.9319 0.0831447 1.441029 1
4595542.6589 5437432.5721  28.6352 0.0086626 0.553077 2
4595542.6210 5437432.4006  28.0787 0.0742822 1.586988 3
4595543.0569 5437433.7806  33.9601 0.1877252 1.155862 0
4595543.2833 5437434.2197  36.8054 0.0556487 1.218650 1
4595542.9053 5437432.4891  31.3739 0.0420282 1.088551 2
4595542.6908 5437431.5068  28.1400 0.1048066 1.181193 3
4595543.0585 5437432.5913  33.1815 0.0541263 1.012560 0
4595543.2260 5437432.7646  35.1923 0.1830341 1.045720 0
4595543.0313 5437431.2616  31.7033 0.1924107 1.213388 0
4595543.0565 5437430.7749  31.6412 0.1923678 1.189196 0
4595541.2372 5437435.0924  24.4183 0.1140872 1.098533 1
4595541.1389 5437434.6699  23.0359 0.1695571 1.087451 3
4595541.4929 5437434.9976  27.2224 0.0862320 1.152434 1
4595541.3135 5437434.2192  24.6862 0.0306848 0.950588 3
4595541.3533 5437433.7896  24.8351 0.2134170 1.178940 0
4595541.5290 5437433.9547  26.9187 0.0435511 1.233123 1
4595541.3807 5437433.3049  24.7781 0.0522660 1.101739 2
4595541.1212 5437432.1686  20.9498 0.0631787 1.064268 3
4595541.6839 5437434.0357  28.6795 0.0543788 1.113000 1
4595541.5747 5437433.5552  27.1443 0.1078872 1.050402 3
4595541.6063 5437433.0924  27.1080 0.0979823 1.037025 1
4595541.5255 5437432.7353  25.9115 0.1019064 1.261635 3
4595542.1710 5437434.9974  34.7286 0.1425836 1.510303 0
4595542.1846 5437434.4661  34.5266 0.1349282 1.280125 0
4595542.2104 5437433.9863  34.4396 0.1842597 1.130610 0
4595542.2275 5437433.4680  34.2258 0.1533477 1.255711 1
4595542.0520 5437432.6773  31.7006 0.1054843 1.170907 3
4595542.1987 5437432.7426  33.3768 0.3317533 1.557819 0
4595542.6202 5437432.8752  38.1505 0.0387960 0.986225 1
4595542.5557 5437432.5796  37.2285 0.1020686 1.245422 3
4595542.5797 5437432.0951  37.1342 0.0441235 0.918667 1
4595542.5288 5437431.8603  36.3959 0.0946893 1.184414 3
4595542.6361 5437431.7583  37.4942 0.1159963 1.099754 0
4595542.4799 5437430.4340  34.8608 0.0670882 1.102203 1
4595540.0231 5437434.2027  21.4716 0.0731413 1.449711 3
4595540.2684 5437434.6384  24.4737 0.0945407 1.117333 3
4595540.2966 5437433.5581  24.0103 0.1210394 1.295245 3
4595541.0187 5437434.8787  32.9093 0.2257977 1.577314 0
4595541.0840 5437434.5711  33.4296 0.1105953 1.466199 1
4595540.9542 5437434.0056  31.6006 0.0958186 1.098784 3
4595541.2928 5437434.8927  35.9462 0.0464757 1.254128 1
4595541.2215 5437434.5810  34.9558 0.0831938 1.098238 2
4595541.1595 5437434.3093  34.0850 0.0433429 1.265716 3
4595541.4976 5437432.2538  36.2350 0.1741627 1.215652 0
4595541.6584 5437432.3862  38.1001 0.0263709 0.934464 1
4595541.5621 5437431.9507  36.7090 0.1381933 1.022202 3
4595541.5151 5437431.1420  35.5812 0.0935540 1.136481 1
4595540.0845 5437434.7177  32.7023 0.0626600 1.217775 1
4595540.1289 5437434.3167  32.9111 0.0793861 1.056269 1
4595540.0150 5437433.2338  30.9016 0.1439545 1.110027 1
4595540.1025 5437432.4212  31.2548 0.2071668 1.080842 1
4595540.5206 5437433.6512  36.6760 0.0907324 1.022092 1
4595540.1812 5437432.1677  31.9321 0.0663938 1.054846 3
4595540.3743 5437432.4185  34.1885 0.2207469 1.095153 0
4595540.6786 5437432.5756  37.5947 0.0907598 1.210390 1
4595540.0539 5437431.5560  33.8245 0.0305262 1.354964 3
4595540.5364 5437430.3515  30.5822 0.1178854 1.181610 1
4595540.2478 5437431.9750  36.1660 0.0832697 1.185234 1
4595540.2912 5437431.7798  33.7168 0.0543124 1.106596 2
4595540.3912 5437431.3296  28.0368 0.0286638 1.078709 3
4595540.2215 5437432.2008  34.0459 0.1193860 1.268340 0
4595540.2110 5437432.3571  30.9735 0.0761473 1.356869 1
4595540.2238 5437432.3002  30.2407 0.0101539 0.787871 2
4595540.2542 5437432.1642  28.4896 0.0634828 1.097839 3
4595540.1077 5437432.9282  33.2649 0.1931098 1.060733 1
4595540.1482 5437432.7481  30.9050 0.0494432 1.096265 3
4595540.1049 5437433.0525  29.6734 0.1190003 1.054569 0
4595540.1133 5437433.1296  25.3570 0.0472709 1.178470 1
4595540.1354 5437433.0320  24.0430 0.0582895 1.079008 3
4595540.0701 5437433.4357  24.0576 0.1984630 1.081895 0
4595540.1233 5437433.8211   0.0933 0.0713531 1.065026 3
4595540.3435 5437431.6422  36.2598 0.1393002 1.137436 1
4595540.4208 5437431.3798  28.0041 0.1630030 1.248640 3
4595540.1346 5437433.1075  29.6987 0.1692834 1.072406 1
4595540.2020 5437432.7978  25.5818 0.0735800 1.075082 3
4595540.1626 5437433.0833  24.0132 0.1643820 1.012070 0
4595540.0979 5437433.4849  23.9970 0.0608558 1.084408 3
4595540.6318 5437430.7100  27.5352 0.0440157 1.600718 1
4595540.6995 5437430.3853  23.5129 0.0182321 0.807606 2
4595540.4211 5437431.8094  36.3770 0.2095842 1.082910 0
4595540.3936 5437432.0308  34.2186 0.2047286 1.079386 0
4595540.3784 5437432.1944  31.2761 0.2234576 1.173219 1
4595540.4236 5437431.9795  28.5306 0.0239149 1.161059 3
4595540.2827 5437432.7417  33.2172 0.1146787 1.080662 0
4595540.3065 5437432.7225  27.7808 0.0967061 1.048433 0
4595540.2273 5437433.1919  28.7133 0.2577671 1.197622 0
4595540.2359 5437433.2483  24.0696 0.1387343 1.104453 0
4595540.0310 5437434.3061  33.0422 0.1618691 1.107504 0
4595540.0331 5437434.3940  28.7660 0.1832133 1.115435 0
4595540.1984 5437434.0476   0.1107 0.0586870 1.031904 3
4595540.9677 5437430.1422  27.4550 0.1461035 1.131155 0
4595540.9023 5437430.5473  27.4973 0.0911364 1.120422 0
4595540.5855 5437432.4295  31.2163 0.0304401 1.157679 1
4595540.6319 5437432.2083  28.3699 0.0837977 1.091201 2
4595540.6758 5437431.9989  25.6738 0.0554175 1.136487 3
4595540.4928 5437432.9636  33.0098 0.0983122 1.069667 0
4595540.4947 5437433.0480  28.8961 0.2346328 1.327087 0
4595540.3683 5437433.7404  32.8484 0.1607793 1.077263 0
4595540.3040 5437434.1388  32.8957 0.0802694 1.128746 1
4595540.3726 5437433.8161  28.4988 0.0206549 0.943147 2
4595540.4398 5437433.4997  24.1862 0.0433675 0.871663 3
4595540.2663 5437434.4124  31.2273 0.0311200 1.079074 1
4595540.2814 5437434.3413  30.2443 0.1822228 1.066760 3
4595540.1981 5437434.8291  31.4830 0.1835893 1.036738 0
4595540.4012 5437434.3038   0.1191 0.3632672 1.063998 3
4595541.1640 5437429.5217  27.2869 0.1037255 1.181416 1
4595541.0964 5437429.9377  27.4516 0.1200044 1.184552 1
4595540.9209 5437430.8887  34.1452 0.1144884 1.036869 1
4595540.9837 5437430.5773  30.3303 0.0636044 1.042928 3
4595540.8744 5437431.1984  33.1455 0.0344753 0.966274 1
4595540.8951 5437431.0963  31.8762 0.0697240 1.140590 3
4595540.7619 5437431.8343  36.1996 0.3184674 1.054354 0
4595540.6735 5437432.3506  37.7685 0.1282744 1.082151 0
4595540.7151 5437432.2280  31.2009 0.1555638 1.183426 0
4595540.5568 5437433.0866  37.2009 0.0416746 1.227483 1
4595540.6222 5437432.7662  33.0396 0.1477078 1.139635 2
4595540.6563 5437432.5997  30.8748 0.0367038 1.066112 3
4595540.5013 5437433.4410  36.7293 0.0699667 1.194478 1
4595540.6105 5437432.9080  29.7179 0.0250917 0.970701 2
4595540.6233 5437432.8453  28.8913 0.0479844 1.536927 3
4595540.4998 5437433.5324  32.7450 0.0844659 1.095561 1
4595540.6311 5437432.8932  24.2219 0.0484558 1.145266 3
4595540.5658 5437433.2984  24.2484 0.1611470 1.060255 1
4595540.6018 5437433.1236  21.8844 0.0625630 1.224423 3
4595540.4104 5437434.1389  30.2350 0.1401979 1.113970 0
4595540.2762 5437434.8750  34.9026 0.0542553 1.031332 1
4595540.3276 5437434.6271  31.4744 0.1142397 1.128291 3
4595540.5197 5437434.0824   0.0880 0.2604559 1.081640 3
4595540.4507 5437434.5103   0.0874 0.1043038 1.085590 3
4595540.3815 5437434.9400   0.0605 0.0354018 1.022539 3
4595541.0538 5437430.4428  35.7444 0.0947411 1.086803 1
4595541.0224 5437430.6718  33.7787 0.0674043 1.076158 1
4595541.1250 5437430.1452  27.4243 0.0635446 1.095270 2
4595540.9050 5437431.3417  37.2177 0.1615324 1.120308 1
4595540.9854 5437430.9301  32.1417 0.0221158 1.035298 3
4595540.9053 5437431.4095  33.2275 0.1897401 1.677644 0
4595540.8015 5437432.0088  35.8156 0.1018995 1.309706 1
4595540.8300 5437431.8638  33.9966 0.0293521 1.491545 3
4595540.7651 5437432.2654  34.0831 0.0702703 1.112804 1
4595540.7986 5437432.0951  31.9205 0.0650930 1.109493 3
4595540.7188 5437432.5718  32.9662 0.1034362 1.124126 1
4595540.8309 5437432.0034  25.6504 0.0506073 1.202170 3
4595540.6016 5437433.2379  36.5159 0.1184002 1.236355 1
4595540.7319 5437432.5788  27.8969 0.0280298 0.979497 3
4595540.6578 5437433.0271  28.5585 0.2033549 1.167042 1
4595540.7020 5437432.8042  25.6033 0.0439903 1.379134 3
4595540.5300 5437433.7465  32.8534 0.1450158 1.046203 0
4595540.5056 5437433.9443  30.1714 0.1394540 1.133916 0
4595540.3790 5437434.6555  34.4763 0.0819068 1.289915 1
4595540.4212 5437434.4437  31.5677 0.0797867 1.087104 3
4595540.3407 5437434.9231  32.7087 0.0623613 1.118575 1
4595540.3616 5437434.8191  31.2608 0.0559054 1.457076 2
4595540.4575 5437434.3401  24.5831 0.0955503 1.115355 3
4595540.6004 5437433.8773   0.1306 0.0273325 0.799755 3
4595540.5311 5437434.3069   0.1420 0.1707449 1.096223 3
4595541.2982 5437430.6882  35.4462 0.0317151 0.937778 1
4595541.2348 5437431.0827  35.4913 0.1064476 0.975379 0
4595541.1503 5437431.5847  36.8813 0.1308866 1.110523 1
4595541.1886 5437431.3892  34.4614 0.0263171 1.125263 3
4595541.0168 5437432.4071  37.4031 0.1925641 1.137425 0
4595541.0485 5437432.3196  31.2791 0.2711844 1.076421 1
4595541.1354 5437431.8792  25.6285 0.0315376 0.954558 3
4595540.9005 5437433.1418  36.8455 0.2251616 1.090658 0
4595540.8614 5437433.4132  35.2954 0.1052358 1.097456 1
4595540.9573 5437432.9301  28.9144 0.1127979 1.518393 3
4595540.7964 5437433.8157  35.4138 0.0508561 1.047706 1
4595540.8365 5437433.6144  32.7349 0.0428615 1.201884 3
4595540.7358 5437434.1961  35.2438 0.0399899 0.936553 1
4595540.7515 5437434.1176  34.1838 0.0349546 1.221821 2
4595540.7867 5437433.9411  31.8010 0.0498052 1.004813 3
4595540.6671 5437434.6170  35.6182 0.1516324 1.141574 1
4595540.6846 5437434.5299  34.4307 0.0299310 1.369364 3
4595540.6206 5437434.9270  34.4506 0.0871912 1.107015 1
4595540.6347 5437434.8570  33.4828 0.0448618 1.172993 2
4595540.6490 5437434.7855  32.4937 0.0280426 1.504596 3
4595540.8404 5437434.1729   0.1522 0.0703322 1.095571 3
4595540.7723 5437434.5980   0.0845 0.0509423 1.092195 3
4595540.7036 5437435.0260   0.0504 0.0487902 1.302294 3
4595541.5256 5437430.6883  33.4009 0.0730066 1.302852 1
4595541.4277 5437431.2600  35.5768 0.1467140 1.113801 0
4595541.3468 5437431.7443  36.7470 0.2524912 1.124353 0
4595541.2960 5437432.0738  35.9807 0.1802887 1.097880 0
4595541.2186 5437432.5395  36.9371 0.1901279 1.722856 0
4595541.1661 5437432.8775  36.2982 0.2974615 1.261191 0
4595541.1458 5437433.0520  33.4813 0.0246445 0.914901 1
4595541.1578 5437432.9913  32.6843 0.0740093 1.045422 3
4595541.1076 5437433.3188  31.8071 0.1059233 1.184261 1
4595541.2168 5437432.7646  24.4332 0.0277692 0.982482 3
4595540.9953 5437433.9614  35.1057 0.1593013 1.197257 0
4595540.9326 5437434.3522  35.0764 0.0694183 1.180388 1
4595540.9565 5437434.2315  33.4391 0.1068016 1.303810 3
4595540.8999 5437434.5919  32.9551 0.1423612 1.122563 1
4595540.9819 5437434.1785  27.2737 0.0444263 1.013018 3
4595540.9174 5437434.5799  27.2589 0.1863752 1.023959 0
4595540.8528 5437434.9814  27.2476 0.0367846 1.099207 3
4595540.9593 5437434.7818   0.1022 0.0723591 1.100613 3
4595541.6453 5437430.5549  33.5006 0.1353165 1.067575 1
4595541.5499 5437431.1188  35.5591 0.0946491 1.013193 1
4595541.6327 5437430.6802  30.2275 0.1008192 1.242593 3
4595541.4696 5437431.6023  36.6868 0.1296500 1.063172 0
4595541.4218 5437431.9139  35.7110 0.0864874 1.119066 1
4595541.4430 5437431.8020  34.3099 0.0298541 1.015280 3
4595541.3380 5437432.4153  37.1160 0.1264848 1.177440 1
4595541.3698 5437432.2480  34.9946 0.0419437 0.983726 3
4595541.2863 5437432.7479  36.4116 0.1865285 1.439601 0
4595541.2664 5437432.9135  33.4910 0.0701813 1.059313 1
4595541.2784 5437432.8503  32.6651 0.0508375 1.148721 2
4595541.3303 5437432.5777  29.1010 0.0636771 1.893185 3
4595541.1762 5437433.4484  35.3846 0.1168483 1.119857 1
4595541.1973 5437433.3376  33.9196 0.0304791 1.303015 2
4595541.2296 5437433.1687  31.6849 0.0341232 1.640639 3
4595541.1164 5437433.8235  35.1508 0.2027777 1.143655 0
4595541.0518 5437434.2242  35.2356 0.0462942 1.742912 2
4595541.0782 5437434.0860  33.3742 0.1660403 1.150699 3
4595541.0195 5437434.4562  33.0287 0.0984662 1.125718 1
4595541.1007 5437434.0336  27.2537 0.0878187 1.107738 3
4595541.0066 5437434.5882  29.3754 0.1193336 1.021779 1
4595541.0361 5437434.4353  27.2595 0.0483813 1.335841 3
4595540.9411 5437434.9943  29.4403 0.1680143 1.147970 0
4595540.9416 5437435.0595  24.6769 0.0237318 1.045856 3
4595541.0673 5437434.6272   0.1310 0.0964408 1.041873 3
4595540.9987 5437435.0542   0.0636 0.1357692 1.041924 3
4595542.0728 5437429.3939  30.2671 0.0685998 1.025761 1
4595541.9926 5437429.8796  31.2849 0.1165784 1.169450 1
4595541.9270 5437430.2875  31.4002 0.0305118 1.056835 1
4595541.8301 5437430.8620  33.5462 0.2026495 1.109082 0
4595541.7679 5437431.2513  33.4795 0.1601330 1.064223 0
4595541.6325 5437432.0292  38.2571 0.1211957 1.130539 1
4595541.6587 5437431.8903  36.5256 0.0581840 1.062731 3
4595541.5877 5437432.3255  37.0995 0.2462478 1.079820 0
4595541.5084 5437432.8046  38.2777 0.1074277 1.093237 1
4595541.5386 5437432.6449  36.2190 0.0526180 1.187181 3
4595541.4560 5437433.1409  37.6405 0.1385429 1.029729 1
4595541.4864 5437432.9805  35.5502 0.0547036 1.214243 3
4595541.4318 5437433.3290  35.0162 0.2258101 1.087049 1
4595541.4465 5437433.2516  33.9944 0.0581362 1.524167 3
4595541.3520 5437433.8108  36.1873 0.0421095 1.169737 1
4595541.3675 5437433.7295  35.1122 0.0532133 1.577160 2
4595541.2859 5437434.2200  36.4103 0.1326113 1.217527 0
4595541.2283 5437434.5846  36.0162 0.1230218 1.068835 1
4595541.3227 5437434.0901  29.2959 0.0374636 1.198739 3
4595541.3402 5437434.0635  23.4123 0.0912145 1.244714 0
4595541.2517 5437434.5914  25.1113 0.1137313 1.916500 1
4595541.2769 5437434.4599  23.2748 0.0282401 1.314678 3
4595541.1945 5437434.9559  24.5344 0.0284580 1.037155 1
4595541.2095 5437434.8780  23.4314 0.0252311 0.989833 2
4595541.2714 5437434.5556  18.8652 0.0909207 1.104527 2
4595541.5214 5437433.2546   0.3640 0.1794775 1.042281 3
4595541.2096 5437434.9454  18.5601 0.0582692 1.206169 2
4595541.4539 5437433.6771   0.3087 0.0614518 1.109627 3
4595541.2496 5437434.9539   0.0837 0.0388490 1.064441 3
4595542.3974 5437429.2029  26.4073 0.0281532 1.066019 1
4595542.2789 5437429.8938  29.8088 0.0629127 1.093130 1
4595542.1936 5437430.4068  31.1656 0.0336459 1.070291 1
4595542.2131 5437430.3029  29.9226 0.1251206 1.060076 3
4595542.1013 5437430.9566  33.0138 0.1178982 1.478032 1
4595542.1279 5437430.8150  31.2984 0.0554743 1.062912 3
4595541.9554 5437431.7903  38.4042 0.0420700 1.053956 1
4595542.0624 5437431.2223  31.4109 0.1434323 1.085033 3
4595541.8923 5437432.1839  38.4730 0.2254493 1.152759 0
4595541.8252 5437432.5984  38.8231 0.1380364 1.340389 1
4595541.8379 5437432.5312  37.9678 0.0231288 0.873528 3
4595541.7822 5437432.8855  37.5387 0.1310751 1.089911 1
4595541.8226 5437432.6721  34.7884 0.0236720 0.949336 3
4595541.7152 5437433.2997  37.8984 0.1105705 1.046785 0
4595541.6883 5437433.5027  35.4780 0.1197175 1.356060 0
4595541.6191 5437433.9283  35.9142 0.0514060 1.050228 1
4595541.7136 5437433.4331  29.3035 0.0241491 1.157158 2
4595541.7608 5437433.1854  25.9742 0.0445800 1.320680 3
4595541.6591 5437433.7826  28.6520 0.0980201 1.022612 0
4595541.6045 5437434.1332  27.9838 0.0418657 0.987077 1
4595541.6169 5437434.0686  27.1005 0.0973881 1.220830 2
4595541.6384 5437433.9563  25.5623 0.0496205 1.168035 3
4595541.5477 5437434.4954  27.4619 0.1769148 1.163549 0
4595541.4856 5437434.8853  27.2909 0.1270218 1.124926 0
4595541.4217 5437435.2852  27.2402 0.0851831 1.211066 1
4595541.4465 5437435.1566  25.4108 0.0699081 1.433733 3
4595541.7177 5437433.8229   0.2653 0.0331912 1.061197 3
4595541.5813 5437434.6758   0.1828 0.2300172 1.044385 3
4595541.5131 5437435.1022   0.1390 0.0312870 0.946410 3
4595542.4072 5437429.8929  29.8391 0.1603399 1.118958 0
4595542.3433 5437430.2915  29.8256 0.1082618 1.233328 0
4595542.2277 5437430.9713  33.2258 0.1463914 1.111566 0
4595542.0880 5437431.7816  38.3273 0.0438380 1.113355 1
4595542.1919 5437431.2168  31.3839 0.1114431 1.112312 3
4595542.0177 5437432.2143  38.8723 0.1713058 1.601266 0
4595541.9594 5437432.5813  38.6219 0.1339875 1.222781 1
4595541.9732 5437432.5063  37.6705 0.0331600 1.282302 3
4595541.9120 5437432.8893  37.5975 0.1067465 1.050519 1
4595541.9292 5437432.7964  36.4031 0.0489080 1.553173 3
4595541.8826 5437433.1003  35.3047 0.0856608 1.378583 1
4595542.0117 5437432.4030  26.2272 0.0368611 1.026830 3
4595541.9027 5437433.0450  29.4214 0.0336288 0.952817 1
4595541.9117 5437432.9964  28.7792 0.0422214 1.412614 2
4595541.9291 5437432.9029  27.5444 0.0531231 1.230266 3
4595541.8451 5437433.4101  29.0029 0.2097011 1.070114 0
4595541.7875 5437433.7746  28.5630 0.0934140 1.009386 1
4595541.8212 5437433.5937  26.1176 0.0500524 1.360448 3
4595541.7335 5437434.1203  27.8261 0.1203492 1.374422 1
4595541.7652 5437433.9503  25.4979 0.0324241 1.092025 3
4595541.6770 5437434.4797  27.2589 0.1171453 1.137952 0
4595541.6076 5437434.9082  27.6290 0.1424832 1.984172 0
4595541.5531 5437435.2568  26.8726 0.0330744 1.444998 1
4595541.5720 5437435.1559  25.4355 0.0869040 1.564729 3
4595541.7665 5437434.2436   0.1943 0.1659340 1.129938 3
4595541.6989 5437434.6663   0.0994 0.0983160 1.051212 3
4595542.4944 5437430.1365  34.8615 0.1424821 1.057844 1
4595542.4370 5437430.4992  34.4823 0.1431003 1.177096 0
4595542.3751 5437430.8876  34.4028 0.1652782 1.064366 0
4595542.2531 5437431.6104  38.4109 0.0398693 1.062771 1
4595542.3115 5437431.2847  34.4388 0.1440838 1.138361 3
4595542.1932 5437431.9865  38.2527 0.2012199 1.086284 0
4595542.1255 5437432.4069  38.6440 0.1664749 1.383723 0
4595542.0652 5437432.7852  38.5175 0.1228949 1.094002 1
4595542.0764 5437432.7231  37.7268 0.0514065 1.125615 2
4595542.0880 5437432.6589  36.9094 0.0245236 0.881835 3
4595542.0117 5437433.1265  37.9213 0.1609892 1.135999 0
4595541.9450 5437433.5405  38.2762 0.1181870 1.278794 1
4595542.0659 5437432.8714  29.5088 0.0546579 1.169739 3
4595542.0072 5437433.2424  29.1682 0.1775479 1.016926 0
4595541.9482 5437433.6156  28.8407 0.1488988 1.148519 0
4595541.8955 5437433.9537  28.0229 0.2760324 1.181010 0
4595541.8315 5437434.3540  28.0356 0.1459595 1.213027 0
4595541.7666 5437434.7593  28.0966 0.2068050 1.100154 0
4595541.7030 5437435.1578  28.0525 0.1544969 1.240474 0
4595541.9254 5437434.0456   0.1698 0.0587189 1.012012 3
4595541.8571 5437434.4733   0.1557 0.3248263 1.068257 0
4595541.7888 5437434.9007   0.1140 0.0302557 0.878437 3
4595541.7193 5437435.3345   0.1696 0.0858477 1.041550 3
4595542.7844 5437430.0977  35.6953 0.1760155 1.103202 0
4595542.7242 5437430.4768  35.5010 0.1021199 1.209432 1
4595542.7899 5437430.1103  31.1899 0.0840511 1.012146 3
4595542.6475 5437430.9480  36.4510 0.1902311 1.079113 1
4595542.6639 5437430.8565  35.3513 0.0588022 1.577870 3
4595542.5698 5437431.4245  37.4988 0.0641866 1.064340 1
4595542.5864 5437431.3325  36.3784 0.0990339 1.214258 3
4595542.5269 5437431.7078  36.1882 0.2095940 1.780706 0
4595542.4477 5437432.1923  37.3644 0.1548541 1.240765 0
4595542.3718 5437432.6586  38.3181 0.1110997 1.056417 1
4595542.4424 5437432.2680  33.3821 0.0235385 1.163242 3
4595542.3387 5437432.8881  36.2693 0.0366392 1.193776 1
4595542.3713 5437432.7077  33.9607 0.1962532 1.095006 3
4595542.3147 5437433.0673  33.5169 0.2596426 1.121874 0
4595542.2019 5437433.7371  37.1782 0.1319463 1.127818 0
4595542.1335 5437434.1616  37.6595 0.0356773 1.084954 1
4595542.2003 5437433.7938  32.7322 0.1157805 1.148736 3
4595542.2179 5437433.7468  26.7454 0.0390372 1.228087 1
4595542.5353 5437432.0032   3.1531 0.0542575 1.608631 3
4595542.0488 5437434.7244  34.6863 0.0978618 1.424807 0
4595541.9802 5437435.1501  35.1066 0.0269020 1.019140 1
4595542.0827 5437434.5888  27.3358 0.0412879 1.200345 2
4595542.1063 5437434.4596  25.5436 0.0467478 1.098403 3
4595542.0155 5437435.0080  27.5737 0.0983795 1.038381 1
4595542.0401 5437434.8733  25.6816 0.0566932 1.042738 2
4595542.0599 5437434.7651  24.1625 0.0744983 1.033050 3
4595541.9528 5437435.4021  27.4709 0.0781327 1.038870 1
4595541.9657 5437435.3317  26.4674 0.0557092 1.087769 2
4595541.9744 5437435.2844  25.7942 0.0313233 1.062981 3
4595542.0992 5437434.7723   0.0861 0.0791971 0.968864 3
4595542.0302 5437435.2043   0.1124 0.0697217 1.043729 3
4595543.0281 5437430.2033  35.3840 0.0765513 1.148513 1
4595543.0806 5437429.9100  32.0065 0.0298679 1.120140 3
4595542.9606 5437430.6234  35.6563 0.1894120 1.323101 0
4595542.8923 5437431.0471  36.0459 0.2114615 1.350310 0
4595542.8361 5437431.4039  35.6341 0.1909468 1.117715 0
4595542.7499 5437431.9274  37.3272 0.0282630 0.951915 1
4595542.7627 5437431.8562  36.4371 0.1439160 1.166126 3
4595542.6701 5437432.4150  38.5908 0.1081917 1.087425 1
4595542.7249 5437432.1112  34.7645 0.0212408 0.923569 3
4595542.6120 5437432.7825  38.2997 0.1434760 1.053034 1
4595542.7101 5437432.2387  31.4067 0.0434656 1.132471 3
4595542.6121 5437432.8272  33.8738 0.1378432 1.066913 1
4595542.6229 5437432.7678  33.1152 0.0202938 1.064314 3
4595542.5855 5437433.0211  31.2618 0.1035446 1.065204 1
4595542.6121 5437432.8738  29.3544 0.0704628 1.238013 3
4595542.4975 5437433.5541  33.0458 0.0474489 1.390598 1
4595542.5170 5437433.4467  31.6261 0.0477258 1.131492 2
4595542.5818 5437433.0890  26.9265 0.0864109 0.997582 3
4595542.8438 5437431.6937   2.8578 0.1705690 1.114948 0
4595542.4756 5437433.7713  25.3152 0.0256385 1.034695 1
4595542.4908 5437433.6877  24.1725 0.0396117 1.259651 2
4595542.7726 5437432.1375   3.1609 0.1042728 1.414771 3
4595542.3930 5437434.2747  26.7641 0.0850805 1.064582 1
4595542.4117 5437434.1717  25.3386 0.0320948 1.116785 2
4595542.7428 5437432.3538   0.3232 0.0748631 1.148661 3
4595542.3912 5437434.3349  22.0048 0.1240698 1.025083 1
4595542.4260 5437434.1444  19.3297 0.0499900 1.863925 2
4595542.6741 5437432.7842   0.3369 0.0282946 0.921360 3
4595542.2769 5437435.0119  25.8246 0.1374477 1.452074 1
4595542.2993 5437434.8891  24.0944 0.0363209 1.195206 3
4595542.2113 5437435.4221  25.9181 0.1200472 1.248870 0
4595542.4709 5437434.0588   0.2149 0.0721798 1.077978 3
4595542.4033 5437434.4834   0.2004 0.0338181 0.983823 3
4595542.3362 5437434.9047   0.0626 0.0615703 1.048899 3
4595542.2674 5437435.3360   0.0906 0.0359459 1.084461 3
4595543.1350 5437430.6101  35.6044 0.1142751 1.084773 1
4595543.1921 5437430.2859  31.8075 0.0458675 1.229380 3
4595543.0678 5437431.0292  35.9304 0.0609639 1.381349 1
4595543.1857 5437430.3599  27.9063 0.1325153 1.070502 3
4595543.0114 5437431.3864  35.5147 0.1998109 1.347299 0
4595542.8449 5437432.4056  38.6261 0.0346203 1.137738 1
4595542.9303 5437431.9225  32.5109 0.0303646 1.377314 2
4595543.0344 5437431.3341  25.0620 0.0849727 0.994804 3
4595542.7862 5437432.7757  38.3790 0.1658675 1.046744 1
4595542.8847 5437432.2200  31.3277 0.0357689 1.035491 3
4595542.7855 5437432.8195  33.9553 0.0383116 0.998328 1
4595542.8018 5437432.7273  32.7805 0.0639009 1.273073 2
4595542.6672 5437433.5664  33.3743 0.1301357 1.146751 1
4595542.6884 5437433.4469  31.7994 0.0547705 1.011878 3
4595542.6540 5437433.6818  29.6660 0.0689962 1.090489 1
4595543.0108 5437431.6781   2.8182 0.1121005 1.194652 3
4595542.6279 5437433.8705  26.8361 0.0409651 1.262760 1
4595542.9457 5437432.0885   2.6911 0.0969205 2.075469 3
4595542.4973 5437434.6880  27.1018 0.0337333 1.088463 1
4595542.5637 5437434.3169  21.9231 0.0351357 1.015058 2
4595542.5932 5437434.1521  19.6118 0.1353969 1.844249 3
4595542.4284 5437435.1170  27.4842 0.0398167 1.072244 1
4595542.4529 5437434.9802  25.5599 0.0889427 1.096485 3
4595542.3687 5437435.4945  27.1340 0.0358067 1.125258 1
4595542.3848 5437435.4045  25.8479 0.0744951 1.067882 2
4595542.4055 5437435.2896  24.2073 0.0719607 1.055164 2
4595542.4404 5437435.0947  21.4249 0.0186939 0.898815 3
4595542.6383 5437434.0398   0.1378 0.0689445 1.112046 3
4595542.5708 5437434.4636   0.1072 0.0498951 0.966698 3
4595542.5031 5437434.8887   0.0524 0.0927307 1.077898 3
4595543.2048 5437431.8868  34.6195 0.1710140 1.165470 0
4595543.1622 5437432.1676  33.2827 0.0757649 1.152223 3
4595543.1918 5437432.0414  26.6234 0.1386781 1.118807 1
4595543.2289 5437431.8321  23.8973 0.0482073 1.211185 3
4595542.9303 5437433.5974  36.4986 0.0454273 1.260944 1
4595542.9644 5437433.4058  34.0016 0.1142914 1.178676 3
4595542.9124 5437433.7399  33.2095 0.0812108 1.314631 1
4595542.9393 5437433.5884  31.2016 0.0486310 1.855529 3
4595542.8446 5437434.2505  23.9403 0.0730931 1.058240 1
4595542.7402 5437434.8785  27.0849 0.1094498 1.783294 1
4595543.0824 5437432.9678   0.3412 0.1487984 1.019135 3
4595542.6980 5437435.1597  25.3857 0.0883606 0.993271 3
4595542.6783 5437435.3156  21.8231 0.0268455 1.043384 2
4595542.7445 5437435.0952   0.1014 0.0514999 1.062357 3
4595542.6765 5437435.5229   0.0759 0.0647790 1.054388 3
4595543.8315 5437430.1459  30.5038 0.0854813 1.109467 1
4595543.8021 5437430.3537  28.1597 0.1241734 1.223244 0
4595543.6649 5437431.1653  33.0732 0.0521423 1.233662 2
4595543.7377 5437430.7579  28.1510 0.0392751 1.266959 3
4595543.5828 5437431.6679  34.4413 0.1833421 1.156762 0
4595543.5422 5437431.9384  33.0154 0.1716060 1.249371 1
4595543.5097 5437432.1642  30.9739 0.0203840 0.977713 3
4595543.5019 5437432.2531  27.0742 0.0550459 1.077958 1
4595543.5640 5437431.9081  22.5310 0.1015627 1.058458 3
4595543.3582 5437433.0979  32.8534 0.1420361 0.987727 1
4595543.2388 5437433.8067  36.9243 0.0532656 1.080856 1
4595543.2769 5437433.5953  34.1553 0.0718404 1.068340 3
4595543.2516 5437433.7825  31.4143 0.1386103 1.044808 0
4595543.1572 5437434.3518  33.7425 0.1525617 1.040416 0
4595543.0944 5437434.7465  33.7537 0.1195797 1.133972 1
4595543.1148 5437434.6342  32.2136 0.0375560 1.198186 3
4595543.0505 5437435.0373  32.3299 0.0634208 1.297801 1
4595543.0840 5437434.8528  29.7651 0.0785796 1.163301 2
4595543.1165 5437434.6735  27.2725 0.0589878 1.611457 3
4595543.0177 5437435.2673  30.0052 0.1320907 1.117617 0
4595542.9978 5437435.4268  26.6126 0.0612645 1.055381 1
4595543.0278 5437435.2617  24.2545 0.0400951 1.104799 2
4595543.3331 5437433.5859   0.3165 0.1116118 1.069674 3
4595543.1315 5437434.8553   0.0803 0.0468698 1.037636 3
4595543.0634 5437435.2833   0.0832 0.0361752 1.153697 3
4595543.8599 5437431.2374  33.8235 0.0759623 0.999144 1
4595543.8699 5437431.1804  33.1354 0.1009391 1.126149 3
4595543.7883 5437431.6816  34.4807 0.2144233 1.082489 0
4595543.7472 5437431.9537  33.0665 0.1880932 1.225488 0
4595543.7135 5437432.1841  31.0712 0.0288329 1.239543 3
4595543.7063 5437432.2662  27.0734 0.1171247 1.062008 1
4595543.7689 5437431.9140  22.4606 0.0562775 1.209539 3
4595543.5640 5437433.1087  32.8306 0.1126452 1.045027 1
4595543.5771 5437433.0348  31.8805 0.0249104 1.174675 3
4595543.4828 5437433.6066  34.1364 0.1434836 1.107075 1
4595543.5329 5437433.3255  30.4748 0.0382218 1.181330 3
4595543.4568 5437433.7950  31.3979 0.1292114 1.051515 0
4595543.3635 5437434.3602  33.6593 0.1332936 1.170581 1
4595543.4208 5437434.0398  29.3519 0.0285624 1.231532 3
4595543.2993 5437434.7631  33.7831 0.1401373 1.088189 0
4595543.2547 5437435.0560  32.3980 0.1036829 1.055318 1
4595543.2894 5437434.8625  29.7071 0.0522397 1.092287 3
4595543.2233 5437435.2756  29.9368 0.1180185 1.082769 1
4595543.6015 5437433.1692   0.3470 0.0350406 0.953270 3
4595543.2316 5437435.2753  24.2546 0.0670589 1.156115 1
4595543.2428 5437435.2132  23.3671 0.0340981 1.879209 2
4595543.5338 5437433.5951   0.2784 0.0830041 1.010398 3
4595544.0664 5437431.2425  33.9651 0.1130191 1.069422 1
4595544.0771 5437431.1809  33.2228 0.1060151 1.165311 3
4595543.9970 5437431.6757  34.4807 0.1708054 1.089820 0
4595543.9556 5437431.9492  33.0566 0.1658055 1.080142 0
4595543.8701 5437432.4744  34.8465 0.0550010 1.156224 1
4595543.9243 5437432.1653  30.8653 0.0410042 1.296687 2
4595544.0264 5437431.5835  23.3986 0.0519240 1.174437 3
4595543.9154 5437432.2548  26.9590 0.1275969 1.070856 1
4595543.9786 5437431.8946  22.2696 0.0444219 1.281475 3
4595543.7355 5437433.3170  35.5369 0.1579762 1.088002 1
4595543.7721 5437433.1089  32.8586 0.0485732 1.173679 3
4595543.6925 5437433.6004  34.0908 0.0399025 1.275541 1
4595544.1444 5437431.0337   0.3021 0.3560323 1.033980 3
4595543.7961 5437433.0522  21.6169 0.0328593 1.014726 3
4595543.5998 5437434.2053  31.6032 0.0328475 0.957778 1
4595543.6279 5437434.0463  29.4738 0.0254758 1.122992 2
4595543.6624 5437433.8510  26.8562 0.0765739 1.171152 3
4595543.5067 5437434.7726  33.9257 0.1474166 1.123342 1
4595543.5664 5437434.4352  29.3077 0.0674170 1.176817 3
4595543.4655 5437435.0465  32.2941 0.0818017 1.325784 1
4595543.5045 5437434.8260  29.2240 0.0497954 1.531451 2
4595543.5675 5437434.4702  24.2802 0.0335269 1.044897 3
4595543.5174 5437434.7952  23.1810 0.0602284 1.237465 1
4595543.8059 5437433.1680   0.3892 0.2558360 1.064113 3
4595543.4040 5437435.4774  27.1778 0.0933248 1.086954 3
4595543.6725 5437434.0107   0.1320 0.0746825 1.061599 3
4595543.6062 5437434.4298  -0.0244 0.0411458 0.928879 3
4595543.5372 5437434.8641   0.0667 0.0810003 1.027962 3
4595544.4986 5437431.0311  33.5794 0.0395377 1.053388 1
4595544.5217 5437430.9019  32.0315 0.0478925 1.181061 2
4595544.4640 5437431.2696  31.6748 0.0675075 1.102305 1
4595544.5301 5437430.9001  27.1947 0.0492951 1.005265 3
4595544.3820 5437431.7726  32.9985 0.0287346 1.158056 1
4595544.4026 5437431.6576  31.5662 0.0486345 1.228080 2
4595544.5050 5437431.0863  24.5263 0.0550981 1.368239 3
4595544.3519 5437431.9863  30.7617 0.1439517 1.138619 1
4595544.4218 5437431.5966  25.8439 0.0488911 1.118331 3
4595544.4177 5437431.6666  21.6523 0.1113126 1.112846 1
4595544.2835 5437432.4609  26.7426 0.1398223 1.085385 0
4595544.2801 5437432.5277  22.3891 0.0521138 1.128408 1
4595544.0729 5437433.7244  32.8068 0.0929062 1.228185 1
4595544.2128 5437432.9499  22.6111 0.0458598 1.283389 3
4595544.0382 5437433.9651  30.7408 0.1185860 1.037241 0
4595544.0241 5437434.0927  27.0828 0.1008344 1.137287 1
4595544.0834 5437433.7654  22.6647 0.0388473 1.317607 3
4595543.8954 5437434.8520  31.9976 0.1370195 1.114741 1
4595543.9614 5437434.4886  26.9828 0.0768853 1.084014 3
4595543.8676 5437435.0558  29.3428 0.0408226 0.980677 1
4595543.8968 5437434.8948  27.0883 0.0432517 0.988506 2
4595543.9158 5437434.7904  25.6266 0.0527836 1.263246 2
4595543.9365 5437434.6764  24.0300 0.0376052 1.131198 2
4595544.2460 5437432.9740   0.3430 0.0399598 1.152705 3
4595543.8271 5437435.3297  27.5897 0.0427247 0.882991 1
4595543.8339 5437435.2923  27.0593 0.0479452 1.815670 3
4595544.6769 5437431.8798  33.0706 0.1313862 1.040344 1
4595544.7844 5437431.2848  25.6985 0.0486535 1.137657 3
4595544.6508 5437432.0725  30.5593 0.0512354 1.382401 1
4595544.7159 5437431.7625  21.5628 0.1194859 1.267665 1
4595544.5809 5437432.5573  26.5982 0.1449685 1.112323 0
4595544.4336 5437433.4190  32.6268 0.0634877 1.087655 1
4595544.5070 5437433.0660  22.7209 0.0759853 1.206957 1
4595544.8163 5437431.3671   0.2109 0.2491791 1.045996 3
4595544.3317 5437434.0800  30.8629 0.0822842 1.342959 1
4595544.4454 5437433.4567  22.5357 0.0283745 1.024045 3
4595544.2498 5437434.5802  32.2508 0.0885149 1.331453 1
4595544.2640 5437434.5027  31.1937 0.0293499 1.110217 3
4595544.2597 5437434.5787  26.7911 0.1389874 1.100853 0
4595544.1643 5437435.1529  29.2355 0.0372425 1.232135 1
4595544.1848 5437435.0415  27.6719 0.0292547 1.181728 2
4595544.2149 5437434.8773  25.3677 0.0384148 1.413658 2
4595544.5444 5437433.0803   0.2634 0.1697738 1.082906 3
4595544.1241 5437435.4260  27.4831 0.0559502 1.122316 3
4595544.8215 5437431.9017  33.0493 0.0981079 1.096662 1
4595544.9278 5437431.3003  25.5999 0.0272759 0.987502 3
4595544.7956 5437432.0897  30.4742 0.0292550 1.181662 1
4595544.8474 5437431.8401  22.2479 0.0880996 2.114169 1
4595544.7245 5437432.5766  26.5268 0.0891734 1.239292 1
4595544.7794 5437432.2671  22.5321 0.0543635 1.094421 3
4595544.6509 5437433.0791  22.5602 0.0285547 1.015474 1
4595544.9510 5437431.3921   0.2223 0.3614956 1.049371 3
4595544.4737 5437434.1196  31.0425 0.0620141 1.185237 1
4595544.5876 5437433.4802  22.5054 0.0432637 1.063926 2
4595544.6087 5437433.3618  20.9169 0.0323402 1.116787 3
4595544.3935 5437434.6138  32.3549 0.0855331 1.136881 0
4595544.4048 5437434.5959  26.6685 0.0789574 1.179493 1
4595544.7485 5437432.6721   0.1964 0.1641099 1.042421 3
4595544.3294 5437435.0638  27.6163 0.0508333 1.119850 1
4595544.6803 5437433.1034   0.2274 0.1917432 1.021513 3
4595544.3055 5437435.2440  24.5152 0.0165626 0.786245 2
4595544.3163 5437435.1840  23.6609 0.0228900 1.012351 2
4595544.3535 5437434.9763  20.7037 0.0267785 0.952405 3
4595545.1326 5437432.0261  32.9903 0.0506287 1.080979 1
4595545.1649 5437431.8451  30.7409 0.1303591 1.096168 3
4595545.0998 5437432.3025  26.4689 0.0388838 1.298011 1
4595545.1583 5437431.9761  22.3046 0.0435142 1.235250 2
4595545.1743 5437431.8866  21.1632 0.0646553 1.058295 3
4595544.9639 5437433.2049  22.4578 0.0329587 1.087968 1
4595544.8375 5437433.9563  27.0930 0.0818468 1.094979 1
4595544.9213 5437433.4917  20.8615 0.0261526 0.920294 2
4595545.1990 5437431.9519   0.1506 0.0884581 1.053310 3
4595544.7750 5437434.3528  27.0186 0.0466461 1.079601 1
4595544.8312 5437434.0417  22.7895 0.0252547 1.026827 2
4595545.1321 5437432.3760   0.0975 0.2697309 1.059696 3
4595544.7327 5437434.6374  25.4099 0.0641600 1.065822 1
4595544.7438 5437434.5763  24.5628 0.0636375 1.150662 2
4595545.0650 5437432.8012   0.0508 0.1831577 1.025334 3
4595544.5851 5437435.5035  31.9474 0.1095668 1.115272 1
4595544.9969 5437433.2315   0.0734 0.0895616 1.014557 3
4595544.5786 5437435.5909  27.5597 0.0499277 1.017246 2
4595544.5906 5437435.5247  26.6166 0.0456144 1.458661 3
4595545.4831 5437432.4072  26.4760 0.0275501 1.012243 1
4595545.2860 5437433.5907  31.4506 0.0513770 1.121570 1
4595545.3082 5437433.4705  29.8758 0.0593107 1.043014 2
4595545.2478 5437433.8545  29.6894 0.1207001 1.045548 1
4595545.1872 5437434.2402  29.5170 0.0502396 1.104896 1
4595545.1205 5437434.6582  29.7850 0.0409261 1.403138 1
4595545.5240 5437432.4802   0.0456 0.4230868 1.083123 3
4595545.0591 5437435.0481  29.6805 0.0470835 1.312507 1
4595545.4566 5437432.9062   0.0036 0.0735342 1.008297 3
4595545.3888 5437433.3351   0.0013 0.0817346 1.016019 3
4595545.6685 5437432.4745  23.7215 0.0508564 1.026232 1
4595545.4383 5437433.8477  31.1802 0.0724017 1.152575 1
4595545.4897 5437433.5651  27.4421 0.0295761 1.251902 2
4595545.3807 5437434.2174  30.8105 0.0481536 0.966698 1
4595545.2641 5437434.9637  30.1550 0.1653339 1.229606 1
4595545.7057 5437434.1103  30.8628 0.0389701 1.013562 1
4595545.7543 5437433.8447  27.3184 0.1363571 1.115217 2
4595545.5934 5437434.8332  29.8802 0.0674755 1.158376 1
4595545.5611 5437435.0658  27.5911 0.0381112 0.940423 1
4595545.5719 5437435.0071  26.7740 0.0492545 1.077770 2
4595545.9265 5437433.0823  -0.0020 0.2419401 1.111561 3
4595545.7900 5437433.9462   0.0788 0.1357815 1.033117 3
4595545.6544 5437434.8047   0.1080 0.0593258 0.945859 3
4595546.1004 5437434.8146  30.0403 0.0666133 1.154509 1
4595546.1400 5437434.6084  27.2225 0.0850158 1.489661 2
4595546.0791 5437434.9974  27.0617 0.0678991 1.189549 1
4595546.1221 5437434.7741  23.9663 0.0288017 0.945642 2
4595546.3178 5437433.9147   0.1302 0.0804473 1.091388 3
4595545.0994 5437434.9106   0.2320 0.0568558 1.130243 3
4595545.1822 5437432.0852   0.2303 0.3071015 1.121522 3
4595545.9034 5437434.7504  19.8664 0.0307540 0.978259 1
4595545.4018 5437435.2498  12.0354 0.0362751 0.996475 1
4595544.6566 5437435.4839   0.1794 0.0436861 1.241270 3
4595544.6825 5437434.5452   0.1119 0.3827013 1.060587 0
4595544.7661 5437432.1531   0.3201 0.3469468 1.079249 3
4595544.7960 5437431.2062   0.3148 0.0427480 1.050536 3
4595545.9834 5437435.1847  30.3381 0.0422461 0.996992 1
4595545.9885 5437434.7648  30.2314 0.1317279 1.105247 1
4595545.8206 5437433.9968  27.1999 0.0816811 1.013628 1
4595545.8213 5437432.7656  26.6449 0.1377926 1.092196 0
4595544.8343 5437434.9468  11.9008 0.0434390 1.223344 1
4595545.4895 5437431.9806  20.9846 0.1259181 1.235462 1
4595544.0753 5437435.6298   0.1648 0.0424024 1.110237 3
4595544.0959 5437434.7030   0.0102 0.0613510 1.113101 3
4595544.2072 5437431.8029   0.3475 0.2874978 1.062739 3
4595545.3318 5437434.9763  29.8964 0.0341359 0.957319 1
4595545.4030 5437434.3791  30.7413 0.0760195 1.083725 1
4595545.1420 5437435.0825  26.9456 0.0307985 1.360943 3
4595545.0004 5437435.0523  24.6923 0.0364902 1.021332 1
4595544.8178 5437435.5418  22.0514 0.0364333 1.212648 2
4595544.8473 5437435.0491  22.2693 0.0362109 0.939002 1
4595544.8918 5437432.8634  21.9437 0.0548241 1.119762 1
4595545.1655 5437431.7446  25.7227 0.0386075 1.008120 2
4595544.9409 5437432.3233  22.4547 0.0574640 1.548079 3
4595544.9502 5437431.8854  22.3709 0.0383581 1.097576 3
4595543.4441 5437434.8718   0.0378 0.5372623 1.073694 3
4595544.9341 5437435.1841  29.8743 0.0753326 1.014631 1
4595544.8581 5437435.3905  28.7780 0.0516535 1.186511 3
4595544.7670 5437435.2298  27.2564 0.0983911 1.025055 1
4595545.0580 5437434.0396  31.2832 0.1005470 1.050756 1
4595544.9566 5437434.3120  29.8021 0.0270099 1.097234 3
4595544.7844 5437434.3661  27.0998 0.1099506 1.095302 1
