    X-Koord.     Y-Koord. Z-Koord.      Int.   Pulsb. W
4595548.3534 5437440.6667   0.0908 0.0733712 1.198912 3
4595548.3855 5437440.1832   0.1158 0.3177647 1.031066 3
4595549.1388 5437440.2118  23.6187 0.0917159 1.066675 1
4595546.3728 5437440.9901   0.0225 0.2334253 1.128582 3
4595548.2632 5437440.9119  23.6854 0.0839875 1.038223 1
4595548.2929 5437440.4459  23.6964 0.1217413 1.037842 1
4595548.3465 5437440.0938  24.0872 0.1187372 1.217019 1
4595545.4812 5437440.6291   0.1235 0.1420907 0.997160 3
4595547.2326 5437440.4140  21.5834 0.0889583 1.102120 1
4595547.4706 5437440.3024  24.4445 0.0499129 0.963498 1
4595546.7499 5437441.1599  29.0056 0.0365162 1.076049 3
4595546.8653 5437441.0919  30.3583 0.0724963 0.927417 0
4595543.3982 5437440.8729   0.0156 0.1473418 1.104780 3
4595543.4340 5437440.4017   0.0659 0.0425877 1.034687 3
4595545.5506 5437440.3401  25.3035 0.0468482 1.145523 3
4595542.5097 5437440.5950   0.0450 0.1258409 1.049573 3
4595542.5447 5437440.1183   0.0594 0.0992169 1.079058 3
4595544.6173 5437440.3491  24.6918 0.0956271 1.058445 1
4595544.5714 5437440.1486  23.9832 0.0368504 1.073985 3
4595545.0029 5437440.8506  29.6254 0.0296848 1.055236 2
4595544.8612 5437440.2266  27.4627 0.0286382 0.871087 3
4595545.1768 5437441.0294  31.8090 0.0166456 0.692586 3
4595545.2966 5437440.9718  33.1761 0.1603224 1.378045 0
4595545.3406 5437440.5796  33.3980 0.1025159 1.029982 1
4595545.2936 5437440.3697  32.6762 0.0468781 1.331674 3
4595541.5152 5437440.5619   0.0648 0.2610116 1.054382 3
4595541.5463 5437440.0690   0.0291 0.2567587 1.044422 3
4595544.3429 5437440.9264  33.2141 0.1054402 1.121686 0
4595544.3979 5437440.5809  33.5917 0.0635709 1.036603 1
4595544.3387 5437440.3212  32.6954 0.0719032 1.330400 3
4595542.8833 5437440.0691  26.8806 0.0579879 1.694692 2
4595543.2186 5437440.9051  31.3712 0.0534078 1.385058 1
4595543.1553 5437440.6352  30.4406 0.0261301 0.989823 2
4595543.0839 5437440.3310  29.3863 0.0605897 1.062369 3
4595543.2620 5437440.5046  31.5594 0.0656873 1.180025 1
4595543.3370 5437440.2403  32.2081 0.0661810 1.181192 1
4595542.0558 5437440.0850  27.2025 0.0332108 1.361939 3
4595542.3354 5437440.6694  30.8349 0.0989183 0.972853 1
4595542.2576 5437440.3424  29.6979 0.0837038 1.117130 3
4595542.5055 5437440.2175  32.4020 0.1350380 1.077389 0
4595542.6067 5437440.0631  33.4174 0.1001656 1.028338 1
4595541.4216 5437440.0239  29.8182 0.0542218 1.135577 1
4595540.9003 5437440.1480  31.1022 0.0556826 1.004748 1
4595540.8696 5437440.3703  28.0547 0.0693636 1.021518 1
4595540.8233 5437440.6772  26.3929 0.1604445 1.096558 2
4595540.9642 5437440.0574   0.1005 0.1408529 1.104138 3
4595540.8948 5437440.4908   0.1819 0.1444849 1.075279 3
4595541.1506 5437440.4006  30.6248 0.1232615 1.105093 1
4595541.1384 5437440.5269  25.8394 0.0318744 1.056995 2
4595541.1545 5437440.4418  24.3309 0.0584152 1.052744 2
4595541.2081 5437440.3595   0.1369 0.0996451 1.050518 3
4595541.4543 5437440.1187  30.4953 0.0470205 1.287718 1
4595541.3928 5437440.5063  30.3533 0.1067627 1.108260 1
4595541.4233 5437440.3439  27.5115 0.0713450 1.727958 2
4595541.4414 5437440.2477  25.8281 0.0362926 1.220833 2
4595541.3916 5437440.5735  24.4798 0.0513399 1.198228 2
4595541.5138 5437440.0577   0.0836 0.0736099 0.953191 3
4595541.6287 5437440.1074  30.4975 0.1069659 1.053886 1
4595541.5682 5437440.4891  30.2521 0.0660537 0.956689 1
4595541.5950 5437440.3431  27.7020 0.0640088 1.227972 2
4595541.6153 5437440.2327  25.7720 0.0284219 0.974626 3
4595541.5319 5437440.7396  27.6490 0.0425771 1.087675 2
4595541.5651 5437440.5597  24.4593 0.0397774 1.136316 2
4595541.6812 5437440.0436   0.0836 0.0405608 1.105655 3
4595541.8687 5437440.3247  31.0486 0.1059328 0.982800 1
4595541.8825 5437440.2495  29.7478 0.0198491 0.937955 2
4595541.9140 5437440.0780  26.7801 0.0356330 1.297174 3
4595541.8068 5437440.7152  30.9422 0.0654188 1.408137 1
4595541.9262 5437440.2414   0.0756 0.1097722 1.076519 3
4595542.2481 5437440.0954  30.9087 0.0916001 1.013231 1
4595542.2620 5437440.0204  29.6255 0.0703376 1.548318 3
4595542.1873 5437440.4795  30.7256 0.0363087 0.908933 1
4595542.2122 5437440.3465  28.4067 0.0823577 1.063903 2
4595542.2308 5437440.2470  26.6740 0.0348498 1.295377 3
4595542.4548 5437440.0982  30.7780 0.0512989 1.105052 1
4595542.4664 5437440.0350  29.6956 0.0316643 0.934149 2
4595542.3928 5437440.4887  30.6953 0.0344700 1.046647 1
4595542.4069 5437440.4125  29.3676 0.0274374 1.186249 2
4595542.4172 5437440.3565  28.3914 0.0600606 0.992193 2
4595542.4341 5437440.2645  26.7893 0.0172061 0.854050 2
4595542.6686 5437440.0854  30.5768 0.0491827 0.960103 1
4595542.6766 5437440.0416  29.8273 0.0494082 1.189880 2
4595542.6053 5437440.4842  30.6426 0.0387933 1.217934 1
4595542.6215 5437440.3952  29.0941 0.0877235 1.131228 2
4595542.6435 5437440.2741  26.9879 0.0158312 1.121615 2
4595542.6542 5437440.4307   0.0572 0.0349159 1.061622 3
4595543.0313 5437440.3144  30.7874 0.1644233 1.359504 1
4595543.0470 5437440.2309  29.3496 0.0476654 1.764520 3
4595542.9542 5437440.7872  32.1241 0.1458335 1.245447 0
4595543.0944 5437440.2377   0.0839 0.0463642 1.067319 3
4595543.3743 5437440.0997  32.1288 0.0963277 1.125472 0
4595543.3131 5437440.4866  31.9926 0.1193113 1.250161 1
4595543.3282 5437440.4068  30.6167 0.0602966 2.094535 3
4595543.2817 5437440.7169  29.1088 0.0901533 1.075511 1
4595543.3065 5437440.5858  26.8077 0.0347483 1.156890 2
4595543.3289 5437440.4677  24.7350 0.0271425 1.028672 3
4595543.3245 5437440.7689   0.0237 0.0830211 1.052535 3
4595543.4603 5437440.5171  32.0538 0.1528639 1.099650 1
4595543.4291 5437440.7425  29.0729 0.0482696 1.317775 1
4595543.8307 5437440.2756  32.4667 0.0091136 0.775580 1
4595543.8356 5437440.2490  32.0140 0.1015965 2.227129 2
4595544.1541 5437440.7450  32.0554 0.0946337 1.225309 3
4595544.3449 5437440.7466  34.1044 0.0379387 0.975183 1
4595544.3541 5437440.6975  33.2576 0.0819822 1.088824 3
4595544.6154 5437440.9901  33.4102 0.0837532 1.865867 2
4595544.6319 5437440.9033  31.8969 0.0343489 1.311160 3
4595545.2567 5437440.1316  32.6698 0.1370850 1.092599 1
4595545.1993 5437440.5030  32.3035 0.1092970 1.031400 2
4595545.2436 5437440.2817  28.5064 0.0323165 1.271977 3
4595545.1222 5437440.9718  33.5911 0.1416028 1.599689 0
4595545.3071 5437440.3334   0.1514 0.1627910 1.067247 3
4595545.5228 5437440.4727  33.3480 0.1473661 1.079188 1
4595545.4591 5437440.8741  33.4867 0.0246978 1.079102 1
4595545.4825 5437440.7591  31.4969 0.0201059 0.974384 2
4595545.5154 5437440.5974  28.7005 0.0701357 1.123101 2
4595545.5625 5437440.3657  24.6813 0.0401746 1.501272 3
4595545.4353 5437441.0802  30.1865 0.0068865 0.528859 2
4595545.4445 5437441.0351  29.3937 0.0751170 1.997644 3
4595545.7760 5437440.2868  32.5027 0.0777665 1.007140 1
4595545.7993 5437440.1703  30.5302 0.0122923 0.796132 3
4595545.7128 5437440.6860  32.5876 0.0614700 1.054209 1
4595545.7251 5437440.6248  31.5369 0.1240412 1.065023 3
4595545.6545 5437441.0606  32.2453 0.0930736 0.995800 1
4595546.2239 5437440.3394  27.6065 0.0481551 1.178305 1
4595546.2365 5437440.2787  26.5674 0.0436664 1.116887 2
4595546.2615 5437440.1588  24.5120 0.0818368 2.369298 2
4595546.1011 5437441.0252  32.6067 0.1122216 1.070271 1
4595546.1224 5437440.9234  30.8325 0.0497914 1.403199 2
4595546.3555 5437440.0207   0.2033 0.0449789 1.314828 3
4595546.2894 5437440.4427   0.1099 0.1503906 1.093784 3
4595546.2226 5437440.8680   0.0585 0.0304514 0.997626 3
4595546.6394 5437440.1466  27.7482 0.0935014 1.053341 1
4595546.6544 5437440.0765  26.5596 0.0390786 1.184070 2
4595546.5430 5437440.7026  30.4651 0.0992453 1.016040 1
4595546.5750 5437440.5531  27.8867 0.0655436 0.995276 3
4595546.5130 5437440.9481  27.8109 0.0792999 1.028576 3
4595546.4877 5437441.1728  24.7103 0.0454604 1.220193 2
4595546.7182 5437440.2203   0.0419 0.0351689 1.008247 3
4595546.6505 5437440.6499   0.0680 0.1125849 1.031070 3
4595546.5825 5437441.0803   0.1256 0.3196162 1.043141 3
4595546.8456 5437440.1077  28.0313 0.0793666 1.152809 1
4595546.8634 5437440.0229  26.6011 0.0517298 1.061699 3
4595546.7686 5437440.5735  29.1827 0.0715502 1.247107 2
4595546.7806 5437440.5165  28.2025 0.0281011 1.179485 3
4595546.6940 5437441.0273  30.1699 0.0893438 0.992406 1
4595546.7212 5437440.8987  27.9197 0.0337313 1.020104 2
4595546.9231 5437440.1603   0.0510 0.2245576 1.012486 3
4595546.7882 5437441.0151   0.0643 0.1788579 1.055253 3
4595547.1556 5437440.3077  29.7821 0.0452715 1.180581 1
4595547.1736 5437440.2236  28.3577 0.0776311 1.140077 2
4595547.0962 5437440.6908  29.5438 0.0525190 1.184183 1
4595547.6593 5437440.0244  23.8818 0.0617481 0.993729 1
4595547.5411 5437440.6748  28.1647 0.0818346 1.026075 1
4595547.7001 5437440.3309   0.0779 0.5984789 1.057855 0
4595548.0873 5437440.1199   0.1058 0.5381487 1.044410 0
4595547.9538 5437440.9713   0.0444 0.6337047 1.032996 0
4595548.3559 5437440.7657   0.1106 0.3929282 1.126824 0
4595548.8481 5437440.6872   0.9897 0.0277328 0.816167 1
4595548.9984 5437440.5211   0.0492 0.5812692 1.052090 0
4595548.5691 5437440.3838   0.1953 0.5044593 1.061629 0
4595547.9128 5437440.8820   0.1112 0.4672783 1.131451 0
4595547.9270 5437440.4045   0.1108 0.4757383 1.063993 0
4595548.6532 5437440.6437  23.6589 0.0734985 1.083750 1
4595548.7032 5437440.0827  24.2100 0.0954470 1.527570 1
4595547.2197 5437441.0124   0.0500 0.7469765 1.052084 0
4595547.2364 5437440.5296   0.0760 0.4196582 1.140551 0
4595547.2531 5437440.0454   0.1140 0.5982432 1.075057 0
4595548.1763 5437440.2168  23.8253 0.0643682 1.116118 1
4595546.7150 5437441.0696   0.0887 0.6823302 1.041992 3
4595546.7324 5437440.5841   0.1274 0.7057937 1.053239 0
4595546.7454 5437440.1120   0.1060 0.5720822 1.055326 0
4595547.6656 5437440.1370  23.9789 0.0732866 1.171268 1
4595546.1893 5437441.0017   0.1775 0.3418668 1.093282 0
4595546.2054 5437440.5194   0.2011 0.3863417 1.359465 3
4595546.2254 5437440.0271   0.2769 0.2133283 1.293808 0
4595547.3306 5437440.8454  29.8551 0.0615783 1.148620 1
4595547.2325 5437440.7286  28.2018 0.1272310 1.177880 0
4595547.2780 5437440.1863  28.6698 0.1077319 1.096297 1
4595547.0376 5437440.4836  24.9138 0.0974362 1.163305 1
4595545.5022 5437440.6248   0.1318 0.0695797 1.079533 3
4595545.5181 5437440.1445   0.1318 0.1717026 1.032436 3
4595546.7755 5437441.1914  30.3341 0.1117074 1.451545 1
4595546.7123 5437440.9729  29.2023 0.1326049 1.088378 1
4595546.7180 5437440.5495  29.0793 0.1001101 1.640713 1
4595546.6586 5437440.3174  28.0054 0.0907534 0.985741 1
4595546.5717 5437440.5714  26.7312 0.0525894 1.048203 3
4595546.4145 5437440.6202  24.2247 0.0400161 1.153446 2
4595546.4437 5437440.1240  24.4459 0.0782827 1.919414 2
4595546.3813 5437440.7946  30.5332 0.0448483 1.056957 1
4595546.2699 5437441.1235  28.9124 0.0691193 1.056991 2
4595546.2940 5437440.6458  29.0585 0.0525306 1.012467 1
4595546.2139 5437440.8812  27.8917 0.0487733 1.121650 2
4595546.2148 5437440.4704  27.7007 0.0365725 1.037420 1
4595546.1470 5437440.6686  26.7131 0.0445372 0.983591 2
4595546.0436 5437440.9708  25.2055 0.0326204 0.990914 2
4595545.9922 5437441.1210  24.4560 0.0269049 1.134292 2
4595546.1568 5437440.2308  26.6454 0.0341489 1.005587 1
4595545.9846 5437440.7314  24.1404 0.0515066 1.008692 2
4595546.0473 5437440.1383  24.8395 0.1355439 1.746884 1
4595545.8936 5437440.7107  31.6377 0.0945027 0.984908 1
4595545.7830 5437441.0358  30.0357 0.0563696 1.075556 3
4595545.8253 5437440.5056  30.4504 0.1188229 1.087064 1
4595545.7080 5437440.8484  28.7515 0.0298522 0.916153 2
4595545.7435 5437440.3366  29.0585 0.1048984 1.032017 1
4595545.6837 5437440.5104  28.2018 0.0390954 1.139621 3
4595545.7088 5437440.0301  28.3388 0.0297540 0.996929 3
4595545.3801 5437440.8994  33.6236 0.1256962 1.166634 1
4595545.3862 5437440.4795  33.5132 0.0284663 0.936601 1
4595545.3047 5437440.7170  32.3438 0.0376491 0.965906 2
4595545.3535 5437440.1727  32.8229 0.0700179 1.229745 1
4595545.1349 5437440.8068  29.7050 0.0296551 1.086331 2
4595545.0809 5437440.9634  28.9293 0.0499294 1.515392 3
4595545.1518 5437440.3510  29.7378 0.0732705 1.114580 1
4595545.0834 5437440.5484  28.7654 0.1154230 1.077293 3
4595544.9613 5437440.4924  26.8090 0.0307941 1.119704 1
4595544.9677 5437440.7460  33.2086 0.1795419 1.114417 0
4595544.9598 5437440.3665  32.8861 0.0636656 1.003775 1
4595544.9118 5437440.5059  32.2073 0.0803229 1.437186 2
4595544.8204 5437440.3667  30.6854 0.0813963 1.096541 1
4595544.7486 5437440.5743  29.6642 0.0482363 1.140935 2
4595544.6331 5437440.5006  27.8038 0.0906539 1.079031 2
4595544.5292 5437440.8334  33.1083 0.1107905 1.061699 1
4595544.5108 5437440.4840  32.6465 0.1588388 1.099975 0
4595544.4238 5437440.3309  31.1882 0.1697448 1.464926 1
4595544.2604 5437440.8027  28.8580 0.0355470 1.538064 3
4595544.2952 5437440.2958  29.1409 0.0666412 1.263651 2
4595544.2352 5437440.4682  28.2903 0.0417673 1.923823 3
4595544.2318 5437440.0691  28.0165 0.0699891 1.070699 2
4595543.8872 5437440.1834  32.7230 0.0289908 0.958864 1
4595543.8245 5437440.3631  31.8409 0.0599275 1.279556 2
4595541.7832 5437440.5578   0.0801 0.1094807 0.986380 3
4595541.7997 5437440.0771   0.0713 0.0532702 1.069574 3
4595543.3338 5437440.8650  32.2400 0.1471125 1.060763 0
4595543.3099 5437440.5304  31.6942 0.0626048 1.294822 1
4595543.2341 5437440.7469  30.6313 0.0603277 1.268674 3
4595543.2888 5437440.1857  31.1808 0.0401919 1.275954 2
4595543.1521 5437440.5744  29.2681 0.0631511 1.130871 3
4595543.1889 5437440.0638  29.5620 0.0541092 1.211820 3
4595542.9812 5437440.4733  32.1829 0.0813396 1.066852 1
4595542.2780 5437440.5351  30.8071 0.0342953 0.931559 1
4595542.2006 5437440.7542  29.7206 0.0567274 0.977702 2
4595542.3026 5437440.0600  30.9124 0.0298577 1.247602 2
4595542.1386 5437440.1143  28.4138 0.0441198 1.462597 3
4595541.9147 5437440.3314  25.0826 0.0442163 1.837176 2
4595541.7173 5437440.5799  31.0324 0.0669581 1.116925 1
4595541.6546 5437440.7564  30.1589 0.0503586 1.064766 2
4595541.6691 5437440.3105  30.1442 0.0742555 1.227476 1
4595541.5063 5437440.6081  31.3075 0.0432173 1.050399 1
4595541.4437 5437440.7853  30.4333 0.0686993 1.053312 3
4595541.5257 5437440.1491  31.3516 0.0612867 1.095958 1
4595541.4265 5437440.4287  29.9811 0.0322032 1.261841 3
4595540.8892 5437440.0283  27.7581 0.0369458 1.177568 2
4595548.4160 5437439.6934   0.1082 0.0766102 1.266148 3
4595548.4453 5437439.1975   0.0790 0.1607177 1.085079 3
4595548.4798 5437438.7263   0.1373 0.2983574 1.016348 3
4595548.5618 5437438.4746   0.9814 0.0415775 0.996797 2
4595548.5110 5437438.2384   0.1111 0.1291342 1.023674 3
4595547.4126 5437438.3559   0.1543 0.0434907 1.152467 3
4595547.4456 5437437.8764   0.1627 0.0610858 1.275053 3
4595547.4763 5437437.3866   0.1392 0.1272153 1.129293 3
4595547.5145 5437436.9304   0.2536 0.0889741 1.155300 3
4595547.5336 5437436.3862   0.0582 0.2607162 1.124102 3
4595547.5667 5437435.9066   0.1052 0.1820222 1.131968 3
4595547.5922 5437435.3908   0.0269 0.4168255 1.051364 3
4595547.6202 5437434.8861  -0.0142 0.5916805 1.036657 0
4595547.6555 5437434.4170   0.0658 0.6006861 1.070063 0
4595549.1755 5437439.7808  23.7300 0.0551038 1.424302 1
4595546.4679 5437439.5341   0.0437 0.2047967 1.033166 3
4595546.5046 5437439.0700   0.1260 0.0656259 1.099728 3
4595546.5359 5437438.5804   0.1183 0.2078365 1.034930 3
4595546.5632 5437438.0743   0.0436 0.0914221 0.982605 3
4595546.5890 5437437.5615  -0.0583 0.2972709 1.115587 3
4595546.6218 5437437.0781  -0.0237 0.0656613 1.218831 3
4595546.6547 5437436.5957   0.0148 0.3852235 1.060680 3
4595546.6853 5437436.1028   0.0079 0.2206515 1.065607 3
4595547.3530 5437438.5340  10.3492 0.0450217 1.118511 1
4595546.7154 5437435.6070  -0.0096 0.6377841 1.042947 3
4595546.7462 5437435.1148   0.0042 0.4721896 1.069203 3
4595546.7789 5437434.6303   0.0495 0.4751979 1.065640 3
4595546.8088 5437434.1341   0.0461 0.4246658 1.095255 3
4595548.3242 5437439.3842  23.2354 0.1051361 1.089885 1
4595548.3648 5437438.9686  23.4096 0.0660231 1.055920 1
4595548.3800 5437438.4340  23.1621 0.1500758 1.651751 1
4595545.6142 5437438.7104   0.1940 0.0442722 1.025441 3
4595545.6813 5437437.7509   0.2700 0.2563060 1.205432 3
4595545.7055 5437437.2303   0.1571 0.2253142 1.111189 3
4595545.7438 5437436.7718   0.2645 0.1968990 1.567427 3
4595545.7644 5437436.2338   0.0988 0.2678981 1.225595 0
4595545.7928 5437435.7302   0.0631 0.1365681 1.075167 3
4595545.8214 5437435.2270   0.0352 0.1804408 1.035896 3
4595545.8561 5437434.7513   0.1078 0.1730660 1.078162 3
4595547.0146 5437439.4166  18.0950 0.0425097 1.114494 2
4595545.8883 5437434.2644   0.1392 0.0975970 1.103063 3
4595547.2548 5437439.9111  21.4619 0.0305095 1.085526 2
4595547.3591 5437439.1819  22.1761 0.0410440 1.103242 1
4595547.1679 5437438.2943  19.0883 0.0675698 1.654306 3
4595547.1424 5437437.5641  18.1606 0.0866939 1.343536 1
4595547.6580 5437439.3686  26.0299 0.0849421 0.995581 1
4595547.5149 5437438.6972  23.7203 0.0542899 1.242456 2
4595547.6920 5437438.9255  26.0975 0.0836952 1.035572 1
4595547.7445 5437436.1414  24.4729 0.0531510 1.154827 1
4595547.9672 5437436.6112  27.5790 0.0844109 1.112960 1
4595544.4644 5437439.6486   0.0533 0.0360145 0.961827 3
4595544.4960 5437439.1610   0.0557 0.0303465 0.774747 3
4595544.5290 5437438.6787   0.0906 0.1146093 1.057236 3
4595544.5965 5437437.7205   0.1630 0.0604679 1.245235 3
4595544.8961 5437438.3946   4.3237 0.0332399 0.964571 3
4595545.0486 5437438.4386   6.2064 0.0459662 1.074662 3
4595545.1773 5437438.3846   7.7254 0.1277856 1.287974 3
4595545.3971 5437438.7338  10.6584 0.0489916 1.230406 1
4595544.7135 5437435.7225   0.0561 0.4571226 1.058780 3
4595544.7525 5437435.2653   0.1722 0.2749831 1.159481 0
4595544.7776 5437434.7461   0.0663 0.2235438 0.994394 3
4595546.5886 5437439.2301  25.5301 0.1243841 1.481520 0
4595546.6725 5437439.0152  26.3809 0.1080694 0.989231 1
4595546.4991 5437437.6116  23.1434 0.0671196 1.410603 3
4595546.7557 5437438.2000  26.7422 0.0528107 1.164907 1
4595546.7453 5437437.5489  26.0859 0.0515192 1.015432 1
4595546.9498 5437437.9041  28.8625 0.0529856 1.058078 1
4595546.8796 5437437.5742  27.7385 0.0748291 1.115302 2
4595546.6238 5437436.3728  23.7198 0.0262425 0.979537 2
4595546.7401 5437436.3140  25.0840 0.0955573 1.030161 1
4595546.9528 5437436.7143  27.9681 0.0498676 1.065860 1
4595546.7764 5437435.8777  25.1883 0.0657995 1.235060 2
4595547.0560 5437436.6017  29.1330 0.0718985 1.167958 1
4595546.9031 5437435.8728  26.7203 0.0479157 1.328574 2
4595546.9458 5437435.4703  26.9312 0.0752838 1.086795 1
4595546.9879 5437435.0659  27.1447 0.0301075 0.963720 1
4595547.0870 5437434.9365  28.2499 0.0819693 1.058503 1
4595547.1712 5437434.1289  28.6716 0.0338154 1.014895 1
4595543.4654 5437439.9123   0.0474 0.4843994 1.042906 0
4595543.6210 5437437.4552   0.0283 0.3740429 1.033224 3
4595543.6531 5437436.9680   0.0538 0.4049011 1.086518 0
4595543.6803 5437436.4587   0.0032 0.2684270 1.115844 0
4595543.7182 5437435.9942   0.0964 0.0302390 0.821832 3
4595545.9095 5437439.5650  28.9523 0.0698351 1.046082 1
4595545.6391 5437438.3402  24.7743 0.0842923 1.094755 2
4595545.8286 5437438.6017  27.2391 0.1176311 1.091645 1
4595545.5692 5437437.4209  23.2361 0.0316735 1.037463 2
4595545.8291 5437438.0030  26.7817 0.1465283 1.119061 1
4595545.7986 5437437.2617  25.8448 0.1476560 1.263738 1
4595545.7124 5437436.8656  24.5087 0.0319260 1.027758 2
4595545.9281 5437437.2565  27.3853 0.0937538 1.001577 1
4595545.8361 5437436.8315  25.9596 0.1023047 1.247791 3
4595546.0982 5437437.4438  29.5552 0.1498568 1.621563 0
4595546.0100 5437436.4321  27.7316 0.1308721 1.228185 1
4595546.3587 5437437.4626  32.6725 0.0540206 1.169639 1
4595546.0931 5437436.2177  28.5624 0.0519374 1.016967 2
4595546.0803 5437435.5537  27.9057 0.1703533 1.944452 1
4595546.0809 5437434.3440  27.0333 0.1115581 1.077544 1
4595546.3121 5437434.8399  30.1579 0.1269310 1.044353 1
4595542.5782 5437439.6368   0.0461 0.1048790 1.076678 3
4595542.6117 5437439.1554   0.0624 0.1204655 0.979942 3
4595542.6390 5437438.6474  -0.0036 0.3893801 1.042691 3
4595542.6667 5437438.1411  -0.0097 0.2601616 1.046062 3
4595542.6939 5437437.6306  -0.0068 0.0948113 1.022977 3
4595542.7221 5437437.1254  -0.0322 0.0863428 1.225874 0
4595542.8562 5437435.1905   0.0767 0.0542670 0.977081 3
4595545.2025 5437439.3701  30.7795 0.0701122 1.013136 1
4595544.9022 5437438.0214  26.2253 0.0509686 1.530661 2
4595545.2419 5437438.9543  30.9318 0.1264462 1.112850 1
4595544.9712 5437437.7322  26.8163 0.0645198 1.361917 3
4595545.2213 5437438.2674  30.1710 0.0602059 1.051232 1
4595545.1508 5437437.9474  29.0967 0.0717923 1.063073 3
4595545.1534 5437437.3612  28.6810 0.1156410 1.247684 1
4595545.0758 5437437.0078  27.4976 0.0511647 1.231198 3
4595545.3182 5437437.5162  30.7435 0.1418949 1.627120 1
4595545.1815 5437436.8901  28.6506 0.0592626 1.345690 3
4595545.4025 5437437.3053  31.5726 0.0699074 1.114144 1
4595545.2257 5437436.4920  28.8641 0.0710053 1.272320 2
4595545.4654 5437436.9997  32.0748 0.0961487 1.086239 1
4595545.2815 5437436.1496  29.2657 0.0925994 1.306542 3
4595545.5633 5437436.8561  33.1161 0.0544810 0.942214 1
4595545.5180 5437436.6453  32.4162 0.0712658 1.422273 3
4595545.5725 5437436.3016  32.7994 0.0811114 1.094298 1
4595545.3594 5437435.3069  29.5579 0.0543020 1.061153 3
4595545.4157 5437434.9689  29.9718 0.0489052 1.305889 1
4595545.5314 5437434.3065  30.8484 0.0563726 1.044097 1
4595541.5841 5437439.6035   0.0882 0.3549546 1.056189 3
4595541.6135 5437439.1041   0.0465 0.6712205 1.058730 0
4595541.6443 5437438.6103   0.0325 0.3676033 1.054757 3
4595541.6729 5437438.1076   0.0247 0.2565788 1.044964 3
4595541.6975 5437437.5867  -0.0260 0.0589585 0.992458 3
4595541.7226 5437437.0679  -0.0651 0.2129102 1.068680 3
4595541.8176 5437435.5911   0.0188 0.0675384 1.094263 3
4595544.3064 5437439.5903  31.7234 0.1108541 1.122999 1
4595544.2379 5437439.2884  30.6989 0.0780155 1.371556 2
4595544.1698 5437438.9881  29.6865 0.0288291 1.176437 3
4595544.2870 5437438.9136  30.9914 0.0489901 0.994101 0
4595544.4348 5437438.9788  32.7549 0.0201134 0.809875 1
4595544.3305 5437438.5145  31.2021 0.1725452 2.104664 2
4595544.3385 5437437.9568  30.8724 0.0410442 0.918235 1
4595544.1268 5437437.0101  27.7234 0.0342187 0.960794 2
4595544.0677 5437436.7457  26.8491 0.0143498 0.769459 3
4595544.4073 5437437.6727  31.4550 0.0824109 1.143404 1
4595544.2537 5437436.9822  29.1716 0.0279508 0.956663 3
4595544.4999 5437437.4952  32.3923 0.0959099 1.040726 1
4595544.4451 5437437.2476  31.5786 0.0786971 1.122711 3
4595544.6437 5437437.5533  34.1069 0.0599757 1.195071 1
4595544.4791 5437436.8060  31.6519 0.0304246 1.147499 2
4595544.3740 5437436.3291  30.0858 0.0401567 1.287310 3
4595544.7100 5437437.2626  34.6618 0.0633087 1.074370 1
4595544.6489 5437436.9842  33.7496 0.0837331 1.509434 2
4595544.5041 5437436.3235  31.5862 0.0300570 1.081114 3
4595544.5152 5437435.7772  31.3039 0.0516671 1.134598 1
4595544.6375 5437435.1435  32.2366 0.0420467 1.011970 1
4595543.2447 5437439.8433  30.8389 0.0110892 0.552282 2
4595543.1807 5437439.5680  29.8865 0.1027877 2.391668 3
4595543.3976 5437439.9152  32.6467 0.1407781 1.155408 1
4595543.2711 5437439.3682  30.7711 0.0262657 1.078693 3
4595543.2514 5437438.6932  30.0422 0.1013736 1.340850 1
4595542.9939 5437437.5744  26.3444 0.0275656 0.843263 3
4595543.3172 5437438.3883  30.5755 0.0659410 1.018016 1
4595543.2478 5437438.0854  29.5739 0.0648564 1.032999 2
4595543.1736 5437437.7615  28.5093 0.0533110 1.332761 3
4595543.5699 5437438.9046  33.8519 0.0308687 1.011284 1
4595543.3924 5437438.1260  31.2534 0.0607778 1.282656 2
4595543.2094 5437437.3237  28.6154 0.0310182 1.168427 3
4595543.6111 5437438.4981  34.0204 0.0315887 1.037952 0
4595543.6953 5437438.2823  34.8279 0.0730467 1.071657 1
4595543.4175 5437437.0518  30.7822 0.0295195 1.061723 2
4595543.1796 5437435.9984  27.3149 0.0593294 1.447056 3
4595543.7212 5437437.8087  34.7802 0.0469860 1.270541 1
4595543.5206 5437436.9161  31.8571 0.0397717 1.335099 2
4595543.4672 5437436.6786  31.0827 0.0834881 1.314513 3
4595543.6174 5437436.7548  32.8459 0.0590373 1.275662 3
4595543.4186 5437435.2693  29.4776 0.1985391 1.068300 0
4595543.6830 5437435.2675  32.4844 0.1107321 1.151940 0
4595542.1285 5437439.2107  27.3312 0.0330919 1.035288 1
4595542.0241 5437438.7700  25.8250 0.1029970 1.600337 2
4595542.4514 5437439.4010  31.1208 0.0462094 1.135950 2
4595542.2845 5437438.6892  28.7067 0.0336256 1.144060 3
4595542.4827 5437438.9464  31.1366 0.0679779 0.977360 1
4595542.4274 5437438.7097  30.3370 0.0562334 1.177286 2
4595542.3310 5437438.2967  28.9735 0.0484865 2.001968 3
4595542.5972 5437438.8505  32.3643 0.0339586 0.994015 1
4595542.2433 5437437.3269  27.3915 0.0595006 0.979244 2
4595542.1976 5437437.1300  26.7385 0.0381132 1.095694 3
4595542.4736 5437437.7270  30.2605 0.0112312 0.661097 1
4595542.4310 5437437.5426  29.6698 0.0469073 2.178561 2
4595542.2681 5437436.8377  27.3368 0.0415922 0.989563 3
4595542.7042 5437438.1369  33.0999 0.0653391 1.045159 1
4595542.4820 5437437.1709  29.9921 0.0390712 1.692966 3
4595542.2250 5437435.4545  25.8502 0.0910066 1.297473 0
4595542.3613 5437435.4519  27.3738 0.0508177 1.165509 1
4595541.2589 5437439.3480  27.4891 0.0568792 1.254818 2
4595541.0963 5437438.6723  25.1753 0.0477694 1.098989 2
4595541.4945 5437439.7417  30.4075 0.0623289 1.047152 1
4595541.3040 5437438.9460  27.6907 0.0284348 0.899716 2
4595541.4743 5437439.0697  29.6750 0.0523004 1.084378 1
4595541.5713 5437438.8902  30.6265 0.1158433 1.126527 1
4595541.3602 5437437.9999  27.6606 0.0352438 1.056829 2
4595541.1957 5437437.3063  25.3791 0.0378146 1.345977 3
4595541.3829 5437437.5046  27.5931 0.0236586 1.071364 2
4595541.5269 5437437.5228  29.2183 0.0239632 0.910199 1
4595541.5971 5437437.2309  29.8315 0.0787637 1.041931 1
4595541.4580 5437436.6359  27.9185 0.0601579 1.682192 3
4595541.7447 5437436.6825  31.1476 0.0735653 0.989136 1
4595540.9508 5437436.4237  28.2643 0.0929159 1.038695 1
4595540.9018 5437436.7458  27.0518 0.0741437 1.162745 1
4595540.8198 5437437.2379  28.3849 0.0849650 1.076405 1
4595540.8501 5437437.0821  26.0132 0.0543333 1.287517 2
4595540.8648 5437437.0065  24.8616 0.0216944 0.942719 2
4595540.8404 5437437.2037  21.6292 0.0461062 1.201308 2
4595541.0425 5437436.2452   0.0744 0.0667614 1.257360 3
4595540.9739 5437436.6735   0.0280 0.0640670 0.980248 3
4595540.9051 5437437.1028  -0.0214 0.0344413 1.047330 3
4595540.8350 5437437.5383   0.0345 0.2414530 1.056096 3
4595541.2339 5437436.3934  31.6898 0.0653592 1.121329 1
4595541.3275 5437435.9103  24.6033 0.0316647 0.902680 3
4595541.2158 5437436.5563  28.1880 0.0668371 1.195186 1
4595541.1588 5437436.9198  27.5991 0.0733939 1.374159 1
4595541.1681 5437436.8723  26.8843 0.0127396 0.764053 2
4595541.1832 5437436.7946  25.7153 0.0457363 1.080060 2
4595541.2181 5437436.6154  23.0170 0.0336063 0.944407 2
4595541.0728 5437437.4320  29.2574 0.1082963 0.996658 1
4595541.0835 5437437.3776  28.4254 0.0260427 0.923694 2
4595541.0093 5437437.8290  29.1946 0.0574669 1.092854 1
4595541.0323 5437437.7119  27.3661 0.0216311 0.983887 2
4595541.0515 5437437.6138  25.8350 0.0203212 0.945336 2
4595540.8736 5437438.6672  29.8412 0.0545350 1.118101 1
4595540.8985 5437438.5408  27.7881 0.0797204 1.465591 2
4595541.2383 5437436.8177   0.0263 0.0334630 1.044024 3
4595540.8336 5437438.9452  27.8801 0.0531509 1.359782 2
4595541.1690 5437437.2495   0.0210 0.2973862 1.044952 3
4595541.0989 5437437.6855   0.0879 0.4119473 1.058748 3
4595541.0300 5437438.1156   0.1011 0.6052438 1.047659 0
4595540.9608 5437438.5472   0.1224 0.3225522 1.059742 3
4595540.8919 5437438.9767   0.1600 0.1451912 1.033986 3
4595540.8235 5437439.4039   0.1733 0.1325694 1.052783 3
4595541.3619 5437436.3914  31.6960 0.0431550 1.121076 1
4595541.4180 5437436.0939  27.3372 0.0476300 1.190274 2
4595541.3438 5437436.5470  28.0919 0.0796186 1.277704 1
4595541.3560 5437436.4824  27.1335 0.0318744 1.105107 2
4595541.4231 5437436.1271  21.8475 0.0387253 1.251559 2
4595541.2599 5437437.0514  29.6096 0.0214357 0.848781 1
4595541.2811 5437436.9395  27.9271 0.0866478 1.586647 2
4595541.2933 5437436.8753  26.9625 0.0519819 1.003323 2
4595541.3105 5437436.7842  25.5931 0.0186240 1.057314 3
4595541.2062 5437437.3963  28.7407 0.0615808 2.085931 1
4595541.2448 5437437.1930  25.6370 0.1155782 1.520176 2
4595541.1369 5437437.8237  29.1478 0.0411185 0.949565 1
4595541.4918 5437435.9574   0.1183 0.1293264 0.986095 3
4595541.0732 5437438.2210  29.1035 0.0287389 0.900303 1
4595541.0550 5437438.3808  25.2305 0.0339785 1.155469 3
4595540.9359 5437439.0677  29.9347 0.0627081 1.078412 1
4595541.2854 5437437.2444   0.0135 0.3275390 1.045208 3
4595540.8482 5437439.5901  32.0309 0.0273702 1.021029 1
4595540.9150 5437439.2430  26.2058 0.0281579 1.166210 2
4595541.2151 5437437.6813   0.0920 0.3071158 1.048051 3
4595541.1463 5437438.1107   0.0902 0.5217324 1.058378 0
4595541.0773 5437438.5407   0.0822 0.5086811 1.068852 3
4595541.0083 5437438.9706   0.1362 0.1292566 1.073899 3
4595540.9396 5437439.3992   0.1563 0.0452582 1.065573 3
4595540.8715 5437439.8247   0.1026 0.1452871 1.064621 3
4595541.5309 5437436.1992  31.5443 0.0760905 1.029128 1
4595541.5823 5437435.9185  27.4592 0.0398587 1.079510 2
4595541.4565 5437436.7076  27.2103 0.0719034 1.158553 1
4595541.4751 5437436.6067  25.7066 0.0688620 1.100837 2
4595541.3656 5437437.2542  29.3627 0.0417652 1.056829 1
4595541.3895 5437437.1246  27.4002 0.1074132 1.772666 2
4595541.4115 5437437.0052  25.5912 0.0176614 0.814271 2
4595541.3065 5437437.6279  28.9340 0.0615571 1.114940 1
4595541.3220 5437437.5441  27.6389 0.0510383 1.419748 2
4595541.6513 5437435.7603   0.1085 0.2182724 1.042478 3
4595541.2386 5437438.0493  29.2652 0.0568690 1.068113 1
4595541.5827 5437436.1894   0.1087 0.2065485 1.049884 3
4595541.1579 5437438.5395  30.6954 0.0735598 1.130788 1
4595541.5144 5437436.6171   0.0505 0.0617550 1.092946 3
4595541.1020 5437438.8959  30.0424 0.1045876 1.208361 1
4595541.4458 5437437.0462  -0.0017 0.1276798 1.076111 3
4595541.0826 5437439.0567  26.1296 0.0586745 1.024869 2
4595541.3761 5437437.4810   0.0511 0.1073900 1.082017 3
4595541.0038 5437439.5367  27.4569 0.0749572 1.039489 1
4595541.0275 5437439.4094  25.3029 0.0847569 1.308671 2
4595541.3064 5437437.9163   0.1147 0.1291258 1.011085 3
4595540.9631 5437439.8125  25.3334 0.0407379 1.117426 2
4595541.2377 5437438.3460   0.1138 0.2918732 1.046300 3
4595541.1690 5437438.7757   0.1314 0.3079410 1.055556 3
4595541.1011 5437439.2012   0.0795 0.0661013 1.073546 3
4595541.0322 5437439.6317   0.1416 0.0808624 1.076046 3
4595541.8791 5437435.8565  28.2361 0.0995912 1.056445 1
4595541.9075 5437435.7020  25.9944 0.0459767 1.132438 3
4595541.7760 5437436.4703  31.3787 0.1243280 1.142076 0
4595541.7280 5437436.7844  30.1142 0.1053074 1.034011 1
4595541.7587 5437436.6179  27.6408 0.0513107 1.586914 2
4595541.7041 5437436.9682  26.8423 0.0471377 1.069511 1
4595541.7200 5437436.8821  25.5439 0.0414082 1.367543 2
4595541.7523 5437436.7077  22.9125 0.0343084 1.136749 2
4595541.6121 5437437.5211  29.1271 0.0374402 0.971719 1
4595541.6353 5437437.3957  27.2069 0.0914587 1.938878 2
4595541.9609 5437435.6384   0.1907 0.1672387 1.094535 3
4595541.5505 5437437.9091  28.9202 0.0800466 1.053182 1
4595541.8937 5437436.0609   0.0912 0.1539324 1.024358 3
4595541.4854 5437438.3162  29.0035 0.0491262 1.108458 1
4595541.8259 5437436.4868   0.0280 0.1584784 1.068365 3
4595541.4019 5437438.8222  30.7332 0.0985739 1.100749 1
4595541.2465 5437439.8298  27.6377 0.1523314 1.234748 1
4595541.5497 5437438.2166   0.0953 0.1066699 0.993644 3
4595541.4125 5437439.0767   0.1319 0.0434233 1.051106 3
4595541.2762 5437439.9318   0.1335 0.0589893 1.091968 3
4595542.2113 5437435.4221  25.9181 0.1200472 1.248870 0
4595542.1199 5437435.9726  28.0944 0.0585882 1.642774 1
4595542.0177 5437436.5813  31.1801 0.1254821 1.195246 1
4595541.9645 5437436.9234  30.3273 0.0520622 1.536196 1
4595541.9986 5437436.7381  27.5586 0.0780482 1.036872 2
4595541.9186 5437437.2260  28.8632 0.1410704 1.424267 1
4595541.8230 5437437.7975  31.4741 0.0668301 1.043193 1
4595541.8754 5437437.5146  27.1248 0.0739346 1.265702 3
4595541.7891 5437438.0356  28.9495 0.0389669 1.117671 1
4595541.8226 5437437.8550  26.1262 0.0505469 1.129145 2
4595541.8384 5437437.7696  24.7919 0.0353912 1.444551 2
4595542.1312 5437436.1898   0.0303 0.0599282 1.187370 3
4595541.7251 5437438.4365  28.9415 0.0834693 0.989125 1
4595542.0632 5437436.6164  -0.0074 0.0493182 1.054798 3
4595541.6533 5437438.8793  29.6546 0.0613556 1.194516 1
4595541.6752 5437438.7621  27.7466 0.0298707 1.055550 2
4595541.9944 5437437.0475  -0.0015 0.0835978 1.007827 3
4595541.6320 5437439.0514  25.9182 0.0652617 1.073609 1
4595541.6445 5437438.9844  24.8094 0.0862883 1.994260 2
4595541.9248 5437437.4822   0.0612 0.0630602 1.116698 3
4595541.7867 5437438.3464   0.0956 0.0945211 0.998011 3
4595541.6495 5437439.2059   0.1208 0.1855049 1.050129 3
4595541.5818 5437439.6311   0.0756 0.0886330 1.075517 3
4595542.3687 5437435.4945  27.1340 0.0358067 1.125258 1
4595542.3848 5437435.4045  25.8479 0.0744951 1.067882 2
4595542.2536 5437436.1804  31.2886 0.0391203 1.164389 1
4595542.3028 5437435.9067  27.3024 0.0560110 1.196974 2
4595542.1931 5437436.5619  31.0681 0.1144520 1.113495 1
4595542.1388 5437436.9094  30.3190 0.0593788 1.140274 1
4595542.1726 5437436.7219  27.5198 0.0461986 1.347611 2
4595542.0674 5437437.3512  30.9613 0.0579137 1.047985 1
4595542.0917 5437437.2165  28.9198 0.0555608 1.218957 2
4595542.0994 5437437.1742  28.2794 0.0113236 0.891366 2
4595542.1065 5437437.1350  27.6846 0.0189370 0.863707 2
4595542.1180 5437437.0713  26.7200 0.0322369 1.199560 3
4595542.0000 5437437.7711  31.2595 0.0678342 1.026199 1
4595542.0267 5437437.6233  28.9936 0.0262118 1.160425 2
4595541.9788 5437437.9360  27.5998 0.0468332 1.134136 2
4595541.8987 5437438.4261  28.9747 0.0475772 1.123895 2
4595541.9495 5437438.1465  24.5411 0.0204668 0.867820 2
4595542.2301 5437436.6016  -0.0012 0.0507928 1.075997 3
4595541.8488 5437438.7497  27.7485 0.0610254 1.113112 1
4595541.8731 5437438.6165  25.5837 0.1134127 1.895329 2
4595542.1618 5437437.0302  -0.0268 0.0754118 1.056989 3
4595541.8125 5437438.9994  25.2681 0.0350420 0.935073 1
4595541.8228 5437438.9426  24.3299 0.0846733 1.365360 2
4595542.0923 5437437.4651   0.0440 0.1008907 1.106685 3
4595541.6831 5437439.7591  31.2943 0.0873251 1.046338 1
4595541.7002 5437439.6653  29.7102 0.0444602 0.973257 2
4595541.7174 5437439.5709  28.1172 0.0289539 1.199988 3
4595541.6589 5437439.9427  27.6691 0.0416057 0.961953 3
4595541.8167 5437439.1924   0.1451 0.2077753 1.046234 3
4595541.7490 5437439.6176   0.0980 0.1165498 1.081613 3
4595542.6737 5437435.2952  27.3063 0.0367495 1.150946 1
4595542.6062 5437435.7168  27.6080 0.0346275 1.130695 1
4595542.6783 5437435.3156  21.8231 0.0268455 1.043384 2
4595542.5454 5437436.1014  27.3820 0.0361422 1.116488 1
4595542.6195 5437435.6897  21.3408 0.0331386 0.937220 2
4595542.4408 5437436.7287  30.7725 0.0289075 1.019477 1
4595542.4556 5437436.6467  29.5565 0.0206672 0.861740 2
4595542.3921 5437437.0462  29.5500 0.0234023 0.873407 2
4595542.2835 5437437.6950  33.3362 0.0499994 1.185200 1
4595542.3171 5437437.5091  30.5176 0.0212758 0.896573 2
4595542.6765 5437435.5229   0.0759 0.0647790 1.054388 3
4595542.2527 5437437.9135  30.5653 0.0294327 0.990160 1
4595542.2716 5437437.8090  28.9541 0.0523880 1.100317 2
4595542.2918 5437437.6976  27.2361 0.0766485 1.064175 3
4595542.2105 5437438.1951  28.6952 0.1068160 1.208540 1
4595542.2242 5437438.1197  27.5123 0.0528114 1.284132 2
4595542.2436 5437438.0131  25.8424 0.0476772 1.638635 3
4595542.1300 5437438.6882  30.1759 0.0646404 1.119398 1
4595542.1621 5437438.5118  27.3364 0.0332695 1.129057 2
4595542.1755 5437438.4378  26.1552 0.0316185 0.968535 2
4595542.4730 5437436.8036   0.0356 0.0531404 1.118030 3
4595542.0538 5437439.1568  31.3304 0.0600966 1.283665 1
4595542.0971 5437438.9195  27.4476 0.0259463 1.099083 2
4595542.1126 5437438.8345  26.0564 0.0536247 1.004224 2
4595542.1396 5437438.6863  23.6310 0.0490254 1.710256 3
4595542.0012 5437439.4962  30.3873 0.1110727 1.282025 1
4595542.0323 5437439.3263  27.5593 0.0396806 1.089610 2
4595542.3352 5437437.6688   0.1000 0.0584993 1.006129 3
4595541.9322 5437439.9254  30.9728 0.0714162 1.017952 1
4595541.9457 5437439.8517  29.7203 0.0801086 1.001832 2
4595541.9619 5437439.7633  28.2172 0.0473960 2.369330 3
4595542.1296 5437438.9610   0.0925 0.1122089 1.026586 3
4595543.0278 5437435.2617  24.2545 0.0400951 1.104799 2
4595542.8790 5437436.1288  30.9949 0.0391479 0.967145 1
4595542.9193 5437435.9084  27.7925 0.1081447 1.102099 2
4595542.9337 5437435.8295  26.6453 0.0282205 1.400503 3
4595542.8215 5437436.4950  30.5497 0.0670730 1.061131 1
4595542.8671 5437436.2461  26.8774 0.0208750 0.972664 2
4595542.9052 5437436.0374  23.7999 0.0526550 1.094680 2
4595542.9189 5437435.9625  22.6943 0.0210068 0.966182 3
4595542.7030 5437437.1943  35.0690 0.0744084 1.188030 1
4595542.7612 5437436.8767  30.3261 0.0524050 1.114598 2
4595542.6944 5437437.2933  30.6152 0.0555257 1.258333 1
4595542.7220 5437437.1430  28.3347 0.0573213 1.354817 2
4595543.0634 5437435.2833   0.0832 0.0361752 1.153697 3
4595542.6360 5437437.6645  30.1946 0.1007163 1.140455 1
4595542.6556 5437437.5582  28.5692 0.0343190 1.094840 2
4595542.9948 5437435.7141   0.1279 0.0341533 1.055635 3
4595542.5750 5437438.0499  29.9514 0.0576311 1.071525 1
4595542.6052 5437437.8864  27.4142 0.0786936 1.230626 2
4595542.6512 5437437.6365  23.5332 0.0727745 1.212379 3
4595542.5060 5437438.4789  30.3735 0.0540977 1.116989 1
4595542.5240 5437438.3812  28.8338 0.0558538 1.276833 2
4595542.8598 5437436.5639   0.0316 0.0639315 1.033157 3
4595542.4125 5437439.0397  33.0337 0.0410242 1.131590 1
4595542.4507 5437438.8335  29.6951 0.0621085 1.272840 2
4595542.7914 5437436.9936   0.0579 0.0287964 0.977050 3
4595542.3746 5437439.3002  30.8214 0.0346194 1.103544 1
4595542.4278 5437439.0136  26.1022 0.0350844 1.055121 2
4595542.7208 5437437.4352   0.2587 0.0860338 1.351699 3
4595542.3107 5437439.7011  30.9128 0.0879536 1.002042 1
4595542.6546 5437437.8530   0.0385 0.0640877 1.073609 3
4595542.3800 5437439.5771   0.1437 0.0448309 0.969343 3
4595543.2547 5437435.0560  32.3980 0.1036829 1.055318 1
4595543.2233 5437435.2756  29.9368 0.1180185 1.082769 1
4595543.2316 5437435.2753  24.2546 0.0670589 1.156115 1
4595543.2428 5437435.2132  23.3671 0.0340981 1.879209 2
4595543.0696 5437436.2219  32.1497 0.0733744 1.047650 1
4595543.1241 5437435.9195  27.7592 0.0778055 1.171905 3
4595543.0046 5437436.6290  32.3387 0.0247863 0.983051 1
4595543.0245 5437436.5184  30.7120 0.0469637 1.068300 2
4595543.1104 5437436.0427  23.7022 0.0328749 1.019569 2
4595543.1239 5437435.9675  22.5936 0.0196577 0.806252 3
4595542.9103 5437437.1980  34.9188 0.0675173 1.066007 1
4595542.9662 5437436.8885  30.2996 0.0305810 1.410120 3
4595542.9005 5437437.2999  30.5184 0.0576667 1.113216 1
4595542.9278 5437437.1491  28.2328 0.1296210 1.293675 3
4595542.8422 5437437.6697  30.0796 0.0613006 1.244323 1
4595542.8603 5437437.5702  28.5573 0.0513596 1.406652 3
4595542.7814 5437438.0539  29.8282 0.0778340 1.260116 1
4595542.8080 5437437.9077  27.5571 0.0331203 1.285618 2
4595542.8561 5437437.6431  23.4416 0.0851603 1.146521 3
4595542.7301 5437438.3862  28.7355 0.0777077 1.228087 1
4595542.7643 5437438.1984  25.7714 0.0462405 1.404097 2
4595543.0601 5437436.5746   0.0186 0.1103853 1.088750 3
4595542.6171 5437439.0561  33.1175 0.0792968 1.112334 1
4595542.6564 5437438.8410  29.6368 0.0599173 1.101107 3
4595542.5800 5437439.3106  30.8076 0.0594467 1.092416 1
4595542.6186 5437439.0992  27.3300 0.0303982 1.191997 2
4595542.6323 5437439.0247  26.1036 0.0690852 1.109493 2
4595542.9224 5437437.4385   0.1228 0.0609936 1.424014 3
4595542.5165 5437439.7094  30.8618 0.1030862 1.056578 1
4595542.5290 5437439.6411  29.7141 0.1054845 1.149099 2
4595542.8552 5437437.8614  -0.0030 0.0536840 1.059736 3
4595542.4733 5437439.9974  29.0524 0.0435321 1.233747 2
4595542.7858 5437438.2963   0.0709 0.0869811 1.013102 3
4595542.7174 5437438.7265   0.0662 0.0877173 1.031572 3
4595542.6488 5437439.1572   0.1083 0.0404991 1.029609 3
4595542.5805 5437439.5858   0.1236 0.0592065 0.929662 3
4595543.4655 5437435.0465  32.2941 0.0818017 1.325784 1
4595543.3573 5437435.7401  30.9307 0.0696531 1.007348 1
4595543.4040 5437435.4774  27.1778 0.0933248 1.086954 3
4595543.3392 5437435.8849  27.2867 0.0307074 1.216403 1
4595543.3473 5437435.8393  26.6262 0.0475605 0.957662 2
4595543.3581 5437435.7786  25.7462 0.0306232 1.200740 2
4595543.2678 5437436.3295  27.9563 0.1336603 1.158981 1
4595543.1221 5437437.1907  34.8242 0.0330222 1.100640 1
4595543.1790 5437436.8720  30.0734 0.1390029 1.209732 2
4595543.1124 5437437.2895  30.3679 0.0514863 1.187412 1
4595543.1352 5437437.1619  28.4371 0.0896411 1.280450 3
4595543.0410 5437437.7338  31.0722 0.0503988 1.142020 1
4595543.0694 5437437.5749  28.6389 0.0246978 1.016396 3
4595542.9635 5437438.2114  32.2989 0.0694387 1.114329 1
4595543.0181 5437437.9073  27.5709 0.0557980 1.841051 2
4595543.0316 5437437.8318  26.3961 0.0246302 0.987092 2
4595543.3350 5437436.1401  -0.0294 0.0318270 0.963799 3
4595542.9560 5437438.2994  27.4071 0.0302301 1.159926 1
4595542.9737 5437438.2011  25.8555 0.1068562 1.109995 2
4595543.2662 5437436.5730   0.0461 0.1429575 1.011732 3
4595542.8291 5437439.0522  33.0808 0.0444338 1.003449 1
4595542.7117 5437439.7986  32.3954 0.1116855 1.247294 1
4595542.7430 5437439.6252  29.4850 0.0204319 1.008932 2
4595542.7612 5437439.5244  27.7917 0.0213653 0.980518 3
4595542.6843 5437439.9989  29.0974 0.0471750 0.953727 2
4595542.7115 5437439.8488  26.5341 0.0529135 1.746902 3
4595542.9255 5437438.7204   0.0336 0.0888762 1.044104 3
4595542.7890 5437439.5801   0.1030 0.0464545 1.051891 3
4595542.7229 5437439.9987  -0.0420 0.0418658 1.247106 3
4595543.8954 5437434.8520  31.9976 0.1370195 1.114741 1
4595543.8676 5437435.0558  29.3428 0.0408226 0.980677 1
4595543.8968 5437434.8948  27.0883 0.0432517 0.988506 2
4595543.9158 5437434.7904  25.6266 0.0527836 1.263246 2
4595543.8271 5437435.3297  27.5897 0.0427247 0.882991 1
4595543.8339 5437435.2923  27.0593 0.0479452 1.815670 3
4595543.6981 5437436.0890  32.7694 0.0338119 0.991066 1
4595543.7293 5437435.9178  30.3066 0.0521331 1.156048 2
4595543.7741 5437435.6724  26.7785 0.0632336 1.777719 3
4595543.6399 5437436.4596  32.4208 0.0673000 1.318117 1
4595543.6549 5437436.3777  31.2259 0.0392110 1.112452 2
4595543.6670 5437436.3113  30.2570 0.0409126 1.980337 3
4595543.5743 5437436.8708  32.6515 0.0510388 2.248486 1
4595543.5995 5437436.7334  30.6213 0.0251690 1.218377 2
4595543.6121 5437436.6645  29.6039 0.0425017 1.159505 3
4595543.4802 5437437.4368  35.2230 0.0597944 0.994333 0
4595543.4120 5437437.8620  35.7092 0.0709676 1.328348 1
4595543.4981 5437437.3939  28.5718 0.0479354 1.303291 3
4595543.3644 5437438.1747  34.4751 0.0580145 1.082998 1
4595543.3784 5437438.0992  33.3071 0.0485977 1.424389 2
4595543.4191 5437437.8782  29.8856 0.0514902 1.381599 2
4595543.7737 5437435.9545   0.0731 0.0292750 0.943757 3
4595543.3516 5437438.3001  30.2624 0.0390164 1.470044 2
4595543.7056 5437436.3840   0.1083 0.0699928 1.058983 3
4595543.2417 5437438.9502  34.3034 0.1001231 1.093942 1
4595543.2867 5437438.7073  30.4125 0.0367465 1.216646 2
4595543.3223 5437438.5149  27.3311 0.0333720 1.419651 3
4595543.2206 5437439.1215  30.6809 0.0419285 0.973634 1
4595543.2332 5437439.0534  29.5718 0.0540783 1.583742 2
4595543.2711 5437438.8492  26.2459 0.0329776 1.004841 3
4595543.0796 5437439.9960  32.0866 0.0684970 1.088230 1
4595543.1372 5437439.6872  26.8657 0.0968472 2.391725 3
4595543.1621 5437439.8109   0.0759 0.0466468 1.093653 3
4595544.1643 5437435.1529  29.2355 0.0372425 1.232135 1
4595544.1848 5437435.0415  27.6719 0.0292547 1.181728 2
4595544.2149 5437434.8773  25.3677 0.0384148 1.413658 2
4595544.0411 5437435.8780  33.9075 0.0861724 1.466147 1
4595544.1241 5437435.4260  27.4831 0.0559502 1.122316 3
4595543.9600 5437436.3727  35.3743 0.0660119 1.063063 1
4595543.9865 5437436.2286  33.2961 0.0437571 2.377717 3
4595543.9220 5437436.6332  33.4521 0.0998734 1.007093 1
4595543.9350 5437436.5631  32.4291 0.0592541 1.545931 3
4595543.8681 5437436.9807  32.7472 0.0220427 0.991720 1
4595543.9176 5437436.7130  28.7787 0.1553451 1.148070 3
4595543.7150 5437437.9200  35.0308 0.1194999 2.240381 0
4595543.6665 5437438.2387  33.8836 0.0832962 1.445406 1
4595543.7016 5437438.0496  30.9448 0.0792269 2.440155 3
4595543.6075 5437438.6136  33.5977 0.1292960 1.712535 0
4595543.5323 5437439.0751  34.6914 0.0630930 1.210482 1
4595543.5691 5437438.8781  31.5250 0.0368339 1.241620 2
4595543.5996 5437438.7150  28.9033 0.0295677 1.246138 3
4595543.5245 5437439.1769  29.9304 0.0365066 1.044318 1
4595543.5353 5437439.1192  28.9879 0.0418571 1.032331 3
4595543.4712 5437439.5224  29.0709 0.0709750 0.996907 1
4595543.7986 5437437.7803   0.1189 0.0276918 0.936123 3
4595544.3935 5437434.6138  32.3549 0.0855331 1.136881 0
4595544.3294 5437435.0638  27.6163 0.0508333 1.119850 1
4595544.1902 5437435.8876  33.6667 0.0382904 1.041037 1
4595544.3055 5437435.2440  24.5152 0.0165626 0.786245 2
4595544.3163 5437435.1840  23.6609 0.0228900 1.012351 2
4595544.3535 5437434.9763  20.7037 0.0267785 0.952405 3
4595544.1307 5437436.2654  33.4438 0.0724826 1.071638 1
4595544.1422 5437436.2013  32.5190 0.0305796 1.227560 3
4595544.0708 5437436.6462  33.2507 0.1044858 1.137664 0
4595544.0269 5437436.9378  31.7125 0.0245578 1.050618 1
4595544.0597 5437436.7559  29.0168 0.1291474 1.615600 3
4595543.9975 5437437.1499  28.9495 0.0377796 1.129947 1
4595544.0119 5437437.0702  27.7496 0.0384528 1.378991 2
4595544.0325 5437436.9558  26.0276 0.0193511 0.955947 3
4595543.8721 5437437.8932  34.2097 0.0661925 0.994567 1
4595543.8800 5437437.8496  33.5422 0.0452490 1.382886 3
4595543.8203 5437438.2293  33.3184 0.1199829 1.636358 0
4595543.7550 5437438.6394  33.5698 0.0526326 1.915802 1
4595543.7836 5437438.4817  31.0778 0.0691323 1.621071 3
4595543.7163 5437438.9035  31.4873 0.0817939 0.972786 1
4595543.7265 5437438.8474  30.5847 0.0559089 1.354919 3
4595543.6999 5437439.0462  27.3592 0.0286787 0.984030 1
4595543.7122 5437438.9785  26.2538 0.0283345 1.086436 2
4595543.7309 5437438.8761  24.5800 0.0312050 1.126140 3
4595543.5771 5437439.7717  32.7692 0.0503870 1.266092 1
4595543.6386 5437439.4355  27.1689 0.0294469 1.071605 2
4595543.9364 5437437.8063   0.0926 0.0690779 1.045354 3
4595543.5595 5437439.9215  28.6353 0.0423307 1.081665 2
4595543.6001 5437439.6999  24.8796 0.0399718 1.493147 3
4595543.7337 5437439.0881   0.0384 0.1867458 1.016625 3
4595544.7327 5437434.6374  25.4099 0.0641600 1.065822 1
4595544.7438 5437434.5763  24.5628 0.0636375 1.150662 2
4595544.5851 5437435.5035  31.9474 0.1095668 1.115272 1
4595544.5262 5437435.8792  31.6701 0.0141542 0.812470 1
4595544.5346 5437435.8330  31.0113 0.0483904 1.157011 2
4595544.5786 5437435.5909  27.5597 0.0499277 1.017246 2
4595544.5906 5437435.5247  26.6166 0.0456144 1.458661 3
4595544.4219 5437436.5047  35.0008 0.0840646 1.051924 1
4595544.4765 5437436.2047  30.6592 0.0401030 1.247018 3
4595544.3643 5437436.8733  34.6568 0.2052682 1.552757 0
4595544.3078 5437437.2359  34.1943 0.1347439 1.112283 0
4595544.2523 5437437.5930  33.6564 0.0316594 1.069670 1
4595544.2659 5437437.5183  32.5252 0.0247921 0.859437 2
4595544.2776 5437437.4543  31.5568 0.0568652 1.258489 2
4595544.3701 5437436.9494  23.9253 0.0403538 1.187815 3
4595544.1816 5437438.0328  34.3605 0.0733641 1.062427 1
4595544.1926 5437437.9732  33.4438 0.0475782 1.637577 3
4595544.1579 5437438.2170  31.1116 0.1016015 1.628819 1
4595544.1742 5437438.1288  29.7338 0.0418800 1.484651 2
4595544.1848 5437438.0712  28.8330 0.0268279 1.199907 3
4595544.0813 5437438.6896  32.3242 0.0585372 1.154334 0
4595544.0171 5437439.0943  32.4704 0.1168783 2.215278 1
4595544.0292 5437439.0292  31.4205 0.0043829 0.552714 2
4595544.0402 5437438.9695  30.4565 0.0567478 2.262220 3
4595543.9653 5437439.4324  31.5377 0.0869474 1.507984 0
4595543.9019 5437439.8328  31.6339 0.1127957 1.495067 1
4595543.9590 5437439.5252  26.4810 0.0307571 1.122381 3
4595544.1841 5437438.3764   0.1710 0.0438348 1.054081 3
4595545.1205 5437434.6582  29.7850 0.0409261 1.403138 1
4595545.0591 5437435.0481  29.6805 0.0470835 1.312507 1
4595544.9474 5437435.7087  33.3865 0.0431958 1.117572 1
4595544.8904 5437436.0742  32.9847 0.0396142 1.640748 1
4595544.9121 5437435.9574  31.3154 0.0878368 1.347488 3
4595544.8296 5437436.4602  32.8755 0.0351617 1.264007 1
4595544.8550 5437436.3239  30.8984 0.0805929 1.160149 3
4595544.7427 5437436.9858  34.7977 0.0210621 0.899246 1
4595544.7729 5437436.8242  32.4202 0.0517925 1.478111 2
4595544.8160 5437436.5943  29.0370 0.0325952 1.087933 3
4595544.7323 5437437.1030  30.6879 0.1140420 1.365846 1
4595544.7557 5437436.9781  28.8218 0.0356086 1.114949 3
4595544.6286 5437437.7174  34.0043 0.0418236 0.987602 1
4595544.6388 5437437.6635  33.1860 0.0465393 1.235484 3
4595544.6171 5437437.8423  29.8608 0.0486721 1.510251 1
4595544.6495 5437437.6707  27.2126 0.0496024 2.036173 2
4595544.6618 5437437.6055  26.2065 0.0183985 0.804777 3
4595544.5504 5437438.2602  30.1914 0.0464165 1.070201 1
4595544.5752 5437438.1290  28.1339 0.0105760 0.655564 2
4595544.6427 5437437.7721  22.5356 0.0465091 1.203776 2
4595544.6512 5437437.7271  21.8300 0.0186349 0.864824 3
4595544.4581 5437438.8130  32.6836 0.0499132 1.193064 1
4595544.4820 5437438.6869  30.6761 0.0828277 1.072377 2
4595544.5312 5437438.4275  26.5469 0.0204817 0.941311 3
4595544.3886 5437439.2451  33.2803 0.0519154 1.112573 1
4595544.4034 5437439.1670  32.0176 0.0351096 1.317124 3
4595544.3402 5437439.5663  32.0967 0.0190607 0.834118 1
4595544.3623 5437439.4502  30.1814 0.0733869 2.316659 3
4595544.2858 5437439.9193  31.4077 0.0337689 1.023187 1
4595544.3138 5437439.7728  28.9441 0.0492674 1.134970 2
4595544.3436 5437439.6171  26.3256 0.0314831 1.344959 3
4595545.2641 5437434.9637  30.1550 0.1653339 1.229606 1
4595545.1005 5437435.9667  33.1174 0.0437877 0.966224 1
4595545.1159 5437435.8829  31.9266 0.0242432 1.048863 2
4595545.1284 5437435.8146  30.9565 0.0227190 0.999494 2
4595545.1492 5437435.7011  29.3448 0.0538131 2.148670 3
4595545.0403 5437436.3503  32.9656 0.0227112 0.879262 1
4595545.0549 5437436.2707  31.8192 0.0799804 1.027093 2
4595545.0694 5437436.1919  30.6826 0.0329623 1.174271 2
4595545.0901 5437436.0793  29.0590 0.0481444 1.429843 3
4595544.9823 5437436.7216  32.6350 0.0198022 0.924037 1
4595545.0000 5437436.6255  31.2264 0.0536241 0.950745 2
4595545.0297 5437436.4644  28.8677 0.0277472 0.995398 2
4595545.0437 5437436.3880  27.7488 0.0223241 1.097350 2
4595545.0639 5437436.2786  26.1482 0.0333774 1.209391 3
4595544.9837 5437436.7714  27.5134 0.1052763 1.466027 1
4595545.0097 5437436.6306  25.4196 0.0353117 1.033658 3
4595544.8392 5437437.6113  34.1674 0.0386975 1.128219 1
4595544.8766 5437437.4090  31.1136 0.0619374 1.021035 2
4595544.9021 5437437.2711  29.0325 0.0331320 1.192901 2
4595544.9127 5437437.2136  28.1657 0.0661347 1.267688 3
4595544.8289 5437437.7256  29.8884 0.0531980 1.152497 1
4595544.8630 5437437.5415  27.0649 0.0348747 0.881530 2
4595544.8790 5437437.4551  25.7390 0.0244666 1.186671 3
4595544.7704 5437438.1003  29.5418 0.0552086 1.044917 1
4595544.7899 5437437.9953  27.9047 0.0508030 1.571545 2
4595544.8507 5437437.6678  22.8010 0.0720017 1.238734 3
4595544.6928 5437438.5775  30.8162 0.0937656 1.067797 1
4595544.8130 5437437.9322  20.5958 0.0439468 1.636497 3
4595544.6311 5437438.9695  30.7444 0.0711913 1.097072 1
4595544.6574 5437438.8289  28.4827 0.0843942 1.588796 2
4595544.6820 5437438.6970  26.3624 0.0267029 1.268434 3
4595544.5514 5437439.4578  32.2320 0.0633588 1.054631 1
4595544.5878 5437439.2634  29.0526 0.0295658 1.179467 2
4595544.6022 5437439.1862  27.7912 0.0285600 1.255307 3
4595544.5028 5437439.7797  31.0388 0.1131045 1.066398 0
4595545.5934 5437434.8332  29.8802 0.0674755 1.158376 1
4595545.5611 5437435.0658  27.5911 0.0381112 0.940423 1
4595545.5719 5437435.0071  26.7740 0.0492545 1.077770 2
4595545.4252 5437435.8596  33.1376 0.1069292 1.029523 1
4595545.4388 5437435.7864  32.1044 0.0702197 1.284411 3
4595545.3692 5437436.2204  32.6588 0.0864025 1.150897 1
4595545.3030 5437436.6364  32.9837 0.0351984 0.910282 1
4595545.3098 5437436.5996  32.4467 0.0547940 1.595686 3
4595545.3279 5437436.5616  26.0498 0.1438799 1.056909 1
4595545.3478 5437436.4544  24.4635 0.0291753 1.178859 2
4595545.3608 5437436.3847  23.4349 0.0292639 0.987834 2
4595545.6544 5437434.8047   0.1080 0.0593258 0.945859 3
4595545.2063 5437437.2758  30.7540 0.0893813 1.359991 1
4595545.2604 5437436.9852  26.3873 0.0064632 0.535494 3
4595545.1649 5437437.5590  29.0324 0.0405019 1.048651 1
4595545.1788 5437437.4847  27.8993 0.0987034 1.148296 2
4595545.1900 5437437.4246  26.9821 0.0368411 1.110250 3
4595545.0881 5437438.0319  30.2048 0.0610945 1.070699 1
4595545.0989 5437437.9739  29.3055 0.0490579 1.249623 2
4595545.1611 5437437.7061  18.8157 0.0468270 2.122461 2
4595545.3826 5437436.5254   0.2119 0.1480341 1.253043 3
4595544.9526 5437438.8799  31.0634 0.1101539 1.013358 0
4595544.8925 5437439.2633  30.8665 0.0703051 1.099043 1
4595544.9176 5437439.1304  28.7042 0.0167972 0.861578 2
4595544.9409 5437439.0065  26.6911 0.0498810 1.892613 3
4595544.8292 5437439.6636  30.9338 0.0691885 1.052043 1
4595544.8777 5437439.4074  26.6824 0.0448194 1.106455 2
4595544.8937 5437439.3229  25.2845 0.0459696 1.379669 3
4595546.1004 5437434.8146  30.0403 0.0666133 1.154509 1
4595546.1400 5437434.6084  27.2225 0.0850158 1.489661 2
4595546.0791 5437434.9974  27.0617 0.0678991 1.189549 1
4595546.1221 5437434.7741  23.9663 0.0288017 0.945642 2
4595546.0020 5437435.4706  28.0659 0.0350531 1.026770 1
4595546.0198 5437435.3784  26.7678 0.0541530 1.063710 2
4595546.0015 5437435.5478  23.4540 0.0962844 1.307704 1
4595546.3178 5437433.9147   0.1302 0.0804473 1.091388 3
4595545.8353 5437436.4801  31.1238 0.0924074 1.203309 1
4595545.8680 5437436.3121  28.6852 0.0672396 1.090423 2
4595545.8812 5437436.2439  27.6957 0.0276184 0.989424 3
4595545.7581 5437436.9527  32.2599 0.0344599 1.138122 1
4595545.7756 5437436.8626  30.9300 0.0740057 0.967381 2
4595545.8403 5437436.5306  26.0294 0.0901516 1.105364 3
4595545.6955 5437437.3496  32.3085 0.0863046 1.064487 1
4595545.7435 5437437.1036  28.6191 0.0460708 1.901209 3
4595545.6371 5437437.7252  32.0129 0.0710887 1.568798 1
4595545.6690 5437437.5623  29.5337 0.0337980 1.019400 2
4595545.7081 5437437.3627  26.4930 0.1022414 1.293621 3
4595545.5697 5437438.1470  32.4289 0.0530412 1.214233 1
4595545.6258 5437437.8615  28.0151 0.0446310 1.673470 2
4595545.6419 5437437.7796  26.7486 0.0320723 1.175185 3
4595545.5258 5437438.4487  30.9792 0.0462882 1.136899 1
4595545.5367 5437438.3935  30.1130 0.0445949 1.303499 2
4595545.5738 5437438.2053  27.1575 0.0336399 1.168378 2
4595545.6041 5437438.0516  24.7429 0.0311036 1.228052 3
4595545.5446 5437438.4346  24.4228 0.0417017 1.325737 1
4595545.5993 5437438.1581  20.0086 0.0234517 0.934602 2
4595545.8446 5437436.9176   0.1931 0.2100314 1.062481 3
4595545.4010 5437439.2415  30.9884 0.1103743 1.040152 1
4595545.4280 5437439.1053  28.7784 0.0531204 1.260256 2
4595545.5141 5437438.6714  21.7381 0.0288399 1.053709 3
4595545.4015 5437439.3221  25.7697 0.0346451 1.339301 1
4595545.4221 5437439.2185  24.0600 0.0443100 0.965668 2
4595545.4464 5437439.0966  22.0482 0.0193946 0.853425 2
4595545.7077 5437437.7841   0.3862 0.0711666 1.238541 3
4595545.2866 5437439.9822  30.1494 0.0351148 1.146804 3
4595546.5405 5437434.1203  27.2928 0.0416770 0.984400 1
4595546.3471 5437435.3417  27.5416 0.0381969 1.300907 1
4595546.3963 5437435.0891  24.0055 0.0501283 1.349075 2
4595546.2790 5437435.7674  27.9097 0.0928624 1.036562 1
4595546.6599 5437433.8180   0.1809 0.1745724 1.202367 3
4595546.1718 5437436.3920  31.1686 0.0277798 0.970381 1
4595546.2187 5437436.1530  27.7121 0.0375719 1.031761 2
4595546.2353 5437436.0681  26.4832 0.0414935 1.112725 2
4595546.2534 5437435.9760  25.1508 0.0491823 1.288771 2
4595546.2739 5437435.8713  23.6367 0.0335136 1.403373 3
4595546.0888 5437436.8927  32.7065 0.0775640 1.074914 1
4595546.1458 5437436.6026  28.4484 0.0466086 1.273421 2
4595546.5252 5437434.6723   0.1448 0.0483922 1.173046 3
4595546.0251 5437437.2947  32.8358 0.1042238 1.124817 1
4595546.0660 5437437.0873  29.7419 0.0429339 1.615331 3
4595545.9591 5437437.7080  33.1219 0.1020020 1.389655 0
4595545.9379 5437437.8955  29.9646 0.0777441 1.177693 1
4595545.9677 5437437.7452  27.6506 0.0846994 1.227257 3
4595545.9160 5437438.0880  26.7703 0.0900854 1.183654 1
4595545.9623 5437437.8555  23.1322 0.0276877 0.988359 2
4595546.2561 5437436.3794   0.0588 0.1045890 1.010049 3
4595545.8447 5437438.5293  27.4186 0.0323346 1.057238 1
4595545.8947 5437438.2789  23.4395 0.0437522 1.521497 2
4595546.1873 5437436.8137   0.1510 0.0755193 1.434921 3
4595545.8109 5437438.7830  25.0620 0.0370751 1.099655 1
4595545.8259 5437438.7082  23.8535 0.0733703 1.354221 2
4595545.8507 5437438.5847  21.8586 0.0475308 1.403292 2
4595546.1213 5437437.2342   0.0309 0.0320460 0.985091 3
4595545.7005 5437439.4191  28.9054 0.0548625 1.165860 1
4595545.7113 5437439.3652  28.0216 0.0849061 1.053214 3
4595545.6356 5437439.8275  29.0977 0.0266166 0.952927 1
4595545.6444 5437439.7839  28.3681 0.0462200 1.320171 2
4595546.6410 5437434.8717  28.4856 0.0736770 1.058570 1
4595546.5826 5437435.2468  28.1423 0.0858703 1.007867 1
4595546.5422 5437435.5289  26.4772 0.0749799 1.290611 1
4595546.4801 5437435.9237  26.3975 0.0262419 0.943044 1
4595546.5004 5437435.8187  24.8870 0.1176416 1.771626 2
4595546.8351 5437434.0930   0.1224 0.1771765 1.205446 3
4595546.3894 5437436.4655  28.4614 0.0898059 1.406159 1
4595546.4171 5437436.3229  26.3791 0.0834245 1.047701 2
4595546.7680 5437434.5186   0.0837 0.0526252 1.111977 3
4595546.3045 5437436.9766  30.1216 0.0950364 1.087422 0
4595546.2407 5437437.3792  30.2073 0.1002124 1.073710 1
4595546.2700 5437437.2293  27.9526 0.0697660 1.129157 3
4595546.1866 5437437.7325  29.5498 0.1502585 1.683837 0
4595546.1437 5437438.0288  27.9995 0.0919546 1.034008 1
4595546.1617 5437437.9370  26.5720 0.0550506 1.221189 2
4595546.2246 5437437.6173  21.6002 0.0372227 1.118292 3
4595546.1062 5437438.2983  25.9636 0.0693408 1.159575 1
4595546.0428 5437438.7001  25.9731 0.0607105 1.069449 1
4595546.3622 5437437.0874   0.0834 0.0576647 1.060147 3
4595545.9426 5437439.2867  29.0031 0.1187856 1.075309 1
4595545.9192 5437439.4868  25.7239 0.0619736 1.125305 3
4595547.1551 5437434.4096  28.4022 0.0670586 1.107079 1
4595547.0925 5437434.8072  28.3709 0.0486794 1.208728 1
4595546.9029 5437436.0096  28.4566 0.0573930 1.474959 1
4595547.2989 5437434.0310   0.1318 0.1203150 1.020120 3
4595546.8340 5437436.4388  28.8942 0.1090572 1.402512 1
4595547.2318 5437434.4575   0.0940 0.0409913 1.076445 3
4595546.7838 5437436.7751  27.9897 0.0839140 1.039598 1
4595546.8240 5437436.5754  25.0422 0.0306523 0.996118 2
4595547.1647 5437434.8840   0.0792 0.0745693 1.020002 3
4595546.6949 5437437.3031  29.9097 0.0224306 0.927419 1
4595547.0971 5437435.3133   0.0823 0.1642786 1.034264 3
4595546.6466 5437437.6301  28.8441 0.0569796 1.089795 1
4595546.6613 5437437.5576  27.7383 0.0285583 1.023337 2
4595546.6823 5437437.4542  26.1618 0.0258613 0.954651 2
4595547.0298 5437435.7404   0.0674 0.1265424 1.041276 3
4595546.5666 5437438.1130  30.1848 0.1077719 1.070838 1
4595546.6396 5437437.7546  24.6270 0.0350642 1.112244 2
4595546.9630 5437436.1655   0.0383 0.0740146 1.111649 3
4595546.5503 5437438.2842  26.6351 0.0673227 1.003978 1
4595546.5962 5437438.0590  23.0883 0.0877643 1.045010 2
4595546.4902 5437438.6698  26.4114 0.0836782 0.986871 1
4595546.3854 5437439.3677  24.7183 0.0921674 1.231138 1
4595546.2997 5437439.8780  26.5421 0.0294256 1.183672 3
4595546.5577 5437438.7373   0.1699 0.0279348 0.933931 3
4595546.4910 5437439.1617   0.1244 0.0451925 1.111724 3
4595547.5869 5437434.1388  27.4262 0.0650996 1.062070 1
4595547.5225 5437434.5456  27.5177 0.0289090 1.130229 1
4595547.4472 5437435.0059  28.3561 0.0668188 0.978494 1
4595547.3046 5437435.8864  29.5423 0.0854545 1.132203 1
4595547.3222 5437435.8001  28.3152 0.0411594 1.280780 2
4595547.3398 5437435.7137  27.0886 0.0319339 1.001064 2
4595547.2428 5437436.2797  29.4746 0.0251747 0.869810 1
4595547.2816 5437436.0900  26.7388 0.1171301 1.074430 2
4595547.6593 5437434.2449   0.1429 0.0955670 0.993070 3
4595547.2222 5437436.4727  26.4821 0.1053247 1.127286 1
4595547.5936 5437434.6647   0.0243 0.1441477 1.057865 3
4595547.1550 5437436.8930  26.7808 0.1119619 1.670423 1
4595547.5256 5437435.0950   0.0611 0.1619116 1.030504 3
4595547.0661 5437437.4181  28.6796 0.0216619 1.006882 1
4595547.0741 5437437.3794  28.0941 0.0348056 1.248546 2
4595547.0872 5437437.3160  27.1378 0.0184238 0.999651 2
4595547.1036 5437437.2368  25.9426 0.0639134 1.155770 2
4595547.1189 5437437.1626  24.8223 0.0560394 1.162463 2
4595547.4545 5437435.5405   0.3373 0.0455370 1.277323 3
4595546.9993 5437437.8355  28.9913 0.0279552 0.962308 1
4595547.0803 5437437.4455  22.9950 0.0456131 1.181516 2
4595547.3896 5437435.9560   0.1537 0.1461692 1.111671 3
4595547.0132 5437437.8662  23.2652 0.0434954 1.205220 2
4595547.0323 5437437.7746  21.8332 0.0415230 1.375614 2
4595547.3225 5437436.3826   0.1283 0.0398087 1.003548 3
4595546.8453 5437438.8676  26.4210 0.0758834 0.996039 0
4595546.7899 5437439.2313  25.8275 0.0711863 0.992550 1
4595546.8072 5437439.1495  24.4866 0.0490011 1.297918 2
4595546.8248 5437439.0658  23.1152 0.0330764 1.021230 2
4595546.8351 5437439.0171  22.3174 0.0355287 1.096521 3
4595546.7726 5437439.4161  22.2287 0.0052954 0.806965 0
4595546.6790 5437439.9606  24.5978 0.0743826 1.671723 3
4595546.7856 5437439.7928   0.0436 0.0561508 1.033378 3
4595547.6567 5437434.9578  28.4583 0.0426358 1.107010 1
4595547.5325 5437435.7468  28.3490 0.0241215 0.984971 1
4595547.5485 5437435.6674  27.2259 0.1170514 1.096101 2
4595547.4503 5437436.2411  29.7109 0.0715310 1.102781 1
4595547.4633 5437436.1771  28.7921 0.0371662 1.061380 2
4595547.4925 5437436.0324  26.7125 0.0304016 1.047245 2
4595547.5053 5437435.9689  25.7999 0.0224583 1.042093 2
4595547.4248 5437436.4550  27.0365 0.0340506 1.236405 1
4595547.7989 5437434.6087   0.0991 0.4590192 1.064823 3
4595547.3598 5437436.8641  27.1787 0.0513310 1.085152 1
4595547.3906 5437436.7126  24.9323 0.0538217 1.140976 2
4595547.7311 5437435.0379   0.1259 0.2769261 1.038575 3
4595547.2982 5437437.2567  27.0774 0.0394224 0.988183 1
4595547.3131 5437437.1835  25.9755 0.0632827 1.102532 2
4595547.6636 5437435.4656   0.1282 0.0709251 1.194290 3
4595547.2886 5437437.3952  23.0844 0.0353771 1.119344 1
4595547.0543 5437438.8152  26.4811 0.0859556 0.998863 1
4595547.0637 5437438.7697  25.7520 0.0329833 0.942455 2
4595547.0776 5437438.7025  24.6727 0.0295706 1.173281 2
4595547.0928 5437438.6293  23.4980 0.0259767 1.001644 3
4595547.0001 5437439.1723  25.7810 0.0560328 1.041753 1
4595547.0350 5437439.0042  23.0372 0.1110485 1.115466 3
4595546.9252 5437439.6290  26.7197 0.0751553 1.095659 1
4595547.2589 5437438.0300   0.1588 0.0674512 1.420613 3
4595547.0570 5437439.3102   0.1421 0.0419715 0.996973 3
4595547.8204 5437436.1395  26.8520 0.0804757 0.966999 1
4595547.7507 5437436.5723  27.3262 0.0629129 1.564160 1
4595547.7935 5437436.3642  24.2815 0.0287465 1.185683 2
4595547.6378 5437437.3098  26.4138 0.1039155 1.072134 1
4595547.9983 5437435.5691   0.1521 0.2323073 1.068861 3
4595547.9312 5437435.9961   0.1298 0.5704287 1.070925 0
4595547.5674 5437437.8451  22.3043 0.0971791 1.254778 1
4595547.8637 5437436.4249   0.1381 0.1257790 1.025543 3
4595547.4437 5437438.5359  26.8827 0.0293083 0.964698 1
4595547.4550 5437438.4822  26.0308 0.0593373 1.078441 2
4595547.4849 5437438.3396  23.7657 0.0503425 1.059662 2
4595547.5005 5437438.2647  22.5770 0.0311651 1.073371 2
4595547.7954 5437436.8569   0.2287 0.0726023 1.357177 3
4595547.3145 5437439.4560  22.2307 0.0509747 1.198276 2
4595547.5968 5437438.1251   0.0543 0.1438127 1.127653 3
4595547.2411 5437439.9066  22.9923 0.0397802 1.354508 3
4595547.4627 5437438.9785   0.0377 0.1017851 1.053800 3
4595547.3273 5437439.8382   0.1172 0.0425771 1.006242 3
4595548.1690 5437436.6797  27.9052 0.0486572 1.020410 1
4595548.0573 5437437.4136  26.9765 0.1230972 1.242928 1
4595548.0543 5437437.5346  22.7007 0.0440361 0.988088 1
4595547.9908 5437437.9394  22.7372 0.1044043 1.025878 1
4595548.2790 5437436.6011   1.7924 0.0877744 1.138063 2
4595548.3019 5437436.4948   0.1295 0.0312041 1.173491 3
4595547.9243 5437438.3573  23.0014 0.0697801 1.094778 1
4595548.2357 5437436.9177   0.0847 0.2942898 1.066048 3
4595548.1695 5437437.3410   0.0215 0.4874189 1.022766 0
4595548.1028 5437437.7664   0.0291 0.6782407 1.064012 0
4595547.7206 5437439.6301  24.0385 0.1811650 1.058978 1
4595548.0353 5437438.1954   0.0930 0.2163441 1.060300 3
4595547.9686 5437438.6214   0.0844 0.3320249 1.072039 3
4595547.9014 5437439.0488   0.0984 0.2186190 1.077426 3
4595547.7671 5437439.9040   0.0909 0.2248981 1.081819 3
4595548.3716 5437437.7435  22.7320 0.0375517 1.133267 1
4595548.3009 5437438.1802  23.3025 0.0686642 1.078449 1
4595548.2399 5437438.5725  23.1462 0.0219884 0.820215 1
4595548.5565 5437437.1333   0.0424 0.5851980 1.085820 3
4595548.4901 5437437.5570   0.0190 0.7942640 1.053048 0
4595548.1045 5437439.4179  23.7962 0.1008582 1.010538 1
4595548.4231 5437437.9835   0.0552 0.5189373 1.062688 3
4595548.0426 5437439.8149  23.6871 0.0331627 0.947219 1
4595548.3558 5437438.4117   0.1026 0.4382744 1.114796 3
4595548.2891 5437438.8365   0.0851 0.6370256 1.036241 0
4595548.2220 5437439.2640   0.0794 0.5161553 1.079491 0
4595548.1549 5437439.6906   0.0825 0.5991347 1.046886 0
4595548.6691 5437438.7271   1.7403 0.0546683 1.139542 1
4595548.6912 5437438.6300   0.0930 0.4256556 1.066057 3
4595548.6239 5437439.0581   0.1237 0.3870497 1.074821 3
4595548.5575 5437439.4823   0.0828 0.6188660 1.072897 0
4595548.4901 5437439.9109   0.1097 0.5933619 1.082703 0
4595548.9151 5437439.5546  24.5509 0.0589690 1.090597 1
4595548.9284 5437439.4982  23.6161 0.0271915 1.115209 2
4595548.8525 5437439.9549  24.5303 0.1500672 1.073222 1
4595548.8649 5437439.9022  23.6426 0.0335739 1.251914 2
4595549.0600 5437439.3615   0.1514 0.5952514 1.070658 0
4595548.9931 5437439.7878   0.1635 0.5230119 1.143102 0
4595549.0335 5437439.5492   0.1349 0.5911486 1.069274 0
4595549.0471 5437439.0761   0.1025 0.1820434 1.172852 3
4595548.5823 5437439.9109   0.1743 0.6365475 1.114375 0
4595548.5955 5437439.4385   0.1509 0.5492511 1.049005 0
4595548.6088 5437438.9656   0.1279 0.6206208 1.071137 0
4595548.6274 5437438.4791   0.1824 0.6488265 1.071579 0
4595548.6407 5437438.0061   0.1187 0.7160686 1.069592 0
4595548.6553 5437437.5304   0.0765 0.5636754 1.053141 3
4595547.9412 5437439.9280   0.1104 0.5466278 1.084223 0
4595547.9541 5437439.4551   0.0910 0.6223181 1.057855 0
4595547.9679 5437438.9809   0.0817 0.4302702 1.098064 3
4595547.9858 5437438.4947   0.1348 0.4534824 1.082654 0
4595547.9990 5437438.0211   0.0806 0.4857369 1.072598 0
4595548.0157 5437437.5385   0.0807 0.7063629 1.068097 0
4595548.0346 5437437.0504   0.1422 0.4038306 1.115847 3
4595548.7344 5437439.5787  24.4696 0.0516348 1.132686 1
4595548.6786 5437439.7440  23.6295 0.0924622 1.036909 2
4595548.6988 5437439.2720  23.7225 0.1300582 1.031169 1
4595547.2658 5437439.5736   0.0913 0.4774794 1.092236 0
4595547.2919 5437439.0646   0.2679 0.2133401 1.415450 0
4595547.2951 5437438.6203   0.0969 0.4451405 1.170582 0
4595547.3140 5437438.1317   0.1487 0.3243117 1.219058 0
4595547.3229 5437437.6706   0.0425 0.3843972 1.142441 3
4595547.3958 5437435.2933   0.0854 0.1239898 1.039361 3
4595548.1925 5437439.7582  23.8624 0.1125091 1.116691 1
4595548.2256 5437438.4269  23.7291 0.0526192 1.045576 1
4595548.2295 5437438.0039  23.5432 0.1453673 1.182584 1
4595547.4140 5437439.0844  10.6475 0.0296828 0.967647 1
4595546.8210 5437439.4656   1.0352 0.0443501 1.056843 1
4595546.7600 5437439.6363   0.1107 0.3414161 1.077251 3
4595546.7819 5437439.1396   0.2205 0.3646535 1.186272 0
4595546.8559 5437438.4989   1.1149 0.0948374 0.916011 1
4595546.7943 5437438.6691   0.1834 0.4469633 1.081545 3
4595546.8044 5437438.2066   0.1062 0.5553222 1.060225 0
4595546.8207 5437437.7264   0.1180 0.1027548 1.399301 3
4595546.8636 5437436.3030   0.1263 0.1131565 1.063498 3
4595547.6950 5437439.6384  24.2170 0.0195169 0.786099 1
4595547.5846 5437439.9620  22.5626 0.0289289 0.846743 2
4595547.9319 5437437.7193  27.0901 0.0694880 1.054069 1
4595547.9160 5437437.3554  26.6296 0.0526849 1.061974 1
4595548.0177 5437436.6565  27.9366 0.0641707 1.154885 1
4595547.6448 5437437.7206  22.3856 0.0738025 1.370929 2
4595547.9943 5437436.3139  27.3911 0.0507456 1.047212 1
4595546.8911 5437438.5940  10.4828 0.0362689 0.951150 1
4595546.2310 5437439.5761   0.1370 0.4844304 1.070608 0
4595546.9750 5437437.0840  11.0775 0.0507991 1.369421 1
4595546.2501 5437439.0860   0.2036 0.2696952 1.133819 3
4595546.2664 5437438.6057   0.2281 0.3148975 1.137255 0
4595547.0101 5437436.1374  11.1960 0.0470198 1.077923 1
4595546.2810 5437438.1285   0.2244 0.3877431 1.078463 3
4595546.2889 5437437.6713   0.1194 0.0517904 1.142982 3
4595546.2976 5437437.2108   0.0361 0.0477332 1.113818 3
4595546.3135 5437436.7313   0.0712 0.0640155 0.962000 3
4595546.3849 5437434.3602   0.1440 0.0290762 0.861523 3
4595547.1893 5437439.6294  26.9597 0.1126866 1.008328 1
4595547.2031 5437439.1798  26.9601 0.0781345 1.057700 1
4595547.1349 5437439.3776  25.9521 0.0436808 0.918060 2
