    X-Koord.     Y-Koord. Z-Koord.      Int.   Pulsb. W
4595566.2218 5437411.6646   0.0449 0.1290562 1.051135 3
4595565.3354 5437413.8151   0.0778 0.1420563 1.111310 3
4595565.3630 5437413.3002   0.0455 0.2614187 1.055270 0
4595565.3914 5437412.7910   0.0308 0.0495952 1.071455 3
4595565.4491 5437411.7800   0.0090 0.0807590 1.020835 3
4595565.4785 5437411.2798   0.0102 0.0502950 0.922130 3
4595565.5083 5437410.7791   0.0178 0.0790359 1.149488 3
4595565.5396 5437410.2943   0.0659 0.0772322 1.052753 3
4595564.4763 5437414.1240   0.0487 0.5477054 1.067104 0
4595564.5074 5437413.6385   0.1028 0.0566803 1.373276 3
4595564.5345 5437413.1174   0.0455 0.2559187 1.061509 3
4595564.5645 5437412.6213   0.0584 0.1623663 1.072234 3
4595564.6817 5437410.6084   0.0798 0.0759883 1.095082 3
4595564.7082 5437410.0805   0.0088 0.0999192 1.128450 3
4595564.7363 5437409.5656  -0.0252 0.1435736 1.044361 3
4595565.9194 5437411.7500  21.6652 0.0695710 1.349119 1
4595566.0279 5437411.9954  23.6968 0.0778181 1.149421 1
4595565.9767 5437411.5309  22.3978 0.0461380 1.264383 2
4595565.9266 5437411.0765  21.1271 0.0567379 1.420485 2
4595566.1210 5437412.1094  25.3474 0.0662583 1.317887 1
4595566.0118 5437411.1139  22.5725 0.0652931 1.227736 2
4595566.3102 5437411.6430  28.0201 0.1315622 1.108658 1
4595563.6463 5437414.1610   0.0663 0.2150458 1.065783 3
4595563.6768 5437413.6683   0.0880 0.3222570 1.063377 3
4595563.7077 5437413.1787   0.1188 0.2839900 1.159237 3
4595563.7366 5437412.6726   0.1002 0.4151964 1.022351 3
4595563.7903 5437411.6249   0.0117 0.0827628 1.078087 3
4595563.8181 5437411.1084  -0.0140 0.1367226 1.117885 3
4595563.8529 5437410.6487   0.1235 0.1148388 1.712567 3
4595563.9359 5437409.0902  -0.0167 0.1211226 1.060606 3
4595563.9656 5437408.5867  -0.0351 0.0637321 1.046826 3
4595565.0307 5437412.5443  21.1162 0.0450101 1.078498 1
4595565.1036 5437412.4543  22.2205 0.0464089 1.165037 1
4595565.2878 5437413.3496  26.0776 0.0481331 1.322660 1
4595565.0830 5437411.5416  21.0107 0.1211039 2.278602 2
4595565.3364 5437413.0534  26.5900 0.1038608 1.205825 1
4595565.4344 5437413.2004  28.3278 0.0625577 1.204739 1
4595565.3910 5437412.8136  27.2552 0.0556874 1.548195 2
4595565.3089 5437412.0820  25.2159 0.0505025 1.350029 2
4595565.4845 5437412.9235  28.8846 0.0234981 0.865649 1
4595565.4563 5437412.6707  28.1860 0.1151802 1.792476 3
4595565.4727 5437412.0911  27.8975 0.0313873 0.921527 1
4595565.4370 5437411.7689  27.0012 0.0653671 1.093911 2
4595565.4823 5437411.4476  27.4292 0.0595239 1.104571 1
4595565.3750 5437410.4770  24.7505 0.0950893 1.274733 2
4595565.5840 5437411.6403  29.2712 0.1524762 1.145372 1
4595565.6131 5437411.1753  29.2960 0.0847273 1.071679 1
4595562.9206 5437414.5137   0.0787 0.1175529 1.088056 3
4595562.9498 5437414.0089   0.0670 0.0905590 1.111839 3
4595562.9796 5437413.5091   0.0685 0.4066854 1.047478 3
4595563.0078 5437412.9947   0.0333 0.6628068 1.052515 0
4595563.0380 5437412.4980   0.0470 0.2238970 1.050062 3
4595563.0669 5437411.9875   0.0490 0.3088590 1.037860 3
4595563.1206 5437410.9349  -0.0469 0.0921641 0.979026 3
4595563.1496 5437410.4257  -0.0482 0.0450005 0.957853 3
4595563.4967 5437412.5292   7.4515 0.1371720 1.164797 3
4595563.5868 5437412.5368   8.9152 0.1367322 1.157712 3
4595564.6102 5437413.9186  26.7627 0.0621561 1.132232 1
4595564.5697 5437413.5668  25.7800 0.0533056 1.603004 2
4595564.6872 5437413.8673  27.9554 0.0588503 1.365649 1
4595564.4758 5437412.0240  22.7914 0.0646981 1.073434 2
4595564.6518 5437412.8348  26.4001 0.0313671 0.900595 1
4595564.6091 5437412.4611  25.3530 0.0412040 1.160473 2
4595564.8032 5437413.4414  29.4241 0.1809021 1.419373 0
4595564.7663 5437412.3919  27.8242 0.1215315 1.030912 0
4595564.8340 5437412.2671  28.8001 0.1602853 1.556924 0
4595564.8506 5437411.6885  28.5187 0.1343014 1.223715 1
4595564.8888 5437411.3006  28.7673 0.0709569 1.058372 1
4595564.8415 5437410.8768  27.6068 0.0339498 1.013538 2
4595564.8861 5437410.5462  28.0125 0.1052909 1.113768 1
4595564.8300 5437410.0405  26.6268 0.0666032 1.099693 2
4595564.9123 5437410.0503  27.9609 0.1147872 1.156118 1
4595564.9468 5437409.6301  28.1137 0.0831247 0.986099 1
4595562.2043 5437414.4034   0.0318 0.5845968 1.059715 0
4595562.2335 5437413.8994   0.0316 0.6145421 1.080372 0
4595562.2632 5437413.3961   0.0392 0.4508154 1.074290 3
4595562.2939 5437412.9010   0.0693 0.7698657 1.120530 0
4595562.3253 5437412.4128   0.1196 0.5934180 1.060629 0
4595562.3523 5437411.8864   0.0699 0.1560205 1.044240 3
4595562.3817 5437411.3802   0.0800 0.2858374 1.014742 3
4595562.4086 5437410.8538   0.0349 0.5737267 1.035407 0
4595562.4358 5437410.3276  -0.0069 0.2577850 1.071865 3
4595562.4666 5437409.8310   0.0283 0.2728939 1.048124 3
4595562.4967 5437409.3281   0.0270 0.7092498 1.047092 0
4595562.5295 5437408.8476   0.0561 0.2205206 1.084074 3
4595563.3962 5437412.3329  17.0969 0.2742077 1.088153 1
4595563.4781 5437412.2944  18.3668 0.3674687 1.065255 0
4595563.5519 5437412.1899  19.4515 0.2568903 1.207561 0
4595563.8912 5437414.3471  26.9119 0.0935001 1.120512 1
4595563.6399 5437412.2079  20.8726 0.0837596 1.056388 2
4595563.8841 5437413.5683  26.0615 0.1581206 1.195475 1
4595563.6521 5437411.5844  20.5110 0.0262159 0.835178 2
4595563.7719 5437411.8837  22.6903 0.0737900 1.221822 1
4595563.6565 5437410.8918  19.9454 0.0497144 1.280002 2
4595564.0585 5437413.6305  28.9083 0.0667255 1.232177 1
4595563.9118 5437412.3637  25.3588 0.0408002 1.095143 3
4595564.0390 5437412.0175  27.0769 0.0759740 1.362606 1
4595564.1049 5437411.8689  27.9937 0.1077597 1.232665 1
4595563.9737 5437410.7191  24.8436 0.0675109 1.260743 2
4595563.9301 5437410.3370  23.7947 0.0590731 1.231430 2
4595564.1808 5437411.8126  29.1541 0.0633043 1.447780 0
4595564.1944 5437411.2057  28.8124 0.0898296 1.987804 1
4595564.2766 5437411.2090  30.1252 0.1192107 1.019677 1
4595564.1776 5437410.3288  27.7302 0.0252944 1.067220 2
4595564.1500 5437410.0834  27.0601 0.0182769 0.838333 3
4595564.2952 5437410.6481  29.9031 0.0909233 1.082766 1
4595564.3271 5437410.2032  29.9939 0.0391906 1.154800 1
4595564.1710 5437408.8026  26.1710 0.1076957 1.374421 2
4595561.4188 5437413.7127   0.0043 0.6372169 1.057287 0
4595561.4483 5437413.2091   0.0184 0.8243728 1.064637 0
4595561.4794 5437412.7179   0.0622 0.6686482 1.068894 0
4595561.5074 5437412.1999   0.0322 0.5195251 1.044972 0
4595561.5390 5437411.7117   0.0851 0.3737933 1.065641 0
4595561.5660 5437411.1867   0.0402 0.4673736 1.085396 0
4595561.5929 5437410.6581  -0.0072 0.6760467 1.087805 0
4595562.7548 5437412.0151  19.4609 0.0299287 0.936825 1
4595562.7093 5437411.6369  18.4087 0.0954777 1.157594 2
4595562.7871 5437411.5597  19.5620 0.0418232 0.920221 1
4595562.8154 5437410.3418  18.9150 0.0438460 0.994112 1
4595563.2041 5437412.9049  27.3230 0.0287917 0.748283 1
4595563.1640 5437412.5656  26.3762 0.0464444 1.433443 2
4595563.3053 5437413.0492  29.0493 0.0363165 0.960645 3
4595563.3508 5437412.7216  29.4545 0.2061428 1.369776 0
4595563.3608 5437412.0903  29.0425 0.0769501 1.106142 1
4595563.3968 5437411.6814  29.2477 0.1634465 1.275687 0
4595563.4111 5437411.0843  28.9365 0.0491623 2.059699 1
4595563.3441 5437410.5021  27.3567 0.0473732 1.212462 2
4595563.2907 5437410.0388  26.0986 0.0523637 1.085853 3
4595563.5088 5437411.2125  30.5864 0.1767003 1.195743 0
4595563.5551 5437410.8957  31.0259 0.0478907 0.947509 1
4595563.4596 5437410.0590  28.7669 0.0903704 1.367561 2
4595563.4844 5437409.5507  28.6957 0.1972171 1.860195 1
4595560.7219 5437412.3930   0.0294 0.6494917 1.054191 0
4595562.4672 5437413.9965  28.5621 0.1112969 1.101247 1
4595562.5284 5437413.7934  29.3240 0.0722881 1.301574 1
4595562.4778 5437413.3732  28.1539 0.0535610 1.448544 2
4595562.4664 5437412.5636  27.2385 0.1147708 1.104130 1
4595562.5988 5437412.9580  29.6493 0.1356391 1.313235 1
4595562.4845 5437411.9989  27.0146 0.0297857 1.434320 3
4595562.6319 5437412.5230  29.7641 0.0481772 0.945578 1
4595562.6016 5437412.2681  29.0688 0.0546884 1.225110 2
4595562.4169 5437410.7101  24.8254 0.0428926 0.976839 3
4595562.6712 5437412.1404  30.0323 0.0942499 1.035091 1
4595562.6016 5437411.5506  28.4301 0.0653935 2.090287 3
4595562.5195 5437408.6771  24.4961 0.0358970 1.017955 2
4595561.2724 5437413.0124  20.4099 0.0481750 0.949053 1
4595561.2959 5437412.4838  20.3013 0.0437188 0.966391 1
4595561.5166 5437413.5482  24.6429 0.1297509 1.046924 1
4595561.3415 5437411.4152  20.0530 0.0906472 1.237946 2
4595561.6129 5437412.1914  24.9117 0.0497322 1.329861 1
4595561.5889 5437411.9950  24.3685 0.0372660 0.982272 2
4595561.8516 5437412.7299  29.0573 0.0661221 1.073492 1
4595561.7663 5437412.0251  27.1203 0.0502635 1.304042 2
4595561.6916 5437411.4076  25.4255 0.0345536 1.213337 3
4595561.9377 5437412.7324  30.3805 0.0621819 1.020974 1
4595561.8997 5437412.4169  29.5154 0.0568461 1.119938 2
4595561.8738 5437412.2018  28.9266 0.0444509 1.177403 3
4595561.9322 5437411.9753  29.6225 0.1782800 1.103177 1
4595561.8967 5437411.6788  28.8135 0.0716765 1.176015 3
4595561.9672 5437411.5554  29.7872 0.0552235 1.181634 1
4595561.9248 5437411.2000  28.8255 0.0910518 1.261679 3
4595561.9929 5437410.3372  29.1155 0.1266059 1.027200 1
4595561.9485 5437409.9619  28.0997 0.0699171 1.639916 2
4595560.7060 5437412.3019  24.9470 0.0746193 1.026155 1
4595560.7777 5437412.1682  25.9153 0.0861010 1.421813 1
4595560.8199 5437411.7986  26.2319 0.0789357 1.099719 1
4595561.0229 5437411.3166  28.8853 0.0341296 1.132563 1
4595560.9481 5437411.3939   0.1149 0.0856419 1.058674 3
4595560.9051 5437411.8186  28.4160 0.1308621 1.205420 1
4595560.9905 5437411.4633  25.7822 0.0672480 1.353614 2
4595560.9275 5437411.8644  25.7672 0.1739591 1.214998 1
4595560.8773 5437412.2130  25.3495 0.0547170 1.199046 1
4595561.0220 5437411.6140  20.8377 0.0531196 1.133440 2
4595560.9605 5437412.0113  20.7517 0.0942745 1.028945 1
4595560.7658 5437412.9564  24.8574 0.1504729 1.084364 1
4595560.8890 5437412.4493  20.9819 0.0309481 1.121469 2
4595560.8101 5437412.9174  21.4400 0.0235076 0.925377 1
4595561.4187 5437410.5719   0.0435 0.6480243 1.075981 0
4595561.3458 5437411.0234   0.2070 0.3874302 1.046786 0
4595561.2801 5437411.4448   0.1399 0.5160420 1.049239 0
4595561.2147 5437411.8655   0.0656 0.4654998 1.048774 3
4595561.1466 5437412.2972   0.0837 0.0798185 1.034179 3
4595561.5483 5437410.4667  28.6143 0.1046231 1.043395 1
4595561.6130 5437410.1985  26.6755 0.0647147 1.210660 3
4595561.4859 5437410.8657  28.5936 0.0918503 1.011544 1
4595561.5196 5437410.7260  27.5797 0.0241020 1.143443 3
4595561.4315 5437411.2313  28.3284 0.0807979 1.077989 1
4595561.5122 5437410.8983  25.8925 0.0543570 1.075714 2
4595561.3827 5437411.5743  27.8947 0.0972804 1.113949 1
4595561.3014 5437412.0509  28.4497 0.1602750 1.291922 0
4595561.3331 5437412.0647  25.5460 0.1818030 1.909900 1
4595561.5144 5437411.3228  19.9793 0.0275242 1.093072 2
4595561.2517 5437412.5418  26.0999 0.0368172 0.980847 1
4595561.2767 5437412.4401  25.3309 0.0638272 1.113030 2
4595561.2412 5437412.7299  24.4659 0.0870230 1.016492 1
4595562.0289 5437409.5258   0.0457 0.2682164 1.033410 3
4595561.1707 5437413.1631  24.6774 0.0536664 1.057579 1
4595561.3054 5437412.6168  20.4826 0.0494732 1.195839 2
4595561.9618 5437409.9545   0.0314 0.2365652 1.052931 3
4595561.2353 5437413.0495  20.6714 0.0898969 1.064327 1
4595561.8935 5437410.3875   0.0616 0.3240628 1.074114 3
4595561.8245 5437410.8234   0.0981 0.3606331 1.053411 0
4595561.7572 5437411.2526   0.0863 0.7537148 1.042826 0
4595561.6906 5437411.6787   0.0602 0.7250922 1.030562 0
4595561.6229 5437412.1095   0.0652 0.7878658 1.035867 0
4595561.5554 5437412.5394   0.0703 0.7073464 1.060193 0
4595562.3175 5437408.9311  26.5107 0.0285848 0.990628 1
4595562.1780 5437409.6465  28.7884 0.0372988 1.109622 1
4595562.2637 5437409.2954  26.2720 0.0323783 1.149861 2
4595562.3381 5437408.9906  24.0731 0.0410793 1.493661 2
4595562.1132 5437410.0551  28.8488 0.0795327 1.131451 1
4595562.2003 5437409.6990  26.2981 0.0204071 1.090613 3
4595562.0614 5437410.4108  28.5205 0.0103005 0.569656 1
4595562.0870 5437410.3068  27.7698 0.0578386 1.148453 2
4595562.1133 5437410.1997  26.9965 0.0367635 1.007254 2
4595562.1720 5437409.9601  25.2674 0.0412285 1.235676 3
4595561.9552 5437410.9880  29.7935 0.0427697 0.961552 1
4595561.9935 5437410.8323  28.6637 0.1049192 1.145555 3
4595561.8969 5437411.3696  29.6597 0.2079414 1.592412 0
4595561.8387 5437411.7512  29.5197 0.0838231 1.151832 1
4595561.9421 5437411.3334  26.4384 0.0646701 1.291669 3
4595561.8278 5437411.9416  27.9675 0.0696758 1.608384 1
4595561.9448 5437411.4704  24.4632 0.0596107 1.335882 2
4595561.7235 5437412.5094  29.2130 0.0757572 1.116202 1
4595562.6893 5437408.6281   0.0263 0.0309138 0.930517 3
4595561.7789 5437412.4361  25.6377 0.0400356 1.008902 1
4595562.6235 5437409.0516   0.0251 0.5294523 1.038902 3
4595561.7536 5437412.6876  24.4863 0.0391978 1.042722 1
4595562.5560 5437409.4812   0.0772 0.3970334 1.058890 3
4595561.6823 5437413.1236  24.7251 0.1423654 1.420393 1
4595562.4889 5437409.9101   0.0678 0.1016661 1.074059 3
4595562.4234 5437410.3324   0.0104 0.7073477 1.045885 0
4595562.3540 5437410.7699   0.0659 0.3848938 1.047884 0
4595562.2855 5437411.2036   0.0955 0.5673798 1.045283 0
4595562.2177 5437411.6350   0.1030 0.6819472 1.046702 0
4595562.1489 5437412.0701   0.1414 0.5758952 1.052914 0
4595562.0828 5437412.4947   0.1011 0.6347292 1.053731 0
4595562.0157 5437412.9226   0.0998 0.1085880 1.033223 3
4595562.7786 5437408.4590  25.3408 0.0998911 1.102490 1
4595562.8101 5437408.3307  24.4277 0.0398567 1.288100 2
4595562.7511 5437408.7165  24.3333 0.0742361 1.279649 1
4595562.8490 5437408.3176  21.4715 0.0489590 1.016832 2
4595562.5386 5437409.7268  28.7314 0.1195012 1.059305 1
4595562.6085 5437409.4428  26.7011 0.0706538 1.111082 2
4595562.6397 5437409.3159  25.7834 0.0373977 1.394331 3
4595562.4785 5437410.1161  28.6483 0.1431640 1.087198 0
4595562.3596 5437410.7431  30.2797 0.1719449 1.124051 1
4595562.4252 5437410.4776  28.3663 0.0512053 1.200927 3
4595562.3268 5437411.0215  29.3980 0.0746895 1.176010 0
4595562.2679 5437411.4055  29.2761 0.0803526 1.077330 1
4595562.2958 5437411.2932  28.4550 0.0621174 1.159980 3
4595562.2157 5437411.7626  28.9590 0.1188218 1.626546 0
4595562.1193 5437412.2964  29.9592 0.2104645 1.461113 0
4595562.2268 5437412.0171  24.8701 0.0992860 1.067789 1
4595562.2827 5437411.7945  23.2007 0.0370265 1.078320 2
4595563.0556 5437408.7139  -0.0045 0.1084648 1.029691 3
4595562.1566 5437412.4481  25.0721 0.0772845 1.141831 1
4595562.2176 5437412.2055  23.2377 0.0493134 1.546448 2
4595562.3442 5437411.7024  19.4342 0.0420782 1.156105 2
4595562.9868 5437409.1485   0.0797 0.0562267 1.086002 3
4595562.1129 5437412.7739  24.4763 0.0566401 1.075075 1
4595562.9204 5437409.5739   0.0822 0.2756538 1.040428 3
4595562.0521 5437413.1671  24.4000 0.1003978 1.099852 1
4595562.8540 5437409.9990   0.0554 0.2308146 1.056843 3
4595562.7878 5437410.4239   0.0167 0.7150448 1.033372 0
4595562.7191 5437410.8577   0.0526 0.6598398 1.050428 0
4595562.6509 5437411.2899   0.0703 0.8048010 1.032689 0
4595562.5818 5437411.7260   0.1140 0.6826484 1.055411 0
4595562.5144 5437412.1549   0.1154 0.6387510 1.039726 0
4595562.4474 5437412.5825   0.0966 0.0751283 1.104112 3
4595563.1051 5437408.4981  24.8386 0.1563169 1.464618 1
4595562.8892 5437409.5210  29.3230 0.1785098 1.066291 0
4595562.8435 5437409.8519  28.8370 0.0734268 1.031407 1
4595562.9421 5437409.4530  25.9856 0.0275089 1.112828 2
4595562.7876 5437410.2241  28.6366 0.1138994 1.174907 1
4595562.8716 5437409.8853  26.2003 0.0361099 1.162399 3
4595562.6707 5437410.8423  30.2092 0.1968576 1.262167 1
4595562.7390 5437410.5675  28.2234 0.0206334 0.942404 3
4595562.6378 5437411.1226  29.3359 0.1727673 0.989874 0
4595562.5467 5437411.6355  30.1647 0.0944006 1.039843 1
4595562.6858 5437411.0788  26.0820 0.0374894 1.445247 2
4595562.7562 5437410.7974  24.0177 0.0514710 1.351784 3
4595562.4985 5437411.9772  29.7366 0.0637122 1.644664 1
4595562.5481 5437411.7795  28.2738 0.0765997 1.251115 2
4595562.6077 5437411.5415  26.5137 0.0338042 1.112646 2
4595562.6709 5437411.2894  24.6506 0.0667758 2.182760 3
4595562.4309 5437412.3962  29.8804 0.1285925 1.784224 1
4595562.5223 5437412.0326  27.1706 0.0351111 1.010483 3
4595562.4506 5437412.4686  27.4313 0.1309417 1.095095 0
4595562.3700 5437412.9396  27.9637 0.0283681 1.098731 1
4595562.4023 5437412.8119  26.9948 0.0777526 1.117968 2
4595562.4621 5437412.5752  25.1982 0.0340248 1.105664 2
4595563.2998 5437409.2623   0.0726 0.0679777 1.176700 3
4595562.2994 5437413.3709  28.1966 0.1801497 1.196215 1
4595563.2349 5437409.6823   0.0193 0.1724068 1.081932 3
4595563.1666 5437410.1155   0.0490 0.5094627 1.052001 0
4595563.1004 5437410.5402   0.0138 0.7766698 1.058877 0
4595563.0321 5437410.9733   0.0408 0.6138075 1.047261 0
4595562.9626 5437411.4108   0.1017 0.3814051 1.065674 0
4595562.8945 5437411.8429   0.1170 0.4935707 1.053967 0
4595562.8279 5437412.2691   0.0884 0.6255036 1.054823 0
4595562.7618 5437412.6934   0.0582 0.8103557 1.067020 0
4595562.6941 5437413.1242   0.0753 0.3862292 1.073670 0
4595562.5593 5437413.9824   0.1006 0.7133085 1.079355 0
4595563.5032 5437408.5794  26.0885 0.1596734 1.102062 1
4595563.3494 5437409.3464  28.7351 0.1382747 1.043392 1
4595563.3768 5437409.2364  27.9469 0.0413667 1.301520 3
4595563.2869 5437409.7464  28.7477 0.1199147 1.231769 1
4595563.3237 5437409.5988  27.6971 0.0461070 1.282136 3
4595563.2218 5437410.1562  28.8154 0.1405145 1.836332 1
4595563.3208 5437409.7614  25.9835 0.0425851 1.179493 3
4595563.1114 5437410.7466  30.1922 0.0739311 1.007538 1
4595563.1494 5437410.5952  29.0992 0.0802364 1.511636 3
4595563.0597 5437411.1029  29.8752 0.0803436 1.121911 1
4595563.0922 5437410.9742  28.9395 0.0526281 1.527983 2
4595563.2128 5437410.4955  25.4578 0.0654816 1.109767 3
4595563.0103 5437411.4503  29.4927 0.1037393 1.205872 1
4595563.2413 5437410.5360  22.7943 0.0388779 1.180910 3
4595562.9354 5437411.8989  29.8481 0.1062676 1.106786 1
4595562.9603 5437411.8004  29.1224 0.0468611 1.144195 3
4595562.8896 5437412.2321  29.3529 0.0124569 0.765617 1
4595562.9107 5437412.1493  28.7374 0.0198648 1.121515 2
4595562.9387 5437412.0388  27.9165 0.0590110 1.004453 3
4595562.8113 5437412.6930  29.8201 0.1851083 1.407530 0
4595562.7705 5437413.0075  29.1838 0.1259952 1.423127 1
4595563.7570 5437409.1491  -0.0250 0.1117571 1.034352 3
4595562.7095 5437413.4008  29.1483 0.2475593 1.207185 0
4595563.5950 5437410.1151   0.8290 0.2123914 1.535306 0
4595563.5544 5437410.4410   0.0328 0.5391855 1.119854 0
4595563.4886 5437410.8652  -0.0078 0.6036884 1.065722 0
4595563.4199 5437411.3000   0.0349 0.7682026 1.048576 0
4595563.3517 5437411.7328   0.0612 0.7816529 1.037078 0
4595563.2814 5437412.1745   0.1441 0.4068888 1.111739 0
4595563.2164 5437412.5950   0.0713 0.7412203 1.051855 0
4595563.1471 5437413.0321   0.1516 0.3539146 1.085480 0
4595563.0829 5437413.4497   0.0709 0.6932595 1.060057 0
4595563.0150 5437413.8814   0.1119 0.4030444 1.067563 3
4595563.9082 5437408.8572  26.0248 0.0701552 1.450636 1
4595563.7034 5437409.8206  30.0587 0.0290122 1.040333 1
4595563.8318 5437409.3125  26.4332 0.1498512 2.099791 3
4595563.6543 5437410.1668  29.6839 0.0767197 1.123214 1
4595563.7988 5437409.5971  25.6046 0.0442866 1.064903 2
4595563.5571 5437410.7029  30.6710 0.1446213 1.059085 1
4595563.6015 5437410.5280  29.4113 0.0377959 1.685204 3
4595563.5088 5437411.0465  30.2697 0.0685514 1.002313 1
4595563.5753 5437410.7855  28.3760 0.0425907 1.092247 3
4595563.6263 5437410.7414  25.1251 0.1107101 1.286858 1
4595563.6968 5437410.4658  23.1096 0.0374396 0.925990 3
4595563.4084 5437411.7485  29.5681 0.0657080 1.167025 1
4595563.4403 5437411.6239  28.6532 0.0974722 1.408697 3
4595563.3578 5437412.1014  29.2158 0.0788579 1.027865 1
4595563.3837 5437412.0005  28.4695 0.0374531 1.077729 2
4595563.5113 5437411.5046  24.8016 0.0147933 0.910100 3
4595563.2943 5437412.5046  29.2352 0.0692734 1.707897 1
4595563.2284 5437412.9170  29.3487 0.2257843 1.540556 0
4595563.1618 5437413.3327  29.4832 0.0432428 1.096461 1
4595563.2726 5437412.9058  26.2248 0.0703132 0.975225 2
4595563.5166 5437411.9659  19.0800 0.0500126 1.270010 3
4595564.0833 5437409.9531   0.5259 0.2164900 2.115818 0
4595563.5469 5437412.1785  14.3904 0.1025056 1.578601 1
4595564.0283 5437410.3357   0.1755 0.2536239 1.338413 3
4595563.5734 5437412.2444  11.6768 0.2107793 1.418088 1
4595563.9631 5437410.7574   0.1213 0.0626767 1.153852 3
4595563.6300 5437412.1975   8.0446 0.1915381 1.598465 1
4595563.8990 5437411.1746   0.0352 0.2761313 1.045731 3
4595563.0471 5437414.5782  23.6061 0.0296381 0.951896 1
4595563.8306 5437411.6086   0.0725 0.4796856 1.049964 3
4595563.7175 5437412.2115   1.4399 0.1056133 1.544412 1
4595563.7521 5437412.0806   0.3991 0.2371688 1.332238 3
4595563.6937 5437412.4766   0.1266 0.7014809 1.068620 0
4595563.6275 5437412.9021   0.1127 0.2907656 1.049570 3
4595563.5614 5437413.3270   0.0949 0.3584278 1.117580 3
4595563.4956 5437413.7507   0.0734 0.2731617 1.064218 3
4595563.4284 5437414.1801   0.0904 0.4710411 1.058917 0
4595563.3624 5437414.6046   0.0671 0.1173963 1.041639 3
4595564.2083 5437409.0905  26.9678 0.0330405 0.928651 1
4595564.2377 5437408.9745  26.1443 0.1033144 1.029470 2
4595564.2758 5437408.8241  25.0770 0.0591965 1.271736 2
4595564.0376 5437409.9165  30.0107 0.1348887 1.121766 1
4595564.2118 5437409.2314  25.1179 0.0367971 1.118292 2
4595563.9568 5437410.3875  30.5336 0.1087364 0.966054 0
4595563.8849 5437410.8232  30.8054 0.1074014 1.088012 1
4595563.9184 5437410.6923  29.8607 0.0352030 1.130842 2
4595563.9559 5437410.5455  28.8015 0.0214819 0.878694 2
4595563.9931 5437410.4001  27.7516 0.0430637 1.196877 3
4595563.8183 5437411.2378  30.9271 0.1799937 1.131645 0
4595563.7775 5437411.5526  30.3190 0.2289439 1.201121 0
4595563.7546 5437411.7977  29.1874 0.0702116 1.147316 1
4595563.8139 5437411.5680  27.4986 0.0715422 1.402763 2
4595563.6685 5437412.2883  29.8510 0.0802990 1.326673 1
4595563.8396 5437411.6274  24.9561 0.0304000 1.197819 3
4595563.6290 5437412.5994  29.1877 0.1022439 2.336490 1
4595563.5682 5437412.9919  29.1542 0.1043922 1.228332 1
4595563.6812 5437412.5580  25.8660 0.0527568 1.318968 2
4595564.5714 5437409.1401   0.0343 0.0487246 1.060372 3
4595563.6145 5437412.9750  25.9827 0.0314870 0.963064 1
4595564.5049 5437409.5671   0.0235 0.6668359 1.076975 3
4595563.4589 5437413.7310  28.7192 0.0387931 1.245575 1
4595564.4386 5437409.9931   0.0107 0.3138673 1.055546 3
4595564.3709 5437410.4245   0.0393 0.5484392 1.077111 0
4595564.3039 5437410.8529   0.0370 0.7897214 1.063772 0
4595564.2358 5437411.2858   0.0688 0.7902542 1.044361 0
4595563.3845 5437414.6672  23.5104 0.2255639 1.061956 1
4595564.1687 5437411.7143   0.0703 0.1127061 1.087857 3
4595564.0982 5437412.1560   0.1625 0.4147951 1.068025 3
4595564.0335 5437412.5758   0.0935 0.5280816 1.078519 3
4595563.9672 5437413.0019   0.0792 0.1476418 1.047497 3
4595563.9001 5437413.4304   0.0966 0.1293834 1.033388 3
4595563.8307 5437413.8680   0.1749 0.1516814 1.216449 3
4595563.7687 5437414.2776   0.0278 0.5112013 1.098418 0
4595563.7008 5437414.7090   0.0624 0.5578337 1.083457 0
4595564.5033 5437409.4929  27.7945 0.1684732 1.294335 1
4595564.5339 5437409.3733  26.9431 0.0589306 1.285198 3
4595564.3681 5437410.1772  29.8359 0.1054415 1.604136 1
4595564.4625 5437409.8090  27.1959 0.0383154 1.607431 2
4595564.2342 5437411.0116  30.1135 0.0435214 1.373008 1
4595564.2815 5437410.8282  28.7834 0.1005543 1.168776 3
4595564.1896 5437411.3425  29.6161 0.0766182 1.246108 1
4595564.1382 5437411.7000  29.3074 0.0556196 1.201944 1
4595564.1779 5437411.5471  28.1838 0.0635551 1.373920 2
4595564.0459 5437412.2140  30.1564 0.0960807 1.244313 1
4595564.2148 5437411.5658  25.3580 0.0264027 1.034044 2
4595563.9932 5437412.5767  29.8817 0.0276681 0.952293 1
4595564.0164 5437412.4881  29.2180 0.0393178 1.679875 2
4595564.0516 5437412.3533  28.2135 0.0602737 1.056680 2
4595564.0906 5437412.2041  27.1016 0.0372068 1.558873 2
4595564.1586 5437411.9437  25.1597 0.0452465 1.173457 3
4595563.9531 5437412.8908  29.2607 0.0705081 1.042430 1
4595564.0306 5437412.5950  27.0258 0.0594317 1.043036 3
4595563.9534 5437413.0520  27.4614 0.0418387 1.020600 1
4595563.9956 5437412.8917  26.2401 0.0734221 1.167545 2
4595564.9026 5437409.4419   0.0144 0.1907510 1.002286 3
4595563.8359 5437413.6619  29.0698 0.2177867 1.183047 0
4595563.7893 5437414.0016  28.6230 0.0881414 1.189286 1
4595563.8568 5437413.7464  26.6507 0.0465954 1.464019 2
4595564.7683 5437410.3021   0.0494 0.2099287 1.156246 3
4595564.7015 5437410.7308   0.0539 0.3811811 1.048935 3
4595564.6344 5437411.1608   0.0598 0.7278230 1.038773 0
4595564.5676 5437411.5890   0.0627 0.4818311 1.077885 0
4595564.4996 5437412.0220   0.0972 0.0597122 1.039990 3
4595564.4331 5437412.4495   0.0866 0.1366703 0.988674 3
4595564.3697 5437412.8656  -0.0117 0.0435007 0.976718 3
4595564.3008 5437413.3018   0.0617 0.4339040 1.078462 3
4595564.2336 5437413.7318   0.0799 0.3571121 1.051363 3
4595564.1672 5437414.1584   0.0734 0.2258532 1.083020 3
4595564.9610 5437409.6935  26.8270 0.0851288 1.274950 1
4595564.8523 5437410.2715  28.1079 0.1425152 1.017828 1
4595564.8091 5437410.5983  27.5862 0.0529438 1.152071 1
4595564.9109 5437410.2093  24.7614 0.0425646 1.159874 2
4595564.7386 5437411.0303  27.8126 0.0617679 1.170942 1
4595564.7920 5437410.8266  26.3250 0.0360538 1.087200 2
4595564.5992 5437411.7227  29.9662 0.1153193 1.077615 1
4595564.6467 5437411.5422  28.6392 0.0356115 1.620294 3
4595564.5284 5437412.1541  30.2122 0.0218702 0.829042 1
4595564.5707 5437411.9940  29.0273 0.1250535 1.515185 3
4595564.5551 5437412.2175  27.7120 0.0499000 1.104115 1
4595564.4614 5437412.7355  28.6010 0.0833242 1.647939 1
4595564.4927 5437412.6180  27.7147 0.0098301 0.609650 2
4595564.5149 5437412.5344  27.0845 0.0747297 1.108785 2
4595564.4731 5437412.8579  26.5053 0.0493177 0.956346 1
4595564.5031 5437412.7454  25.6497 0.0448041 1.133475 2
4595564.6227 5437412.2969  22.2455 0.0447134 1.118494 2
4595564.6646 5437412.1397  21.0533 0.0319203 1.129602 2
4595564.3587 5437413.4531  27.9989 0.0610804 1.167311 1
4595564.4062 5437413.2756  26.6386 0.0354589 1.354494 2
4595564.5693 5437412.6659  21.9667 0.0307350 0.935520 2
4595564.2816 5437413.9077  28.4271 0.1263985 1.135983 1
4595565.2675 5437410.2355   0.0966 0.0973140 1.047909 3
4595564.2477 5437414.2022  27.6091 0.1808051 1.533126 1
4595565.2015 5437410.6612   0.0764 0.2282557 1.051199 3
4595565.1359 5437411.0852   0.0528 0.6889711 1.057760 0
4595565.0675 5437411.5201   0.1019 0.0833224 1.032513 3
4595565.0027 5437411.9412   0.0496 0.2733234 1.032120 3
4595564.9340 5437412.3766   0.1158 0.1012173 1.115943 3
4595564.8677 5437412.8035   0.1044 0.0919977 1.051429 3
4595564.8018 5437413.2283   0.0894 0.3385604 1.040910 3
4595564.7332 5437413.6637   0.1483 0.1113370 1.128609 3
4595564.6686 5437414.0838   0.0879 0.0608489 1.099877 3
4595565.2423 5437410.0524  28.1827 0.0502895 1.004077 1
4595565.1860 5437410.4296  28.0206 0.1277506 1.247137 1
4595565.1214 5437410.8383  28.0887 0.0893173 1.130930 1
4595564.9851 5437411.5179  30.1416 0.0788361 1.112269 1
4595565.1754 5437410.7983  24.8693 0.0338963 1.076371 2
4595564.9740 5437411.7236  28.7328 0.0745175 1.121874 1
4595565.0089 5437411.5922  27.7625 0.0329726 1.134842 2
4595565.1088 5437411.2156  24.9824 0.0666628 1.156833 2
4595564.9470 5437411.9909  27.7504 0.0271788 0.858005 1
4595564.9752 5437411.8849  26.9616 0.0940586 1.338304 2
4595564.9074 5437412.3057  27.1141 0.0829599 1.447374 1
4595564.7657 5437413.0024  29.3552 0.2253911 1.327263 0
4595564.7496 5437413.2296  28.0569 0.0649261 1.103969 1
4595564.9548 5437412.4659  22.2407 0.1105872 1.086807 2
4595564.6879 5437413.6270  28.0500 0.1127014 1.060003 1
4595564.7477 5437413.4051  26.3477 0.0457197 1.326203 2
4595564.6445 5437413.9573  27.5092 0.1568423 1.109916 1
4595565.6040 5437410.4099   0.0530 0.1575178 1.076769 3
4595565.5378 5437410.8357   0.0483 0.4555238 1.067426 3
4595565.4718 5437411.2618   0.0340 0.6194479 1.067480 0
4595565.4047 5437411.6912   0.0513 0.1646850 1.076236 3
4595565.3368 5437412.1233   0.0969 0.0728784 1.029100 3
4595565.2704 5437412.5504   0.0956 0.2220831 1.002930 3
4595565.2037 5437412.9789   0.0933 0.1156792 0.982780 3
4595565.1374 5437413.4053   0.0828 0.1035846 1.032849 3
4595565.0690 5437413.8392   0.1377 0.2350430 1.070996 3
4595565.3829 5437411.0378  28.9152 0.2021200 1.345371 1
4595565.3135 5437411.4652  29.1277 0.1732797 1.144331 0
4595565.3283 5437411.5758  26.9974 0.0753573 1.039245 1
4595565.4015 5437411.3007  24.9625 0.0783424 1.014768 2
4595565.5407 5437410.7773  21.0886 0.0240334 0.958093 2
4595565.2688 5437411.9665  26.9332 0.0879600 1.049505 1
4595565.3272 5437411.7474  25.2993 0.1131249 1.293474 2
4595565.1528 5437412.5685  28.4417 0.0685318 1.168322 1
4595565.1844 5437412.4504  27.5554 0.0385062 1.124211 2
4595565.0965 5437412.9468  28.2834 0.0534761 1.219128 1
4595565.1293 5437412.8245  27.3593 0.0280055 0.946291 2
4595565.1620 5437412.7029  26.4410 0.0649680 1.169243 2
4595565.0337 5437413.3488  28.3110 0.1299641 1.110793 1
4595565.1208 5437413.0259  25.8497 0.0548875 1.143913 2
4595565.2515 5437412.5407  22.1555 0.0395955 1.160406 2
4595564.9682 5437413.7614  28.4073 0.1035951 1.093959 1
4595565.0424 5437413.4871  26.3032 0.0740796 1.669822 2
4595564.9195 5437414.1120  28.0304 0.1594669 1.211058 1
4595565.8327 5437410.9295   0.0501 0.8824428 1.023250 0
4595565.7673 5437411.3536   0.0271 0.7126067 1.047841 0
4595565.6996 5437411.7861   0.0786 0.0780923 1.152722 3
4595565.5000 5437413.0719   0.1074 0.0614715 1.051841 3
4595565.4324 5437413.5038   0.1426 0.2940750 1.095059 3
4595565.8266 5437411.5944  27.8140 0.1657178 1.146175 1
4595566.0182 5437410.8857  22.5724 0.0314522 1.200926 2
4595565.7556 5437412.0276  28.0731 0.0966649 1.062780 1
4595565.6981 5437412.4107  27.9603 0.1856130 1.302462 0
4595565.8393 5437412.0657  22.3372 0.0837977 1.112709 1
4595565.5832 5437413.1763  27.7122 0.0869121 1.109004 1
4595565.5735 5437413.3862  26.2534 0.0672603 1.061518 1
4595565.7339 5437412.8024  21.7781 0.0376985 1.346039 2
4595565.7709 5437412.6681  20.7485 0.0257522 1.064563 2
4595565.6556 5437413.2637  22.2111 0.0942700 1.000051 1
4595565.6393 5437413.5013  20.8993 0.0246474 1.090828 2
4595566.3126 5437411.2570   0.0568 0.1916417 1.034191 3
4595566.2452 5437411.6883   0.0995 0.1897805 1.059897 3
4595566.1774 5437412.1215   0.1455 0.0642879 1.040769 3
4595565.9795 5437413.4003   0.1196 0.1613340 1.038247 3
4595566.2755 5437411.8870  25.4693 0.1662455 1.096851 1
4595566.3528 5437411.6063  23.3712 0.0465330 1.867821 2
4595566.2768 5437412.0583  23.7396 0.0445250 1.053746 1
4595566.3354 5437411.8459  22.1398 0.0261264 1.076695 2
4595566.2403 5437412.3671  23.0330 0.0327513 0.810969 1
4595566.2603 5437412.2946  22.4824 0.1009877 1.899587 2
4595566.1729 5437412.7882  23.1565 0.0993545 1.190477 1
4595566.2607 5437412.4721  20.7460 0.0690588 1.055298 2
4595566.1167 5437413.1686  22.9714 0.0457298 1.641305 2
4595566.6793 5437411.9101   0.1185 0.2194030 1.013052 3
4595566.6133 5437411.6978  23.4676 0.1382201 1.105515 1
4595566.5420 5437412.1331  23.7141 0.0269153 1.099016 1
4595566.6014 5437411.9180  22.0925 0.0443237 1.076216 2
4595566.4980 5437412.4701  23.2097 0.0996201 1.208839 1
4595566.5365 5437412.3313  22.1542 0.0598266 1.492382 2
4595566.4489 5437412.8254  22.8372 0.0753034 1.555731 1
4595566.4705 5437412.2932   0.1212 0.0358507 1.030571 3
4595566.4831 5437411.8345   0.0908 0.3915472 1.064631 0
4595566.3698 5437412.3330   0.1230 0.0572354 0.984659 0
4595566.3822 5437411.8752   0.0865 0.1152048 1.066825 3
4595566.3890 5437412.0243   0.1793 0.0348644 1.148796 3
4595566.1207 5437413.2388   0.1026 0.0330192 0.937057 3
4595566.1480 5437412.3168   0.0919 0.0553324 1.053113 3
4595565.9624 5437410.9711   0.0696 0.2021679 1.025242 3
4595565.9113 5437413.0761   0.1437 0.0610956 0.986066 0
4595565.9836 5437410.7727   0.1201 0.1765610 1.059687 3
4595565.8600 5437413.0106   0.1398 0.0547720 1.138496 0
4595565.9296 5437410.7077   0.0824 0.0431702 1.112814 3
4595565.6242 5437413.2203   0.0870 0.1463306 1.076927 0
4595565.6950 5437410.9155   0.0516 0.2237246 1.042197 3
4595565.5752 5437411.5787   0.0609 0.1148146 1.006946 3
4595565.5910 5437411.1154   0.0770 0.1472696 1.054703 3
4595565.5193 5437413.5078   0.2019 0.0393518 0.954695 3
4595565.5296 5437413.0545   0.1368 0.2009374 1.019932 3
4595565.5702 5437411.6763   0.0790 0.1170222 1.024226 0
4595565.5861 5437411.2123   0.0974 0.0637024 1.107339 3
4595566.6224 5437412.7031  23.0466 0.1543892 1.751483 1
4595566.5950 5437412.3508  22.3659 0.0693385 1.365754 1
4595566.6733 5437411.7789  23.4442 0.0829632 1.404809 1
4595565.3099 5437413.7363   0.1365 0.0666969 1.169637 3
4595565.3472 5437412.3621   0.0468 0.0409058 1.136200 3
4595565.3654 5437411.8930   0.1065 0.0578590 1.090774 3
4595565.3775 5437411.4361   0.0630 0.0798558 1.139449 3
4595565.3903 5437410.9788   0.0344 0.0476298 1.167098 3
4595565.4205 5437410.0539   0.0544 0.0792826 1.064927 3
4595566.3916 5437412.7053  23.2137 0.1338211 1.129768 1
4595566.3516 5437412.3812  22.3112 0.0782581 1.475186 1
4595566.4474 5437411.7717  23.6851 0.0570345 1.154803 1
4595566.3603 5437411.9531  22.2210 0.0633468 1.061837 2
4595565.0777 5437413.7611   0.1288 0.3353163 1.043706 3
4595565.0888 5437413.3067   0.0732 0.0534228 1.172586 3
4595565.1212 5437412.3775   0.1290 0.0751927 1.059249 3
4595565.1316 5437411.9254   0.0562 0.0323464 0.923392 3
4595565.1484 5437411.4593   0.0914 0.0538529 0.959969 3
4595565.1801 5437410.5332   0.1334 0.1412824 1.009164 3
4595566.3666 5437413.1040  22.9872 0.0442091 1.222077 1
4595566.4047 5437412.6142  23.4111 0.0972466 1.033720 1
4595566.3577 5437412.7150  22.6080 0.0401621 1.143653 2
4595566.4426 5437412.1257  23.8216 0.1041784 1.056953 1
4595566.3452 5437412.3331  22.1614 0.0284646 1.101068 2
4595565.1044 5437413.6836   0.2009 0.0556103 0.975726 3
4595565.1150 5437413.2307   0.1371 0.1167867 1.116478 3
4595565.1282 5437412.7721   0.1143 0.0436521 0.931916 3
4595565.1439 5437412.3075   0.1342 0.2178388 1.083665 3
4595565.1628 5437411.8383   0.2056 0.0435581 1.092552 3
4595565.1724 5437411.3865   0.1188 0.6180518 1.037266 0
4595565.2162 5437410.0039   0.1167 0.2483460 1.006770 3
4595566.2601 5437413.0478  23.1594 0.0433591 0.989957 1
4595566.2192 5437413.1372  22.4537 0.0973162 1.264559 2
4595566.2657 5437412.6279  23.0311 0.0223977 0.893233 1
4595566.2182 5437412.7309  22.2106 0.1336062 1.251498 2
4595566.2276 5437412.3008  22.1403 0.0326982 1.161010 1
4595566.1509 5437412.4660  20.8176 0.0328676 1.232898 2
4595564.9961 5437413.6573   0.1129 0.0542807 1.127768 3
4595565.0273 5437412.7290   0.1608 0.0401644 1.158873 3
4595565.0386 5437412.2729   0.1073 0.1809395 1.020537 3
4595565.0654 5437411.3544   0.0751 0.0775558 0.958224 3
4595565.0780 5437410.8968   0.0450 0.0431526 0.921052 3
4595565.1050 5437409.9772   0.0142 0.0406567 1.008548 3
4595566.0571 5437413.2807  26.6597 0.0344645 1.104274 1
4595565.8159 5437413.4063  22.2740 0.0654816 1.039486 1
4595565.7378 5437413.5779  20.9282 0.0262932 1.149740 2
4595566.0376 5437411.7044  25.3870 0.0450383 1.166440 2
4595565.8612 5437411.6739  22.1047 0.0919192 1.899684 1
4595565.8509 5437411.2874  21.6831 0.0408246 1.078390 1
4595564.6040 5437413.9174   0.1113 0.3355135 1.114690 3
4595565.8557 5437410.8676  21.5240 0.0626734 1.138029 1
4595564.6158 5437413.4614   0.0690 0.4687688 1.063803 3
4595564.6320 5437412.9955   0.0911 0.3894358 1.055632 3
4595564.6479 5437412.5313   0.1088 0.1212240 1.062889 3
4595564.6590 5437412.0771   0.0525 0.0477522 1.274797 3
4595564.6900 5437411.1508   0.0957 0.0599673 1.019295 3
4595564.7011 5437410.6968   0.0405 0.0660464 1.084842 3
4595564.7151 5437410.2370   0.0317 0.0353258 1.074007 3
4595564.7289 5437409.7778   0.0156 0.5257322 1.054595 0
4595564.7425 5437409.3192  -0.0037 0.0612446 1.007361 3
4595565.7034 5437413.5094  22.2806 0.0722892 1.110417 1
4595565.6507 5437413.2183  21.1271 0.1413861 1.639852 1
4595565.7313 5437412.6318  22.2965 0.0719913 1.089466 1
4595565.9293 5437411.7940  25.4997 0.0674319 1.072454 1
4595565.6684 5437412.3609  20.9586 0.0453158 1.147031 2
4595565.7647 5437411.7428  22.3871 0.0487057 1.307623 2
4595565.7293 5437411.8191  21.7706 0.0158729 0.851831 2
4595565.7866 5437411.2883  22.5226 0.0753942 0.987832 1
4595564.5049 5437414.0287   0.0991 0.3569737 1.036410 3
4595564.5206 5437413.5638   0.1232 0.5514472 1.096481 0
4595565.7740 5437410.4972  21.8098 0.0757046 1.057161 1
4595564.5338 5437413.1051   0.0941 0.3523799 1.053398 3
4595564.5485 5437412.6441   0.0892 0.0579492 1.135764 3
4595564.5941 5437411.2558   0.1354 0.1146102 0.971673 3
4595564.6068 5437410.7987   0.1075 0.0546859 1.020082 3
4595564.6353 5437409.8787   0.0942 0.1141349 1.066044 3
4595564.6471 5437409.4237   0.0427 0.0401368 1.042593 3
4595565.8891 5437413.4418  26.7260 0.1193892 1.120688 1
4595565.6509 5437413.5757  22.2864 0.0410371 0.933882 1
4595565.6251 5437413.2251  21.5940 0.0717729 1.079916 1
4595565.5888 5437413.3064  20.9532 0.0328761 0.959936 2
4595565.6796 5437412.6944  22.3236 0.0752122 1.038959 1
4595565.6024 5437412.8663  20.9570 0.0273003 1.059532 2
4595566.0295 5437411.5137  28.2563 0.0972133 1.068068 1
4595564.4698 5437414.0944   0.1226 0.3493190 1.055548 3
4595564.4850 5437413.6310   0.1447 0.6645734 1.064574 0
4595565.7221 5437410.5573  21.8456 0.0848853 1.121774 1
4595564.4983 5437413.1707   0.1206 0.3042094 1.059462 3
4595564.5138 5437412.7070   0.1352 0.1052934 1.040715 3
4595564.5298 5437412.2418   0.1642 0.0452899 0.978653 3
4595564.5824 5437410.4062   0.0995 0.0475646 1.121696 3
4595565.5763 5437412.8262  27.5109 0.0689871 1.214072 1
4595565.5269 5437412.9376  26.6393 0.0654773 1.116683 2
4595565.5272 5437412.5339  26.4096 0.0608508 0.998663 1
4595565.6346 5437411.8903  28.0579 0.1686710 1.285462 1
4595565.3385 5437412.1411  22.5798 0.1057447 1.082654 2
4595565.6307 5437411.0942  27.5018 0.0493314 1.123863 1
4595564.1027 5437414.0036   0.1489 0.1632808 1.169580 3
4595565.5074 5437410.5518  24.8351 0.1007701 1.018958 1
4595565.3006 5437410.9966  21.1689 0.0469745 1.624908 2
4595564.1141 5437413.5480   0.0972 0.1319811 1.030292 3
4595565.5308 5437410.0964  25.0052 0.1450592 1.076049 1
4595564.1271 5437413.0899   0.0657 0.2071666 1.024990 3
