    X-Koord.     Y-Koord. Z-Koord.      Int.   Pulsb. W
4595559.6423 5437443.8870   0.0567 0.2789015 1.025556 3
4595558.7784 5437445.0115   0.0509 0.6687267 1.050483 0
4595558.8421 5437444.0697   0.1420 0.2175719 1.116409 3
4595558.8658 5437443.5541   0.0208 0.0530783 0.947856 3
4595559.2277 5437444.9102   6.8794 0.0755123 1.091125 1
4595558.8956 5437443.0716   0.0212 0.1905750 1.124296 3
4595558.0366 5437445.0365   0.0599 0.3202074 1.085483 3
4595558.0661 5437444.5524   0.0730 0.4102463 1.055064 3
4595558.0903 5437444.0397  -0.0324 0.3522260 1.052057 0
4595558.5040 5437445.6412   7.7568 0.0326452 0.942672 1
4595558.1216 5437443.5652   0.0047 0.5768821 1.109641 3
4595558.1516 5437443.0827   0.0022 0.3755338 1.006664 0
4595558.5400 5437444.5679   7.3389 0.0380062 0.867314 1
4595559.2835 5437446.7978  20.7479 0.0529945 1.235029 1
4595559.5720 5437446.5643  24.9824 0.0899765 1.152705 1
4595559.6583 5437445.8202  25.6006 0.0657717 1.065090 1
4595559.6892 5437445.3786  25.6473 0.0975756 1.267818 1
4595559.7031 5437444.8389  25.3193 0.0638015 1.187754 1
4595559.6785 5437444.0734  24.2039 0.0770562 1.109598 1
4595559.9029 5437444.1417  27.6758 0.0694048 1.126458 1
4595559.9440 5437443.7628  27.9310 0.0946570 1.062212 1
4595557.0807 5437446.2669   0.7580 0.1281107 0.906485 1
4595557.0424 5437446.0691   0.0200 0.3759522 1.080739 3
4595557.0680 5437445.5647  -0.0099 0.1013703 1.010628 3
4595557.1019 5437445.1050   0.0834 0.5139302 1.068751 0
4595557.4366 5437446.2229   6.0626 0.0517799 1.087080 1
4595557.1355 5437444.6427   0.1652 0.4394116 1.052650 3
4595557.1593 5437444.1279   0.0583 0.5879465 1.037580 3
4595557.1896 5437443.6478   0.0822 0.3921463 1.023800 0
4595557.2162 5437443.1493   0.0237 0.3894703 1.047666 3
4595557.2898 5437442.8995   0.8997 0.0674556 1.028034 1
4595558.1630 5437446.9656  17.6411 0.0745180 1.049685 1
4595558.1124 5437446.6926  16.6563 0.0453003 1.100699 3
4595558.1971 5437446.5320  17.8092 0.0550284 1.121150 1
4595558.4231 5437447.1428  21.7151 0.0402978 0.958125 1
4595558.2168 5437446.0185  17.6672 0.0882983 1.071831 2
4595558.6317 5437447.0587  24.8012 0.0421444 0.996949 2
4595558.6718 5437446.6674  25.0966 0.0844732 1.166327 2
4595558.9263 5437446.8624  29.0989 0.0165010 0.722519 1
4595558.8892 5437446.6550  28.3749 0.0695464 1.011287 3
4595558.9697 5437446.4964  29.4654 0.1137037 1.319329 1
4595558.7630 5437445.3335  25.2964 0.0235714 0.771126 3
4595558.7680 5437443.5045  23.6931 0.1404851 1.037714 1
4595556.0546 5437446.1074  -0.0590 0.3576046 1.105620 3
4595556.0876 5437445.6406   0.0267 0.6057776 1.036344 0
4595556.1243 5437445.1925   0.1566 0.6977528 1.066192 0
4595556.1617 5437444.7480   0.2882 0.5475535 1.057389 0
4595556.1809 5437444.2106   0.0831 0.3900382 1.062174 3
4595556.2131 5437443.7391   0.1436 0.2294923 1.158425 3
4595556.2369 5437443.2239   0.0327 0.3261251 1.048960 3
4595557.1951 5437447.5980  17.9230 0.0168068 0.914995 1
4595557.1658 5437447.4446  17.3734 0.1160988 1.949104 2
4595556.2673 5437442.7427   0.0435 0.0903792 1.005077 3
4595557.4992 5437447.3640  22.2333 0.0489940 1.314960 2
4595557.9594 5437447.4039  29.0842 0.0475904 1.068904 1
4595557.8471 5437446.7939  26.9335 0.0617500 1.216676 2
4595557.6657 5437445.8081  23.4477 0.0792068 1.247042 3
4595558.0039 5437447.0402  29.4541 0.1813219 1.134588 1
4595557.8916 5437446.4273  27.2994 0.0511850 2.230332 3
4595558.0302 5437446.5774  29.4760 0.1080171 1.057631 1
4595557.9294 5437446.0245  27.5257 0.0364131 1.068601 2
4595557.7992 5437445.3096  25.0014 0.0320059 1.173599 3
4595558.0092 5437445.2432  28.0422 0.1335436 1.042032 0
4595558.0546 5437444.8846  28.3962 0.0330979 0.958022 1
4595557.8248 5437443.6031  23.8565 0.0771526 1.023891 2
4595555.2015 5437447.9218   0.0144 0.7199716 1.035275 0
4595555.2319 5437447.4434   0.0598 0.6613077 1.076376 0
4595555.2552 5437446.9275   0.0159 0.8480255 1.070975 0
4595555.9321 5437447.8001  10.5698 0.0820712 1.018813 1
4595555.3810 5437445.0260   0.2127 0.4830846 1.062345 3
4595555.4070 5437444.5228   0.1193 0.4440527 1.075379 0
4595555.4366 5437444.0370   0.1259 0.2551511 1.349223 3
4595556.2324 5437447.4714  14.6809 0.1083050 1.117113 2
4595555.4608 5437443.5237   0.0336 0.0629582 1.186957 3
4595556.3333 5437447.3731  16.0805 0.0318459 1.061273 2
4595555.4916 5437443.0436   0.0543 0.1813517 1.142853 3
4595556.7323 5437447.6047  22.0811 0.0411729 1.214619 3
4595557.1413 5437447.3350  27.8500 0.0321343 1.238664 3
4595557.2632 5437447.3831  29.6682 0.1701284 1.114223 3
4595557.3348 5437447.1644  30.5421 0.0426646 1.023134 1
4595557.2138 5437446.5117  28.2691 0.0604798 1.163913 2
4595557.1632 5437446.2388  27.3152 0.0284871 0.951470 2
4595557.3144 5437446.4494  29.6835 0.0394515 0.920041 1
4595557.2547 5437446.1257  28.5568 0.0706413 1.017219 3
4595557.2611 5437445.5514  28.1912 0.0918035 1.468361 1
4595557.0076 5437444.1691  23.2531 0.0390291 1.167313 3
4595557.1995 5437443.9891  25.9037 0.1014892 1.074738 1
4595554.3440 5437447.8664   0.0289 0.7687862 1.049125 0
4595554.3766 5437447.3965   0.1114 0.5919382 1.075693 0
4595554.4021 5437446.8923   0.0804 0.5429182 1.059960 0
4595554.4290 5437446.3950   0.0704 0.6010227 1.035271 0
4595554.4588 5437445.9104   0.0853 0.2620019 1.044350 3
4595554.4908 5437445.4386   0.1445 0.0836868 1.199626 3
4595554.5198 5437444.9487   0.1277 0.0596063 1.370309 3
4595554.5424 5437444.4296  -0.0094 0.1269472 1.145001 3
4595554.5753 5437443.9590   0.0357 0.1211582 1.180196 3
4595554.6084 5437443.4902   0.0861 0.1885361 1.123479 3
4595555.5173 5437447.4490  16.6006 0.0673909 1.228087 2
4595554.6395 5437443.0125   0.0919 0.1853469 1.062592 3
4595555.6610 5437447.5649  18.7574 0.0998337 1.279923 3
4595555.7616 5437447.4688  20.1289 0.0896535 1.277652 3
4595555.8278 5437447.1971  20.8849 0.0477034 0.961184 3
4595556.2705 5437447.6714  27.6074 0.0401308 1.142956 2
4595556.0529 5437446.5358  23.6489 0.0373862 0.947964 3
4595556.3885 5437447.6870  29.3161 0.1122403 1.512310 3
4595556.4580 5437447.4516  30.1332 0.0746433 1.403823 1
4595556.3419 5437446.8390  28.0229 0.0831064 1.122102 2
4595556.4215 5437446.6566  29.0366 0.0557436 1.048982 1
4595556.3074 5437446.0518  26.9118 0.0318877 0.960075 2
4595556.4968 5437446.4521  29.9685 0.0780583 1.263622 1
4595556.4493 5437446.1989  29.0772 0.0279631 0.925821 2
4595556.4109 5437445.9945  28.3567 0.0331710 1.468688 3
4595556.5126 5437445.9324  29.7710 0.0533511 1.180418 1
4595556.2959 5437444.7711  25.6100 0.0709079 1.299590 2
4595556.5756 5437445.0601  29.9185 0.0814071 1.217820 1
4595556.5314 5437444.8204  29.0587 0.0273666 0.886941 2
4595556.4153 5437444.1921  26.8181 0.0632382 1.105454 2
4595556.3803 5437444.0027  26.1484 0.0173808 0.812136 3
4595556.5803 5437444.4778  29.4498 0.0909184 1.107781 1
4595556.4476 5437443.7557  26.9064 0.0524054 1.378323 2
4595556.4757 5437443.2961  26.9077 0.0698151 1.051777 1
4595553.3584 5437447.8370   0.1193 0.4008570 1.213860 0
4595553.3855 5437447.3393   0.1017 0.4076535 1.194935 0
4595553.4079 5437446.8207  -0.0112 0.6794254 1.040474 0
4595553.4363 5437446.3280  -0.0247 0.5313208 1.067678 0
4595553.4747 5437445.8840   0.1315 0.0890572 1.519786 3
4595553.5130 5437445.4406   0.2878 0.0918130 1.078851 3
4595555.5094 5437447.4029  30.2162 0.0619532 1.160454 1
4595555.4108 5437446.8943  28.4578 0.0816322 1.122914 2
4595555.6481 5437447.5218  32.2589 0.0535920 1.044088 1
4595555.4887 5437446.6956  29.4216 0.1394834 1.178026 3
4595555.6185 5437446.7705  31.3062 0.1078624 1.367303 1
4595555.5851 5437446.5963  30.7113 0.0908797 2.528579 2
4595555.7071 5437446.6334  32.4593 0.0417217 1.194564 1
4595555.6280 5437446.2192  31.0073 0.1071011 1.078639 3
4595555.7421 5437446.2172  32.6156 0.0689807 0.924775 1
4595555.4998 5437444.9421  28.0539 0.0784723 1.100294 3
4595555.7293 5437445.5487  31.8630 0.0356701 1.188150 1
4595555.6952 5437445.3683  31.2165 0.0520198 1.035601 2
4595555.5426 5437444.5613  28.3069 0.0681488 1.204577 3
4595555.6633 5437444.5953  30.0491 0.0961300 1.078192 1
4595555.7153 5437444.2680  30.5002 0.1325379 1.088924 1
4595552.6013 5437447.6472   0.1012 0.3207468 1.087665 3
4595552.6273 5437447.1438   0.0621 0.3146979 1.046377 3
4595552.6595 5437446.6692   0.1284 0.3335170 1.136449 0
4595552.7068 5437446.2660   0.4623 0.0982733 1.639077 3
4595552.7274 5437445.7367   0.3167 0.0404686 1.016398 3
4595552.7485 5437445.2088   0.1467 0.0532743 1.070558 3
4595552.7872 5437444.7647   0.2769 0.1772953 1.042889 3
4595552.8077 5437444.2333   0.0945 0.1571660 1.181103 3
4595552.8349 5437443.7334   0.0507 0.0637266 1.104831 3
4595552.8688 5437443.2652   0.1179 0.1053315 1.039909 3
4595552.8973 5437442.7713   0.0834 0.0668665 1.016652 3
4595554.2470 5437447.5605  23.0616 0.0638133 1.446609 3
4595554.3528 5437447.4839  24.4830 0.0966047 1.108588 2
4595554.2756 5437447.0989  23.0994 0.0552295 1.459481 2
4595554.8265 5437448.0692  31.5910 0.0323796 0.919095 2
4595554.8980 5437447.8369  32.3981 0.1513948 1.519987 3
4595554.8884 5437447.1918  31.7570 0.0974946 1.070611 1
4595554.7719 5437446.5953  29.6771 0.1084555 1.413623 2
4595554.5962 5437445.6952  26.4564 0.0299087 0.960446 3
4595554.9319 5437446.8176  32.0880 0.0444720 1.688644 1
4595554.8478 5437446.3845  30.5720 0.0911584 1.140356 3
4595554.9391 5437446.2561  31.7451 0.0932621 1.346540 1
4595554.9940 5437445.9422  32.2477 0.1840487 1.191088 1
4595555.0703 5437445.7400  33.1468 0.1642941 1.283905 1
4595555.1095 5437445.3454  33.3510 0.0715870 1.152920 1
4595554.9223 5437443.7554  29.3170 0.1783571 1.176473 1
4595554.9944 5437442.9221  29.5849 0.1624716 1.101062 1
4595553.8571 5437447.6114  28.3163 0.0533501 1.930455 3
4595553.9721 5437447.5863  29.8896 0.2065032 1.248918 0
4595554.2054 5437448.1603  33.5856 0.1790861 1.570302 0
4595554.1715 5437447.3955  32.4987 0.0896698 1.030347 1
4595554.0248 5437446.6550  29.8801 0.0441706 1.368600 3
4595554.2558 5437447.2285  33.5367 0.1502383 1.506932 0
4595554.2585 5437446.6472  33.1212 0.0661145 0.978126 1
4595554.2137 5437446.4183  32.3137 0.0715047 1.054194 3
4595554.2538 5437446.0246  32.5396 0.0427773 0.982724 1
4595554.1934 5437445.7147  31.4374 0.0830330 1.239193 2
4595553.9341 5437444.3849  26.6812 0.0223549 0.810928 2
4595554.3022 5437445.6752  32.9186 0.1066869 1.168598 1
4595554.4037 5437445.0028  33.7524 0.1563975 1.044172 1
4595552.5192 5437448.2280  24.4364 0.0774349 1.511824 3
4595552.5317 5437447.6902  24.2012 0.0364328 1.146266 2
4595553.0088 5437448.2063  31.0663 0.1444420 1.501843 1
4595552.9166 5437447.7579  29.4728 0.0326911 1.323281 3
4595552.9992 5437447.5664  30.4478 0.1474302 1.203990 0
4595552.9025 5437446.4975  28.2944 0.1210074 1.681939 0
4595553.0677 5437446.7148  30.7037 0.0683167 1.091637 1
4595552.6879 5437444.8405  24.0001 0.0467004 1.128367 2
4595552.5710 5437444.2637  21.9159 0.0768210 1.418480 3
4595553.0714 5437446.1377  30.2880 0.1528683 1.076454 1
4595552.9296 5437445.4344  27.7983 0.0511624 1.167752 3
4595552.7392 5437443.8853  23.8845 0.1016228 1.263084 1
4595552.5921 5437443.1517  21.2877 0.0437762 1.364287 2
4595553.2120 5437445.6463  31.7836 0.1290913 1.031434 1
4595553.3465 5437445.7271  33.6658 0.0607476 1.073384 1
4595553.3818 5437445.3107  33.7919 0.1140996 1.044336 1
4595552.3621 5437442.6366  23.5978 0.2066837 1.286848 1
4595552.5406 5437442.6666   0.0733 0.1042284 1.048889 3
4595552.4737 5437443.0929   0.0746 0.0457974 1.113904 3
4595552.4065 5437443.5205   0.1003 0.1126917 1.081324 3
4595552.3401 5437443.9452   0.0530 0.0448432 1.051769 3
4595552.7850 5437443.4094  23.9791 0.0391780 1.178092 1
4595552.8313 5437443.2659  21.1764 0.0905236 1.051654 2
4595552.7244 5437443.8038  23.8181 0.1260997 1.181872 1
4595552.7650 5437443.6791  21.3367 0.0341460 1.057915 2
4595553.1020 5437442.6451   0.7335 0.0665455 1.465342 3
4595552.6605 5437444.2076  23.8597 0.1139542 1.164723 1
4595552.6915 5437444.1134  21.9482 0.0368736 1.273923 3
4595552.5732 5437444.6820  25.3698 0.0549352 0.929946 1
4595552.6262 5437444.5230  22.0580 0.0600746 1.257200 3
4595552.5084 5437445.0881  25.5255 0.0481373 1.080000 1
4595552.5266 5437445.0341  24.3749 0.0364013 1.121910 2
4595552.9113 5437443.8922   0.1362 0.1202689 1.036609 3
4595552.4508 5437445.4731  25.2106 0.1594062 1.329255 1
4595552.4894 5437445.3598  22.7454 0.0369269 1.329388 2
4595552.8454 5437444.3156   0.0538 0.0893810 1.030900 3
4595552.3476 5437445.9899  27.7800 0.0976736 1.063311 1
4595552.7743 5437444.7534   0.3381 0.1023354 1.016611 3
4595552.3134 5437446.3071  25.9177 0.0457349 1.309354 2
4595552.7083 5437445.1771   0.2940 0.0965891 1.006540 3
4595552.4421 5437446.8768   0.1373 0.1555930 1.071805 3
4595553.2639 5437442.9079  21.0182 0.0646972 1.153046 1
4595553.1973 5437443.3218  21.2070 0.0243428 0.941554 1
4595553.0785 5437443.8930  24.5392 0.0458941 1.603625 1
4595553.1321 5437443.7313  21.3145 0.1038596 1.096284 2
4595553.4758 5437442.6941   0.6183 0.0488623 1.296483 3
4595553.0136 5437444.3001  24.6619 0.0591912 1.782834 1
4595553.0390 5437444.2243  23.1193 0.0267144 1.041459 2
4595553.0581 5437444.1670  21.9553 0.0368368 1.238779 2
4595553.4167 5437443.0968   0.1602 0.1675698 1.060740 3
4595552.9691 5437444.6462  23.5416 0.2097066 1.377769 1
4595553.3461 5437443.5332   0.3983 0.0562191 1.069726 3
4595552.8361 5437445.2519  27.8940 0.1040779 1.153931 1
4595552.9174 5437445.0149  22.8483 0.0561295 1.050680 2
4595553.2849 5437443.9425   0.0550 0.1111895 1.029618 3
4595552.7342 5437445.7634  30.3714 0.0853372 1.177940 1
4595553.2184 5437444.3675   0.0350 0.0941015 1.124506 3
4595552.7050 5437446.0655  28.2783 0.1492831 1.560872 0
4595552.6039 5437446.5712  30.7297 0.1197051 1.038916 1
4595552.6358 5437446.4815  28.6972 0.0252924 1.062650 3
4595552.5483 5437446.9483  30.2944 0.0576557 1.187872 1
4595552.5761 5437446.8712  28.5060 0.0655257 1.231131 2
4595553.0144 5437445.6553   0.2715 0.0626783 1.085069 3
4595552.4911 5437447.3308  29.9504 0.0274664 1.019515 1
4595552.5072 5437447.2868  28.9047 0.0920465 1.197746 3
4595552.4152 5437447.7635  30.8239 0.0413403 0.866737 0
4595552.3620 5437448.1349  30.2082 0.0699371 1.034682 1
4595552.3752 5437448.0999  29.3345 0.0364114 1.032842 2
4595552.4177 5437447.9868  26.5107 0.0209146 0.975203 3
4595552.4124 5437448.2353  22.6315 0.0294641 1.130704 2
4595552.7479 5437447.3569   0.1195 0.0827027 1.059245 3
4595552.6806 5437447.7845   0.1000 0.1785566 1.042313 3
4595552.6134 5437448.2113   0.0731 0.2039367 1.035877 3
4595553.6905 5437442.5753  21.1425 0.1351478 1.058228 1
4595553.6277 5437442.9768  21.1043 0.0927905 1.088446 1
4595553.5615 5437443.3897  21.2562 0.0903974 1.062329 1
4595553.4533 5437443.9265  23.9102 0.1168132 1.168816 1
4595553.8489 5437442.7527   0.4774 0.0755491 1.270883 3
4595553.2184 5437444.8322  34.2167 0.0416309 0.966460 1
4595553.3267 5437444.5141  27.7277 0.0262818 1.044936 2
4595553.7879 5437443.1607   0.1367 0.1786936 1.059686 3
4595553.1984 5437445.1033  31.7117 0.0549659 1.005450 1
4595553.2649 5437444.9104  27.6898 0.0416892 0.930602 3
4595553.2558 5437445.1547  24.4429 0.0562760 1.063159 1
4595553.2835 5437445.0752  22.7498 0.0698958 1.115302 2
4595553.6564 5437444.0057  -0.0046 0.1673431 1.046298 3
4595553.0975 5437445.8261  30.3156 0.0885239 1.053924 1
4595553.5895 5437444.4321  -0.0107 0.0363776 0.932915 3
4595553.0364 5437446.2184  30.2426 0.0779448 0.969946 1
4595553.0673 5437446.1319  28.3204 0.0954107 1.939728 3
4595552.9718 5437446.6204  30.3842 0.0311794 1.037917 1
4595553.0058 5437446.5267  28.2551 0.1014278 1.720792 3
4595552.9404 5437446.9317  28.4297 0.1033375 1.059585 1
4595553.0212 5437446.7115  23.3086 0.0315688 1.049701 3
4595552.8401 5437447.4309  30.8249 0.0723093 1.033267 1
4595552.8528 5437447.3967  30.0107 0.0908777 1.901186 2
4595552.9094 5437447.2447  26.3892 0.0364937 1.109766 3
4595552.7774 5437447.8276  30.8401 0.0514822 1.085584 1
4595552.7898 5437447.7947  30.0374 0.0603523 1.174208 2
4595552.8024 5437447.7612  29.2205 0.0178841 0.981270 2
4595552.7131 5437448.2282  30.9553 0.0259525 0.987570 1
4595552.7348 5437448.1716  29.5391 0.0989502 1.047618 3
4595554.1344 5437443.2590  22.7018 0.0679206 1.045295 1
4595554.1634 5437443.1753  21.0812 0.0802256 1.083480 2
4595554.0508 5437443.7199  23.8690 0.0447960 1.154794 1
4595554.1018 5437443.5741  20.9922 0.0259504 1.089090 2
4595554.4706 5437442.5195   0.1572 0.3094208 1.059600 3
4595553.9372 5437444.2648  26.7570 0.0718373 0.985773 1
4595553.9858 5437444.1274  23.9899 0.0541237 1.124223 2
4595554.4043 5437442.9439   0.1436 0.1089523 1.092287 3
4595553.9238 5437444.5265  23.9310 0.0570055 1.541031 1
4595554.3246 5437443.4064   0.8946 0.0497665 0.929404 2
4595554.3376 5437443.3699   0.1435 0.1909562 1.189027 3
4595553.6993 5437445.3737  33.2817 0.1119937 1.074570 1
4595553.7932 5437445.1144  27.8445 0.0311609 0.907737 2
4595553.8104 5437445.0671  26.8518 0.0458232 1.488929 3
4595553.6707 5437445.6766  31.3458 0.0285089 1.065044 1
4595553.7812 5437445.3753  24.8901 0.0167903 0.721101 2
4595554.2059 5437444.2169   0.0490 0.0677834 1.051365 3
4595553.6308 5437446.0117  30.0439 0.1248919 1.134138 1
4595553.7328 5437445.7371  24.0286 0.0812752 1.388070 2
4595554.1382 5437444.6452   0.0972 0.0523472 1.182875 3
4595553.5669 5437446.4117  30.1539 0.0318450 1.368946 3
4595553.5480 5437446.6946  27.5410 0.0268365 1.145435 1
4595553.6086 5437446.5355  23.8967 0.0739107 1.029770 2
4595554.0050 5437445.4965   0.0557 0.1760868 1.077195 3
4595553.4793 5437447.1089  27.9011 0.1273333 1.706777 0
4595553.3717 5437447.6217  30.6533 0.0241602 0.903274 1
4595553.3848 5437447.5883  29.8488 0.0677587 1.117314 2
4595553.4033 5437447.5411  28.7137 0.0259626 1.231567 3
4595553.3101 5437448.0156  30.5989 0.1246224 1.228180 1
4595553.3384 5437447.9446  28.8488 0.0653336 1.018637 3
4595553.3591 5437448.1366  23.6345 0.0365588 1.159892 3
4595554.5082 5437442.9374  29.5093 0.1206815 1.128179 1
4595554.4460 5437443.3336  29.5251 0.0852082 1.136511 1
4595554.5675 5437442.9854  22.8817 0.0761620 1.159837 2
4595554.4266 5437443.6082  27.1832 0.0770442 1.048206 1
4595554.3657 5437444.0015  27.1068 0.0571587 1.126464 1
4595554.8507 5437442.6415   0.1254 0.3358655 1.106080 3
4595554.3121 5437444.3749  26.6114 0.0664389 1.081736 1
4595554.3549 5437444.2562  24.2087 0.0662077 1.551680 2
4595554.7833 5437443.0688   0.1642 0.2066373 1.379241 3
4595554.2425 5437444.7934  27.0015 0.1257749 1.579809 1
4595554.2920 5437444.6578  24.2050 0.0409344 1.637784 2
4595554.7181 5437443.4905   0.0761 0.0440380 1.017654 3
4595554.0753 5437445.4749  32.9650 0.0905908 1.113970 1
4595554.1019 5437445.4029  31.4467 0.0321968 1.407865 2
4595554.1681 5437445.2237  27.6695 0.0950292 1.734569 3
4595554.0462 5437445.7805  31.0853 0.0590360 1.166525 1
4595554.0933 5437445.6544  28.3722 0.0597751 1.053329 2
4595554.1231 5437445.5748  26.6577 0.0315008 1.211118 2
4595554.5849 5437444.3412   0.0638 0.0464010 1.116630 3
4595553.9819 5437446.1809  31.2099 0.0631413 1.146347 1
4595554.0227 5437446.0734  28.8427 0.0486933 1.691848 2
4595554.0703 5437445.9479  26.0798 0.0319952 1.375664 3
4595553.8857 5437446.6642  33.2125 0.0612965 1.157049 1
4595553.8991 5437446.6293  32.4276 0.0824904 1.298594 2
4595553.9404 5437446.5217  30.0089 0.0443936 1.003878 3
4595553.8016 5437447.1144  34.5123 0.1482239 1.061592 1
4595553.8221 5437447.0616  33.2962 0.0343268 1.519885 3
4595553.8196 5437447.3045  29.7463 0.0451097 1.022224 1
4595553.8515 5437447.2237  27.8404 0.0492589 1.026463 2
4595553.9247 5437447.0387  23.4738 0.0356869 1.095601 3
4595553.7561 5437447.7036  29.8021 0.1292943 1.081585 1
4595553.7784 5437447.6479  28.4564 0.0521911 1.284818 2
4595554.2484 5437446.4768   0.1407 0.0379721 1.037717 3
4595553.6544 5437448.1964  32.1849 0.1143270 1.025521 1
4595553.6735 5437448.1494  31.0191 0.0482070 1.080736 2
4595553.7104 5437448.0590  28.7767 0.0245531 1.145115 3
4595553.9794 5437448.1847   0.0943 0.0593550 1.017270 3
4595554.7022 5437443.0786  29.3890 0.0967105 1.004156 1
4595554.6804 5437443.3578  27.1642 0.0764558 0.983631 1
4595554.7536 5437443.1469  23.1172 0.0658589 1.003630 2
4595554.6869 5437443.5587  23.3301 0.0421439 1.038841 2
4595554.6079 5437444.0056  24.2170 0.1028270 1.186929 1
4595555.0381 5437442.7936   0.0285 0.2919186 1.089419 3
4595554.4967 5437444.5404  26.9653 0.0760831 1.086332 1
4595554.5473 5437444.3996  24.0947 0.0791638 1.421759 2
4595554.9718 5437443.2174   0.0031 0.1473641 1.131846 3
4595554.3295 5437445.2271  32.9341 0.0497480 1.035692 1
4595554.4252 5437444.9636  27.4620 0.0545955 1.106224 3
4595554.2706 5437445.6119  32.7668 0.1520060 1.264139 1
4595554.2982 5437445.5368  31.1737 0.0430431 1.215253 3
4595554.2100 5437446.0009  32.6905 0.1153405 1.024235 1
4595554.2570 5437445.8747  29.9547 0.0410292 1.109188 3
4595554.1961 5437446.2673  29.8641 0.0477788 1.028942 1
4595554.7032 5437444.9235   0.0457 0.1688520 1.016560 3
4595554.0808 5437446.8011  32.9885 0.1272165 1.467641 1
4595554.1464 5437446.6296  29.1058 0.0344259 1.368437 3
4595553.9949 5437447.2562  34.3970 0.0943006 1.015365 1
4595554.0158 5437447.2025  33.1518 0.0286044 1.600919 3
4595553.9387 5437447.6338  34.0549 0.0627758 1.059271 1
4595554.0124 5437447.4465  29.5992 0.1139335 1.447728 3
4595553.9609 5437447.8150  28.9224 0.0293352 1.022570 1
4595554.0154 5437447.6786  25.5977 0.0330565 0.995139 2
4595554.4333 5437446.6324   0.1178 0.0720405 0.992127 3
4595555.2208 5437442.6861  29.5659 0.1206265 1.067148 1
4595555.1601 5437443.0783  29.4883 0.1267206 1.282737 1
4595555.1878 5437443.2224  24.6763 0.0783285 1.216631 1
4595555.0218 5437443.9096  30.2618 0.0270347 1.139617 1
4595555.0480 5437443.8371  28.8463 0.0230659 0.852255 2
4595555.0976 5437443.6993  26.1587 0.0292501 1.096363 2
4595554.9939 5437444.2116  28.4069 0.0686226 1.029712 1
4595555.0813 5437443.9716  23.6276 0.0652659 1.151554 2
4595555.5122 5437442.7887   0.0874 0.1788704 1.073110 3
4595554.9328 5437444.6052  28.3556 0.0599172 1.002363 1
4595555.0174 5437444.3757  23.6840 0.0549905 0.983223 2
4595555.4465 5437443.2116   0.0324 0.2193652 1.047023 3
4595554.7837 5437445.2354  33.1949 0.0988155 1.081794 1
4595555.3799 5437443.6376   0.0113 0.1355152 1.064621 3
4595554.7233 5437445.6248  33.1328 0.1339566 1.111086 1
4595554.7796 5437445.4759  29.9791 0.0375556 1.006849 3
4595554.6695 5437445.9970  32.6879 0.0903539 1.048470 1
4595554.6821 5437445.9643  31.9786 0.1130758 1.130246 2
4595554.7014 5437445.9137  30.8843 0.0308826 1.249903 3
4595554.6168 5437446.3670  32.1717 0.1118338 1.135778 1
4595554.6576 5437446.2619  29.8445 0.0455656 1.997967 3
4595554.5351 5437446.8110  33.2982 0.1765378 1.382113 0
4595554.4679 5437447.2179  33.5829 0.0976218 1.099189 1
4595554.4803 5437447.1869  32.8671 0.0313617 1.083290 2
4595554.5238 5437447.0778  30.3419 0.0196431 0.951315 3
4595554.4004 5437447.6249  33.9110 0.0406293 0.984448 1
4595554.4459 5437447.5125  31.2420 0.0363280 1.041118 3
4595554.3437 5437448.0050  33.6131 0.1484040 1.115599 1
4595554.4355 5437447.7816  28.1734 0.0190099 0.928405 3
4595554.4155 5437448.0774  25.6329 0.0331862 0.932596 1
4595554.5717 5437447.7033  16.2849 0.1097148 1.174969 3
4595554.4974 5437448.1368  16.8796 0.0588847 1.337730 3
4595555.7825 5437442.6048  24.8492 0.0418229 1.149541 1
4595555.6374 5437443.2314  29.1236 0.0467796 1.044616 1
4595555.7183 5437443.0094  24.9276 0.0541844 1.152188 2
4595555.6581 5437443.4032  24.8024 0.0611223 1.129717 1
4595555.4838 5437444.1026  30.6607 0.1585051 1.225289 1
4595555.5354 5437443.9645  27.9498 0.0262323 0.979937 3
4595555.4300 5437444.4758  30.2374 0.0413625 1.106687 1
4595555.4627 5437444.3891  28.4989 0.1204571 1.275087 2
4595555.9980 5437442.9715   0.0799 0.1094480 1.029845 3
4595555.3065 5437445.0321  33.5677 0.0448519 1.029430 1
4595555.4091 5437444.7636  28.0547 0.2357337 1.292784 3
4595555.2422 5437445.4314  33.7416 0.1550808 1.089947 1
4595555.2666 5437445.3685  32.4243 0.0432365 1.105460 3
4595555.2082 5437445.7534  32.2559 0.0871853 1.760872 0
4595555.1567 5437446.1215  31.6907 0.0612324 1.227840 1
4595555.1762 5437446.0723  30.6174 0.1253220 1.364788 2
4595555.1901 5437446.0373  29.8522 0.0378963 0.888792 3
4595555.0817 5437446.5482  32.4135 0.1956726 1.441927 0
4595555.0907 5437446.7686  28.4351 0.1840641 1.083574 1
4595555.6019 5437445.5177  -0.1367 0.0530576 0.988901 3
4595555.5337 5437445.9477  -0.0565 0.0579088 1.074550 3
4595554.8714 5437447.7882  33.7470 0.0228065 1.043844 1
4595554.8897 5437447.7447  32.7050 0.0407422 1.071179 2
4595554.9101 5437447.6963  31.5432 0.1223595 1.166547 3
4595554.8621 5437448.0579  30.7362 0.0512226 1.561430 2
4595555.3966 5437446.8088   0.0930 0.1392736 0.992977 3
4595555.2601 5437447.6677   0.1501 0.0409937 1.052908 3
4595556.0599 5437442.7643  27.1908 0.0902985 1.407798 1
4595555.9339 5437443.3352  30.4655 0.0346525 1.018838 1
4595555.9809 5437443.2073  28.0476 0.1158215 1.031443 2
4595555.9979 5437443.1612  27.1746 0.0360217 1.153598 2
4595555.8720 5437443.7300  30.4529 0.1755322 1.163107 1
4595555.9398 5437443.5478  26.9443 0.0315636 1.231779 3
4595555.8108 5437444.1228  30.4078 0.0854960 1.033577 1
4595555.8335 5437444.0625  29.2244 0.0861357 1.136926 2
4595555.8704 5437443.9643  27.2950 0.0489599 2.291270 3
4595555.7277 5437444.5733  31.5237 0.1050343 1.044056 0
4595555.6698 5437444.9567  31.3355 0.0772956 1.101337 1
4595555.7006 5437444.8769  29.6976 0.1383367 1.278998 3
4595555.6078 5437445.3507  31.3741 0.1575870 1.360358 1
4595555.6484 5437445.2468  29.1929 0.0488653 1.059248 3
4595555.5589 5437445.7124  30.6821 0.0756101 1.463890 1
4595555.6075 5437445.5892  28.0490 0.0190384 0.715395 2
4595555.6198 5437445.5583  27.3875 0.0189002 1.022682 3
4595555.4719 5437446.1694  32.0480 0.1264232 1.029151 1
4595555.4996 5437446.1002  30.5353 0.0284853 1.167460 3
4595555.4036 5437446.5786  32.4030 0.1134902 1.050657 1
4595555.4620 5437446.4349  29.2021 0.1104120 1.269825 2
4595555.4771 5437446.3976  28.3685 0.0156405 0.737916 3
4595555.4362 5437446.7427  27.1428 0.2549525 1.555222 0
4595555.3441 5437447.2117  28.7295 0.0557563 0.966648 1
4595555.4413 5437446.9793  23.3174 0.0330575 1.008622 3
4595555.2294 5437447.7322  31.6409 0.0211635 0.844972 1
4595555.2519 5437447.6791  30.3672 0.0840782 1.993854 2
4595555.2731 5437447.6293  29.1714 0.0189561 1.158165 3
4595556.4729 5437442.9921  26.9314 0.0998312 1.050290 1
4595556.3830 5437443.4632  28.3268 0.1024728 1.533539 1
4595556.4138 5437443.3819  26.7744 0.0529614 1.236685 3
4595556.3602 5437443.7576  26.3264 0.0901934 1.494981 1
4595556.4099 5437443.6276  23.7953 0.0241031 0.995576 2
4595556.2170 5437444.3647  30.4631 0.0451276 1.223612 1
4595556.3043 5437444.1392  25.9847 0.1021595 1.223510 3
4595556.1804 5437444.6956  29.1586 0.1250781 1.554343 1
4595556.2022 5437444.6400  28.0298 0.0305358 0.947321 2
4595556.1078 5437445.1185  29.7337 0.0885661 1.055823 1
4595556.1875 5437444.9178  25.5663 0.0409497 1.143155 2
4595556.6751 5437443.6902   0.1216 0.0872951 1.051108 3
4595556.0241 5437445.5683  30.8968 0.0323324 1.112288 1
4595556.0406 5437445.5272  30.0294 0.1191378 1.102610 2
4595556.0676 5437445.4600  28.6058 0.0810366 2.291014 3
4595555.9315 5437446.0383  32.5182 0.0721187 1.033208 1
4595555.9529 5437445.9860  31.3868 0.0696479 1.216736 3
4595555.8898 5437446.3834  31.4547 0.1277925 1.085663 0
4595555.8142 5437446.8104  32.1539 0.0738581 1.492339 0
4595555.7837 5437447.1307  30.4144 0.0865777 1.562469 1
4595555.8084 5437447.0728  29.0800 0.0220015 1.086995 2
4595555.8258 5437447.0319  28.1375 0.0739887 1.058781 3
4595555.6860 5437447.6086  32.3250 0.1188136 1.043645 1
4595555.7204 5437447.5293  30.4416 0.0347249 1.327623 3
4595555.6570 5437447.9276  30.5092 0.0528829 1.396994 3
4595556.0315 5437447.6205   2.3893 0.0783897 2.202424 3
4595556.8864 5437443.6829  25.7673 0.0574738 1.005946 1
4595556.9435 5437443.5381  22.9572 0.0369654 1.166729 2
4595556.7295 5437444.3194  30.4514 0.1170270 1.037073 1
4595556.6704 5437444.7071  30.3276 0.1025205 1.043580 1
4595556.6953 5437444.6455  29.0792 0.0577970 1.350034 2
4595557.2743 5437443.2110   0.0817 0.0307061 0.948375 3
4595556.6113 5437445.0956  30.2085 0.1558949 1.188963 1
4595556.6859 5437444.9132  26.4338 0.0442737 1.318643 3
4595556.5488 5437445.4929  30.2620 0.1181082 1.028617 1
4595556.5676 5437445.4474  29.2992 0.0632118 1.443622 2
4595556.6141 5437445.3353  26.9287 0.0228340 1.100650 3
4595556.5221 5437445.8044  28.4417 0.1265882 1.694433 1
4595556.5840 5437445.6571  25.2736 0.0432638 1.581379 2
4595557.0727 5437444.4933   0.1597 0.1072300 1.055180 3
4595556.3844 5437446.3790  32.3276 0.1112994 1.397150 1
4595556.4323 5437446.2665  29.8517 0.0241626 1.069817 2
4595556.4473 5437446.2312  29.0748 0.0208691 0.925569 2
4595556.5322 5437446.0320  24.6915 0.0382012 1.054730 3
4595556.3035 5437446.8165  33.2935 0.0818330 1.043921 1
4595556.9422 5437445.3385   0.0354 0.0308148 0.937646 3
4595556.2520 5437447.1861  32.7200 0.1534086 1.458247 0
4595556.1884 5437447.5840  32.7805 0.0570289 1.063581 1
4595556.2480 5437447.4502  29.6271 0.0808091 1.494229 3
4595556.6033 5437447.4815   0.1426 0.0767812 1.014835 3
4595557.2318 5437443.5327  29.2833 0.0950026 1.062090 1
4595557.1710 5437443.9253  29.2203 0.1318502 1.176827 1
4595557.7008 5437442.8555   0.1178 0.1061311 1.045783 3
4595557.6357 5437443.2774   0.0583 0.1066799 1.151345 3
4595556.8704 5437445.6339  31.8795 0.0209630 0.820354 1
4595556.9103 5437445.5388  29.8752 0.0571520 1.567052 2
4595557.5019 5437444.1298   0.0879 0.0327227 1.042124 3
4595556.7959 5437446.0575  32.5092 0.0213325 0.779599 1
4595556.8669 5437445.8906  28.9132 0.0697078 1.019715 2
4595556.8910 5437445.8341  27.6954 0.0226017 1.068223 3
4595556.7850 5437446.3323  29.9069 0.0508189 1.459486 1
4595556.8167 5437446.2590  28.2894 0.0195296 0.749564 2
4595556.8661 5437446.1445  25.7650 0.0563884 1.784281 3
4595556.7213 5437446.7317  29.9613 0.0300874 0.833489 2
4595556.8529 5437446.4312  23.1984 0.0277333 1.028452 3
4595556.5996 5437447.2617  32.9943 0.0824643 1.293444 1
4595556.6289 5437447.1957  31.4765 0.0565593 1.057912 2
4595556.6463 5437447.1565  30.5759 0.0398519 1.318326 3
4595556.6017 5437447.5126  29.6299 0.1143447 1.787184 1
4595556.6758 5437447.3487  25.7676 0.0271747 1.027946 2
4595556.6896 5437447.3181  25.0465 0.0193032 0.880531 2
4595556.7445 5437447.1965  22.1816 0.0766280 1.077034 3
4595557.0993 5437446.6898   0.1141 0.0391397 1.039656 3
4595556.9644 5437447.5441   0.1029 0.3911369 1.034012 3
4595557.6592 5437443.3628  23.8417 0.0889789 0.984941 1
4595557.7014 5437443.2568  21.8084 0.0760681 1.080980 2
4595557.4696 5437444.0784  30.0050 0.1131811 1.118588 1
4595557.4108 5437444.4664  29.8490 0.0628369 1.190946 1
4595558.0205 5437442.9723   0.0355 0.0882333 1.054168 3
4595557.3478 5437444.8645  29.9048 0.0347739 1.264234 1
4595557.4801 5437444.5445  23.3983 0.0456756 1.173354 2
4595557.9564 5437443.3919  -0.0734 0.1014259 1.035288 3
4595557.2981 5437445.2305  29.3115 0.0937144 1.159565 1
4595557.3223 5437445.1727  28.1107 0.0686734 1.201625 2
4595557.3848 5437445.0234  25.0081 0.0481998 1.787656 3
4595557.2527 5437445.5878  28.4751 0.1155849 1.045536 1
4595557.2706 5437445.5456  27.5805 0.0251774 0.983700 2
4595557.3227 5437445.4227  24.9749 0.0888306 1.589870 3
4595557.1614 5437446.0523  29.9096 0.1010851 1.043326 1
4595557.2527 5437445.8402  25.3197 0.0273727 1.146460 2
4595557.2847 5437445.7660  23.7141 0.0375766 1.435287 3
4595557.1823 5437446.2575  25.6907 0.0993117 1.252551 2
4595557.6875 5437445.1006   0.0610 0.0594608 1.000415 3
4595557.0098 5437446.9058  31.2690 0.0405650 0.991431 1
4595557.0236 5437446.8746  30.5624 0.1098315 1.095834 2
4595557.0408 5437446.8359  29.6886 0.0471494 1.019304 3
4595556.9884 5437447.2102  29.1539 0.0496766 1.089236 1
4595557.0679 5437447.0336  25.0644 0.0509500 1.380134 2
4595557.5541 5437445.9532   0.0187 0.1158111 1.126732 3
4595556.9250 5437447.6093  29.1808 0.0287948 0.988853 3
4595557.4180 5437446.8111   0.0889 0.0309578 0.897296 3
4595558.1090 5437443.2841  23.9580 0.1218262 1.094694 1
4595558.0441 5437443.6909  24.0776 0.0585675 1.015879 1
4595557.9881 5437444.0761  23.7664 0.0414177 0.980547 1
4595558.0059 5437444.0331  22.9125 0.0805791 1.214660 2
4595558.4843 5437442.8808   0.0318 0.1395496 1.087627 3
4595557.8318 5437444.7004  28.2750 0.0975686 1.078796 1
4595557.9316 5437444.4629  23.4731 0.0473812 1.549495 2
4595558.4177 5437443.3067   0.0527 0.0604548 1.114111 3
4595557.7761 5437445.0820  27.9691 0.1284524 1.100585 1
4595557.8707 5437444.8600  23.3837 0.0424302 1.161025 3
4595557.7172 5437445.4725  27.8084 0.1038740 1.100238 1
4595557.7621 5437445.3687  25.6180 0.0335945 1.268087 3
4595557.6272 5437445.9339  29.1505 0.0234515 0.989403 1
4595557.6582 5437445.8630  27.6282 0.0387063 1.131858 2
4595557.6902 5437445.7900  26.0599 0.0319918 1.152476 2
4595557.7423 5437445.6711  23.5052 0.0282200 1.008940 2
4595558.2179 5437444.5853   0.1001 0.0521615 1.164497 3
4595557.5912 5437446.2719  27.8398 0.1650697 1.089579 1
4595558.1523 5437445.0091   0.0472 0.0243046 0.813854 3
4595557.4689 5437446.8024  30.8081 0.0239538 1.092046 1
4595557.5065 5437446.7191  28.9333 0.0388105 0.989722 2
4595557.5241 5437446.6800  28.0562 0.0913582 1.105397 2
4595557.5503 5437446.6219  26.7514 0.0382054 1.276273 3
4595557.4320 5437447.1433  29.5291 0.1400638 1.133027 1
4595557.5134 5437446.9656  25.4359 0.0345242 1.471312 3
4595557.4024 5437447.4698  27.8627 0.0906543 1.584239 3
4595558.6502 5437442.7346  23.5779 0.1408449 1.025264 1
4595558.5851 5437443.1421  23.7112 0.0470734 1.070241 1
4595558.7109 5437442.8363  17.9166 0.0299046 0.985584 2
4595558.5187 5437443.5523  23.9016 0.0855173 1.346767 1
4595558.4569 5437443.9516  23.8778 0.1173709 1.169625 1
4595558.4895 5437443.8744  22.3585 0.0511651 1.106105 2
4595558.9683 5437442.7398  -0.0041 0.0840575 1.080439 3
4595558.3052 5437444.5608  28.0768 0.0753824 1.054937 1
4595558.3967 5437444.3469  23.7822 0.0829417 1.034667 2
4595558.4160 5437444.3017  22.8737 0.0348177 1.239310 3
4595558.3382 5437444.7387  23.5870 0.0449104 1.176412 3
4595558.3983 5437444.8612  17.7310 0.0375233 1.253417 2
4595558.7676 5437444.0202   0.1044 0.0521625 1.104658 3
4595558.1301 5437445.7280  27.5363 0.0797480 1.013361 1
4595558.1591 5437445.6629  26.1475 0.0059432 0.551771 3
4595558.0269 5437446.2164  29.5104 0.1134153 1.187218 1
4595558.0519 5437446.1610  28.3041 0.0202643 0.996906 3
4595557.9661 5437446.6102  29.4294 0.0903552 1.044374 1
4595557.9981 5437446.5404  27.8779 0.0639321 1.148957 2
4595558.0325 5437446.4654  26.2089 0.0332069 1.138586 3
4595557.9088 5437446.9964  29.1754 0.0600200 1.095520 1
4595557.9344 5437446.9413  27.9200 0.0393901 1.226929 3
4595557.8805 5437447.3214  27.4841 0.0545223 1.890817 3
4595558.3013 5437447.0022   0.1140 0.1653363 1.100422 3
4595558.9864 5437442.8305  23.4462 0.0647291 1.044558 1
4595558.9198 5437443.2412  23.6432 0.0961578 1.010519 1
4595558.9823 5437443.3456  17.9006 0.0385786 1.196706 1
4595558.8223 5437443.9791  22.3745 0.0416759 1.033514 1
4595558.9333 5437443.7192  17.2319 0.0303437 1.003718 2
4595559.3055 5437442.8474  -0.0022 0.2314648 1.015806 3
4595558.6991 5437444.5215  25.2073 0.0636850 1.042339 1
4595558.7287 5437444.4530  23.8232 0.0958831 1.016876 2
4595558.5854 5437445.0383  27.6195 0.1030707 1.086843 1
4595558.5206 5437445.4421  27.7496 0.0753521 1.080319 1
4595558.5724 5437445.3256  25.3036 0.0455887 1.108845 2
4595559.1046 5437444.1280   0.0986 0.0522463 1.085989 3
4595558.4239 5437445.9162  29.3904 0.0817249 1.033771 1
4595558.4445 5437445.8706  28.4134 0.0485563 1.137048 2
4595558.5041 5437445.7384  25.5786 0.0674767 1.768745 3
4595558.3607 5437446.3151  29.4503 0.1012280 1.094237 1
4595558.3933 5437446.2439  27.8898 0.0283029 0.983584 3
4595558.2957 5437446.7173  29.5831 0.0946505 1.180009 1
4595558.3634 5437446.5715  26.3276 0.0425854 1.140073 2
4595558.9070 5437445.4008   0.0711 0.0293420 0.878179 3
4595558.2446 5437447.0905  29.0192 0.0786199 1.820954 1
4595558.8411 5437445.8260   0.0439 0.2537651 1.027256 3
4595558.2657 5437447.3136  24.9260 0.0197988 1.081154 3
4595558.6947 5437446.7048   0.6858 0.0349489 1.357857 2
4595558.7096 5437446.6740  -0.0522 0.0303152 1.086209 3
4595558.6277 5437447.1312   0.6654 0.1141530 1.297375 2
4595558.6399 5437447.1066   0.0613 0.1312923 1.163276 3
4595559.3809 5437443.2530  18.2033 0.0315868 1.044794 1
4595559.1967 5437443.9405  23.7180 0.1246285 1.384813 0
4595559.1012 5437444.4181  25.2443 0.0381406 0.948442 1
4595559.1278 5437444.3571  24.0215 0.0930461 1.371757 3
4595559.0395 5437444.8169  25.2415 0.0781465 1.210098 1
4595559.0565 5437444.7784  24.4529 0.0166343 0.804483 2
4595559.5826 5437443.5892   0.0994 0.1396922 1.027661 3
4595558.8867 5437445.4181  29.4803 0.0449214 1.085163 1
4595558.9663 5437445.2408  25.7767 0.0461812 1.120482 2
4595558.9806 5437445.2088  25.1078 0.0239368 1.138555 2
4595559.5167 5437444.0136   0.1066 0.0402971 1.024794 3
4595558.8317 5437445.7994  29.1777 0.1655389 1.134519 1
4595558.9076 5437445.6326  25.6261 0.0747686 1.574037 3
4595558.7685 5437446.1987  29.2494 0.1668888 1.342342 0
4595558.7241 5437446.5584  28.4177 0.1018418 1.255528 1
4595558.7935 5437446.4104  25.1306 0.0555493 1.161209 2
4595559.3196 5437445.2877   0.1064 0.0573873 1.128416 3
4595558.6419 5437446.9982  29.3505 0.1294992 1.073156 1
4595558.6620 5437446.9559  28.3907 0.0234805 1.043712 3
4595559.1235 5437446.5593  -0.0005 0.0452608 1.368904 3
4595559.0404 5437447.0194   0.7637 0.0683825 1.018425 2
4595559.0579 5437446.9845  -0.0894 0.1176078 1.073083 3
4595559.7037 5437443.3128  28.4077 0.0967921 1.104644 1
4595559.5959 5437444.0704  27.7520 0.0687990 0.997751 1
4595559.7064 5437443.8189  22.8299 0.0552850 1.070198 3
4595559.7305 5437444.0267  18.9693 0.0630284 1.087915 1
4595559.5190 5437444.7613  25.6978 0.0647973 1.154884 1
4595559.4639 5437445.1448  25.4255 0.1048799 1.384447 1
4595559.3990 5437445.5506  25.5768 0.0862944 1.168725 1
4595559.9524 5437444.3591   0.1952 0.2895034 1.038056 3
4595559.3412 5437445.9411  25.3887 0.1217516 1.861093 1
4595559.8855 5437444.7860   0.2655 0.0837042 1.080567 3
4595559.2857 5437446.3267  25.0830 0.0977999 1.077785 1
4595559.8206 5437445.2088   0.2492 0.1723904 1.089890 3
4595559.3194 5437446.5295  20.6166 0.0273392 0.903963 1
4595559.7572 5437445.6284   0.1533 0.3072954 1.045181 3
4595559.2388 5437446.9697  21.3901 0.0692719 1.032691 2
4595559.6889 5437446.0584   0.2755 0.1224836 1.437548 3
4595559.6261 5437446.4771   0.1343 0.1142115 1.148250 3
4595559.9932 5437443.8232  27.4659 0.0638401 1.045918 1
4595559.9525 5437444.4342  23.8390 0.0897124 1.047063 1
4595559.8499 5437444.9228  25.6767 0.0737503 1.146951 1
4595559.7900 5437445.3173  25.6193 0.0861407 1.172960 1
4595559.6768 5437446.0922  25.1658 0.1265237 1.454791 1
4595559.6546 5437446.6852  20.4306 0.1256583 1.038389 1
4595559.7637 5437446.2807   0.4731 0.0980116 1.267099 3
4595559.7720 5437445.8247   0.3549 0.0554979 1.490747 3
4595559.7755 5437445.3861   0.1464 0.1413230 1.018141 3
4595559.7939 5437444.8958   0.1770 0.4228920 1.088110 0
4595559.8101 5437444.4137   0.1729 0.5434778 1.068093 0
4595559.8205 5437443.9517   0.0825 0.7651073 1.073487 0
4595559.4136 5437446.6682   0.0438 0.2710066 1.135955 0
4595559.7596 5437445.0383   5.7704 0.0727510 1.473433 3
4595559.6981 5437444.8304   4.4330 0.0415367 1.260262 2
4595559.4495 5437445.6900   0.1692 0.0365221 1.057145 3
4595559.4654 5437445.2099   0.1639 0.1414133 1.022539 3
4595559.4814 5437444.7286   0.1472 0.5372499 1.045663 0
4595559.4973 5437444.2479   0.1494 0.5219470 1.108328 0
4595559.5935 5437443.4955   1.5618 0.0448326 1.166739 1
4595559.5113 5437443.7739   0.1383 0.4164869 1.065198 3
4595559.1209 5437446.9904   0.8653 0.0578377 0.906222 2
4595559.0851 5437446.6890   0.0206 0.2564887 1.082100 3
4595559.1516 5437446.0298   0.9553 0.0696937 1.093004 1
4595559.1015 5437446.2044   0.0766 0.1007909 1.047416 3
4595559.1175 5437445.7213   0.1032 0.2439904 1.019339 3
4595559.1328 5437445.2417   0.1062 0.5094318 1.067103 0
4595559.1489 5437444.7582   0.1102 0.4417857 1.045165 0
4595559.3726 5437443.5679   3.7472 0.0323837 0.879761 1
4595559.1642 5437444.2792   0.1102 0.4851845 1.052722 3
4595559.1915 5437443.7582   0.3314 0.2985335 1.426082 0
4595559.1944 5437443.3216   0.1285 0.3834531 1.209763 0
4595559.2032 5437442.8642   0.0288 0.5626922 1.076530 3
4595559.8632 5437445.9313  24.9860 0.0691921 1.093510 1
4595559.9136 5437445.3450  25.5972 0.0731335 1.014843 1
4595559.8804 5437443.8521  24.0044 0.0469603 1.109529 2
4595559.6369 5437443.4912  19.1085 0.0252489 0.962355 1
4595559.5691 5437443.7285  17.9478 0.0544443 1.149594 2
4595558.5924 5437447.1488   0.9914 0.0626113 0.922123 2
4595558.5519 5437446.8629   0.0689 0.2129884 1.086310 0
4595558.5659 5437446.3867   0.1081 0.2942264 1.167037 0
4595558.5773 5437445.9183   0.0663 0.6369882 1.060257 0
4595558.5885 5437445.4514   0.0217 0.5107842 1.069034 0
4595558.6033 5437444.9726   0.0352 0.3746212 1.066038 0
4595558.6200 5437444.4874   0.0798 0.5264837 1.062381 0
4595558.6479 5437443.5363   0.0525 0.4969147 1.071430 0
4595558.6619 5437443.0610   0.0330 0.4772670 1.119930 0
4595559.3797 5437446.5071  25.1579 0.0621684 1.054744 1
4595559.4142 5437445.9799  25.5125 0.1097692 1.734064 1
4595559.1504 5437446.9379  20.9182 0.0284794 0.842056 3
4595559.4416 5437445.4781  25.7400 0.1521917 1.145412 1
4595559.4552 5437445.0275  25.7007 0.0788523 1.135408 1
4595559.5890 5437444.1465  27.7122 0.0893076 1.050501 1
4595559.4447 5437444.6631  25.2560 0.0556603 1.089177 2
4595559.6330 5437443.5899  28.2236 0.0724666 1.231842 1
4595559.0561 5437445.2356  18.1381 0.0638744 1.283038 1
4595559.5801 5437442.9775  26.8632 0.0849662 1.138043 1
4595559.3645 5437443.7380  23.1617 0.0568476 1.193447 2
4595558.0760 5437447.0028   0.1393 0.3587722 1.084576 0
4595558.5217 5437445.0342   7.7098 0.0531272 1.204630 1
4595558.0856 5437446.5425   0.1050 0.3257574 1.082999 3
4595558.1049 5437446.0478   0.2184 0.2112460 1.055769 0
4595558.1094 5437445.6050   0.0692 0.5770595 1.056917 0
4595558.1251 5437445.1236   0.1035 0.5178897 1.072091 0
4595558.1396 5437444.6467   0.1130 0.7385425 1.071583 0
4595558.1525 5437444.1752   0.0868 0.6153708 1.060983 0
4595558.1620 5437443.7162  -0.0035 0.5986226 1.065496 0
4595558.1803 5437443.2264   0.0506 0.6390136 1.079336 0
4595558.1952 5437442.7496   0.0434 0.4640679 1.125756 0
4595559.0059 5437447.0581  25.1701 0.0692186 1.069310 1
4595559.0170 5437446.6138  25.1787 0.1408433 1.116459 1
4595559.0693 5437445.6174  25.6288 0.1696742 1.375204 0
4595559.0676 5437445.2207  25.3542 0.1172484 1.365081 1
4595559.0844 5437444.7578  25.3922 0.0751775 0.934358 1
4595559.3004 5437443.5832  28.8480 0.0520264 1.115657 1
4595559.2652 5437443.7089  28.2438 0.0205987 1.020803 2
4595559.1005 5437444.2967  25.4219 0.0266125 1.050248 2
4595559.0207 5437444.1775  23.8208 0.1976778 1.323845 1
4595558.6873 5437445.3616  18.1039 0.0337213 1.234247 3
4595559.0357 5437443.3144  23.6030 0.0738452 1.054548 1
4595559.0271 5437442.9401  23.2171 0.0638175 1.178428 1
4595557.7093 5437447.1231   0.1111 0.5248445 1.077225 0
4595557.7219 5437446.6516   0.1273 0.3772657 1.099051 0
4595557.7311 5437446.1904   0.0804 0.4996793 1.052702 0
4595557.7442 5437445.7171   0.0976 0.4009827 1.062103 0
4595557.7583 5437445.2402   0.1158 0.5669193 1.097686 0
4595557.7738 5437444.7588   0.1442 0.5297882 1.094718 0
4595557.7848 5437444.2938   0.0891 0.5398502 1.045057 0
4595557.7971 5437443.8229   0.0535 0.5218552 1.097655 0
4595557.8145 5437443.3366   0.1000 0.4440142 1.166540 0
4595557.8299 5437442.8566   0.1046 0.6464756 1.087473 0
4595558.6620 5437447.2335  29.3043 0.1405038 1.461585 1
4595558.6682 5437446.8107  29.2319 0.0856156 1.040678 1
4595558.6852 5437446.3487  29.3328 0.1164588 1.320756 1
4595558.6865 5437445.9437  29.1353 0.1622217 1.800625 0
4595558.7212 5437445.4185  29.5078 0.1160704 1.125023 1
4595558.4673 5437446.3367  25.1548 0.0525372 1.198654 2
4595558.6277 5437445.3544  27.6858 0.0695034 1.332796 1
4595558.5063 5437445.7915  25.6041 0.0953012 1.812461 3
4595558.6471 5437444.8832  27.7918 0.1528740 1.101773 1
4595558.4195 5437445.2929  23.6763 0.0727780 1.413686 1
4595558.0803 5437446.5018  17.8279 0.0660933 1.165261 2
4595558.4297 5437444.8509  23.6299 0.0903742 1.050763 1
4595558.4527 5437444.3638  23.7988 0.1122593 1.103102 1
4595558.4014 5437444.5449  22.9232 0.0803956 1.132697 2
4595558.2934 5437444.9260  21.0698 0.0299740 1.150952 3
4595558.4697 5437443.8991  23.8520 0.0620219 1.086504 1
4595558.3008 5437444.4922  20.9738 0.0556404 1.054270 2
4595558.1198 5437445.1283  17.8655 0.0425263 1.097230 3
4595558.1266 5437444.6920  17.7567 0.0636920 1.146831 1
4595558.4956 5437442.9964  23.8105 0.0798739 0.972043 1
4595557.4776 5437446.1151   6.0997 0.0266805 0.842806 1
4595557.1348 5437447.3017   0.1124 0.4953483 1.082640 3
4595557.1415 5437446.8483   0.0375 0.6977326 1.049994 0
4595557.1616 5437445.9203  -0.0132 0.6016203 1.052182 0
4595557.1754 5437445.4445   0.0170 0.5215285 1.097192 0
4595557.1975 5437444.9402   0.1494 0.5105777 1.104141 0
4595557.2215 5437443.9997   0.0762 0.7190102 1.046039 0
4595557.2368 5437443.5192   0.0981 0.6143408 1.037385 0
4595557.2983 5437442.8861   0.9001 0.0182703 0.716896 1
4595557.2500 5437443.0457   0.0716 0.4239238 1.080051 3
4595558.0356 5437447.1584  29.1009 0.1174337 1.225747 1
4595558.0705 5437446.6320  29.5177 0.1035090 1.066800 0
4595558.0788 5437446.2026  29.4610 0.0446526 1.067174 1
4595557.9865 5437446.5360  27.8779 0.0400917 1.153237 2
4595557.9022 5437446.8399  26.4224 0.0247476 1.069933 3
4595557.8994 5437446.4481  26.1840 0.0665854 1.211616 1
4595557.8177 5437446.7416  24.7732 0.0615580 1.145117 2
4595558.0015 5437445.6804  27.7309 0.1078996 1.050653 1
4595557.9093 5437446.0100  26.1525 0.0455732 1.153706 3
4595558.0213 5437445.2079  27.8526 0.0826850 1.081434 1
4595557.8796 5437445.3091  25.2311 0.0805434 1.277648 1
4595557.6821 5437446.0082  21.8506 0.0400848 1.069656 3
4595557.7862 5437445.2341  23.4262 0.0306348 1.018483 1
4595556.4990 5437447.6283   0.2404 0.5746664 1.061386 0
4595556.5032 5437447.1853   0.1288 0.5915688 1.059220 0
4595556.5111 5437446.7293   0.0924 0.6309887 1.071238 0
4595556.5207 5437446.2681   0.0636 0.7323882 1.096720 0
4595556.5315 5437445.8021   0.0296 0.6936271 1.043359 0
4595556.5499 5437445.3108   0.1094 0.5282644 1.061875 0
4595556.5740 5437444.8019   0.2524 0.6536861 1.060967 0
