Seg Int Puls MidToFirst

0921 0.054649 1.174038 0.388889
0922 0.060919 1.171205 0.541562
0925 0.076145 1.191499 0.391753
0928 0.073481 1.143298 0.226027
0931 0.066772 1.131775 0.619512
0932 0.088709 1.129309 0.320442
0933 0.069200 1.123219 0.343066
0934 0.088392 1.174675 0.481982
0935 0.094541 1.124261 0.227545
0936 0.074918 1.144011 0.486631
0937 0.074328 1.149934 0.293065
0938 0.105062 1.117890 0.321637
0940 0.058737 1.132779 0.266949
0941 0.051761 1.183950 0.293103
0947 0.064519 1.127196 0.376471
0963 0.091528 1.157759 0.389163
0974 0.086885 1.130573 0.256757
0976 0.064507 1.186701 0.323636
0979 0.082128 1.158040 0.328897
0981 0.061216 1.157479 0.435606
0982 0.106621 1.133109 0.301848
0989 0.078557 1.187278 0.436275
0995 0.066161 1.190930 0.298283
0998 0.089609 1.172962 0.421687
0999 0.103741 1.185321 0.350282
